0.8704
0.86656
0.85031
0.84703
0.83433
0.84485
0.88898
0.9228
0.95855
0.95476
0.96317
0.9688
0.9502
0.94122
0.92692
0.93253
0.92586
0.93045
0.91952
0.90508
0.90807
0.89628
0.88645
0.87004
0.85777
0.85052
0.84518
0.8436
0.84247
0.84332
0.85731
0.8699
0.88992
0.8997
0.8847
0.87447
0.87318
0.88765
0.86777
0.86881
0.87121
0.88468
0.89127
0.87625
0.8784
0.85055
0.8423
0.83877
0.83242
0.82223
0.81439
0.8038
0.80008
0.82893
0.91281
0.98426
1.0162
1.0339
1.0514
1.0567
1.0191
0.66308
0.66278
0.6633
0.86087
0.98901
0.95913
0.93511
0.92193
0.89771
0.87548
0.85491
0.85095
0.8454
0.84504
0.83915
0.82659
0.84738
0.93417
0.9994
1.036
1.0491
1.0415
1.0168
1.0748
1.0648
1.072
1.0499
1.0487
1.0404
0.99655
0.9725
0.93933
0.89544
0.88561
0.85842
0.84587
0.84526
0.83693
0.83586
0.81822
0.84297
0.91705
0.98714
1.0288
1.0505
1.0607
1.0691
1.0737
1.0463
1.08
1.2587
1.1207
0.99341
0.95584
0.92556
0.91592
0.8978
0.88545
0.87063
0.85926
0.84862
0.84154
0.835
0.83811
0.8611
0.94029
1.0168
1.0516
1.0725
1.0652
1.12
1.0874
1.0851
1.0823
1.1018
1.0995
1.0834
1.0522
1.0379
1.0409
1.0275
0.96779
0.98342
0.88313
0.86108
0.8424
0.82152
0.81363
0.8386
0.92206
0.99975
1.0354
1.0509
1.0536
1.0808
1.0723
1.0881
1.0537
1.004
1.0026
1.0075
0.95223
0.92613
0.88887
0.86345
0.85379
0.83345
0.81948
0.80883
0.8015
0.79836
0.79357
0.80459
0.84029
0.88669
0.91006
0.91619
0.96424
0.97172
0.9218
0.91493
0.90251
0.88758
0.92025
0.90664
0.90806
0.90124
0.88901
0.86756
0.85018
0.83193
0.82652
0.81637
0.80816
0.80831
0.79989
0.79947
0.81064
0.81417
0.83
0.85025
0.84768
0.86371
0.87078
0.87621
0.87601
0.88305
0.88273
0.86718
0.86392
0.8596
0.85792
0.84382
0.8252
0.81552
0.81055
0.79524
0.81079
0.79324
0.82236
0.84628
0.91439
0.97923
1.0048
1.0334
1.2411
0.80984
1.0649
1.0456
1.0546
0.66262
0.9673
0.99341
0.98001
0.91937
0.9038
0.88201
0.87096
0.83951
0.83144
0.82318
0.82423
0.81465
0.81763
0.84763
0.92267
1.0101
1.0328
1.0925
1.0558
1.0888
1.0923
1.0838
1.0813
1.0731
1.0984
1.0917
1.0118
1.0118
0.94092
0.91857
0.92389
0.90615
0.88912
0.88176
0.87466
0.86997
0.87357
0.90428
0.99222
1.0383
1.1032
1.1209
1.141
1.1436
1.1651
1.1504
1.1558
1.1682
1.1284
1.1073
1.0491
1.0436
0.99914
0.99315
0.92762
0.95617
0.91394
0.9119
0.94663
0.89969
0.9018
0.97528
1.0156
1.1402
1.1364
1.2429
1.21
1.2937
1.2806
1.2331
1.2905
1.2948
1.2345
1.2333
1.191
1.145
1.1064
1.1214
1.0389
1.076
1.0072
1.0269
0.98867
1.0086
0.99517
1.031
1.1093
1.1858
1.2433
1.284
1.3106
1.3514
1.3521
1.3226
1.369
1.3459
1.3137
1.2786
1.2348
1.2051
1.2073
1.1709
1.1159
1.1458
0.99052
0.99095
0.97995
0.97754
0.96648
0.97509
1.0173
1.0663
1.1443
1.1281
1.1803
1.173
1.1831
1.1621
1.1585
1.1867
1.1215
1.1767
1.1906
1.1497
1.152
1.1207
1.1002
1.1006
1.1035
1.062
1.0378
0.99527
0.97413
0.96796
0.98814
1.0283
1.1644
1.1738
1.1827
1.1984
1.2123
1.2089
1.2401
1.2459
1.2362
1.2579
1.2073
1.1955
1.1603
1.1625
1.1384
1.1438
1.1493
1.1222
1.1194
1.0658
1.0604
1.074
1.1321
1.2785
1.3174
1.3775
1.394
1.4424
1.4517
1.4403
1.433
1.3963
1.4091
1.3899
1.3403
1.2958
1.244
1.1404
1.1
1.0574
1.0229
1.0571
1.0456
0.99576
0.97531
1.0492
1.1887
1.2288
1.2716
1.3395
1.3592
1.3833
1.3696
1.3349
1.3881
1.396
1.3648
1.2525
1.1881
1.1587
1.1276
1.1046
1.0748
1.0954
1.0376
1.1052
1.5319
1.5379
1.5298
1.5574
1.6707
1.7232
1.8037
1.8659
1.8793
1.8647
1.8256
1.7583
1.5758
1.225
1.6672
1.6546
1.5849
1.5237
1.4971
1.4891
1.5167
1.4526
