small_1,small_de_2,all_3,all_de_4,small_5,small_de_6,all_7,all_de_8,small_9,small_de_10,all_11,all_de_12,small_13,small_de_14,all_15,all_de_16,small_17,small_de_18,all_19,all_de_20,small_21,small_de_22,all_23,all_de_24,small_25,small_de_26,all_27,all_de_28,original
1.04670226573944,1.18375515937805,0.852476358413696,1.10256242752075,0.972828924655914,0.959350168704987,0.928679168224335,0.943542838096619,0.965184688568115,0.969600200653076,0.935299098491669,0.965894818305969,0.963421821594238,0.966651737689972,0.937552392482758,0.928340375423431,0.971718609333038,0.96601390838623,0.938696026802063,0.966014087200165,0.964107155799866,0.966013610363007,0.948370456695557,0.966013550758362,0.969627857208252,0.959356367588043,0.922953605651855,0.943150043487549,0.91111
1.10755920410156,1.16882824897766,0.976776838302612,1.09419178962708,0.985960483551025,0.975532412528992,0.938418507575989,0.954047441482544,0.977437973022461,0.978491067886353,0.943734884262085,0.974722504615784,0.974153339862823,0.975487649440765,0.949738442897797,0.946518898010254,0.984979569911957,0.974828541278839,0.951891243457794,0.974828660488129,0.977203845977783,0.974828243255615,0.958998560905457,0.974828064441681,0.982082605361938,0.975539267063141,0.931709051132202,0.953456938266754,0.92547
1.12772750854492,1.15215265750885,1.03434324264526,1.07914173603058,0.989546000957489,0.979783356189728,0.950505375862122,0.965119659900665,0.981582880020142,0.983962714672089,0.954309582710266,0.980286180973053,0.978363811969757,0.98096489906311,0.959937155246735,0.964136719703674,0.988632917404175,0.980307102203369,0.965402483940125,0.980306923389435,0.980909109115601,0.980306804180145,0.974255621433258,0.980306684970856,0.986158788204193,0.97979062795639,0.940493941307068,0.964532792568207,0.92729
1.13103413581848,1.14154052734375,1.05961740016937,1.0696302652359,1.00066936016083,0.993521153926849,0.964303314685822,0.977539420127869,0.990606069564819,0.992684960365295,0.96629810333252,0.988981902599335,0.985471129417419,0.989659547805786,0.972139716148376,0.976865351200104,0.999718904495239,0.988992810249329,0.977200865745544,0.988992631435394,0.990810811519623,0.98899257183075,0.984973192214966,0.988992393016815,0.996037304401398,0.993526697158813,0.954111456871033,0.976896166801453,0.9313
1.12896752357483,1.12617826461792,1.07106828689575,1.05505609512329,1.01548969745636,1.00083875656128,0.977271974086761,0.985676646232605,1.00508046150208,0.994036674499512,0.978294849395752,0.990317642688751,0.998813569545746,0.990985751152039,0.983943700790405,0.983814418315887,1.0146541595459,0.990311741828918,0.990589916706085,0.990311503410339,1.00532054901123,0.990311443805695,0.997662961483002,0.990311324596405,1.01080751419067,1.00083994865417,0.965482532978058,0.985004842281342,0.95042
1.12767612934113,1.13150358200073,1.0775671005249,1.06038677692413,1.03521478176117,1.03183555603027,0.992727696895599,1.01171791553497,1.02351093292236,1.01233041286469,0.994198679924011,1.00850021839142,1.01516485214233,1.00918972492218,0.999665141105652,1.00892019271851,1.03457713127136,1.00847601890564,1.00915026664734,1.00847589969635,1.02559852600098,1.00847578048706,1.0113787651062,1.00847554206848,1.02920722961426,1.03183734416962,0.980921685695648,1.01086843013763,0.98054
1.11508369445801,1.13485848903656,1.07664442062378,1.06412971019745,1.02822482585907,1.04523992538452,0.999150037765503,1.02580332756042,1.01747453212738,1.02752804756165,1.00298547744751,1.02368867397308,1.0100884437561,1.02437436580658,1.00734555721283,1.02834522724152,1.02767205238342,1.02365601062775,1.02073621749878,1.02365589141846,1.02051866054535,1.02365577220917,1.0181223154068,1.02365565299988,1.02207911014557,1.04524779319763,0.989642977714539,1.02480924129486,1.0017
1.10180270671844,1.12716794013977,1.07027411460876,1.0559196472168,1.02949643135071,1.04777204990387,0.999588310718536,1.02485132217407,1.01663029193878,1.03077960014343,1.00634109973907,1.02699768543243,1.00852560997009,1.0276665687561,1.01031243801117,1.0346440076828,1.02865135669708,1.02696180343628,1.02681350708008,1.0269615650177,1.01966893672943,1.02696144580841,1.0218563079834,1.02696132659912,1.02240586280823,1.0477728843689,0.990291476249695,1.02364826202393,1.0144
1.08589088916779,1.10880362987518,1.05638670921326,1.03667986392975,1.02814376354218,1.03626310825348,0.99179595708847,1.01689195632935,1.01704955101013,1.02317559719086,0.998422145843506,1.0194034576416,1.01012313365936,1.02005910873413,1.00477266311646,1.02796602249146,1.02744698524475,1.0193464756012,1.02258110046387,1.01934611797333,1.02017092704773,1.01934611797333,1.01867711544037,1.01934599876404,1.02173614501953,1.03627169132233,0.980655431747437,1.01618134975433,1.0532
1.06622719764709,1.07767415046692,1.03654515743256,1.00591051578522,1.02013468742371,1.01116597652435,0.977966785430908,0.997114479541779,1.01311373710632,1.00271236896515,0.985771179199219,0.998959064483643,1.00896394252777,0.999614059925079,0.991803646087646,1.00549364089966,1.01970291137695,0.998900353908539,1.01044511795044,0.998899936676025,1.0152633190155,0.998900055885315,1.00873327255249,0.998899877071381,1.01588153839111,1.01117765903473,0.965804934501648,0.99735426902771,1.0572
1.0466023683548,1.04933786392212,1.01229870319366,0.977749049663544,1.01337766647339,0.993002772331238,0.962126970291138,0.972625970840454,1.00727391242981,0.984070599079132,0.968580365180969,0.980283975601196,1.00414061546326,0.980959475040436,0.975252985954285,0.981478571891785,1.01294827461243,0.980239272117615,0.992054462432861,0.980238914489746,1.00929737091064,0.980238974094391,0.992884039878845,0.980238795280457,1.00951480865479,0.993016600608826,0.949273943901062,0.972722828388214,1.0421
1.02546226978302,1.02255177497864,0.987418055534363,0.950701832771301,1.00037097930908,0.971861481666565,0.943110406398773,0.948146879673004,0.996418476104736,0.966602385044098,0.948968172073364,0.962850570678711,0.995348811149597,0.963522553443909,0.955872118473053,0.959533751010895,0.999975204467773,0.96280825138092,0.971846520900726,0.962807774543762,0.997726440429688,0.962807893753052,0.976063847541809,0.962807714939117,0.997676908969879,0.971874237060547,0.929344236850739,0.947695553302765,1.0215
1.00503373146057,1.00348961353302,0.963783264160156,0.931291222572327,0.98610121011734,0.961993813514709,0.923968434333801,0.931330740451813,0.98511815071106,0.956161320209503,0.929999053478241,0.952364563941956,0.986343502998352,0.953062653541565,0.936714053153992,0.943389058113098,0.985914647579193,0.952328622341156,0.952091217041016,0.952328205108643,0.986602902412415,0.952328264713287,0.957507133483887,0.952328085899353,0.984491646289825,0.962010681629181,0.910291075706482,0.930960178375244,1.0039
0.984167695045471,0.987801253795624,0.943118512630463,0.915359616279602,0.968396842479706,0.94970965385437,0.907481670379639,0.918605804443359,0.970374941825867,0.948682904243469,0.914281606674194,0.944921970367432,0.97427499294281,0.945619761943817,0.920944929122925,0.932436227798462,0.968290507793427,0.944895386695862,0.934979975223541,0.944894969463348,0.970959663391113,0.944895029067993,0.943423449993134,0.944894850254059,0.968372344970703,0.949726045131683,0.893896043300629,0.918136358261108,0.9931
0.964809894561768,0.974653959274292,0.927203297615051,0.902843236923218,0.951586961746216,0.942573368549347,0.903998374938965,0.917237102985382,0.95462828874588,0.943290650844574,0.908027350902557,0.939520657062531,0.960021793842316,0.940226256847382,0.914802193641663,0.928287029266357,0.951461672782898,0.939497172832489,0.923503398895264,0.93949681520462,0.955438137054443,0.93949681520462,0.933425009250641,0.939496636390686,0.951786398887634,0.942593395709991,0.892045736312866,0.916518151760101,0.97143
0.941454887390137,0.95952582359314,0.910797417163849,0.88813990354538,0.921504974365234,0.932547628879547,0.889702975749969,0.912356615066528,0.926451206207275,0.935192584991455,0.889430344104767,0.931421339511871,0.934449195861816,0.932124376296997,0.896787285804749,0.920329928398132,0.921352684497833,0.931391477584839,0.901946127414703,0.93139111995697,0.927576065063477,0.93139111995697,0.916810035705566,0.931390941143036,0.922159135341644,0.932571589946747,0.875918447971344,0.91152012348175,0.96889
0.926842987537384,0.944629967212677,0.899323344230652,0.875052690505981,0.909980893135071,0.917425513267517,0.87528669834137,0.903181672096252,0.915622591972351,0.927067279815674,0.875511169433594,0.923307001590729,0.924631476402283,0.924001038074493,0.88201516866684,0.90983772277832,0.90978729724884,0.923284292221069,0.885864853858948,0.923283994197845,0.916504085063934,0.923283994197845,0.901593089103699,0.923283815383911,0.910976886749268,0.917459070682526,0.861331760883331,0.902276754379272,0.95259
0.914920508861542,0.930891394615173,0.891825258731842,0.863480925559998,0.900944232940674,0.901333570480347,0.858410060405731,0.884809255599976,0.907135009765625,0.920163571834564,0.861614525318146,0.916487634181976,0.916995942592621,0.91715544462204,0.869125127792358,0.897029638290405,0.900676131248474,0.91646283864975,0.874110519886017,0.916462540626526,0.907286822795868,0.916462540626526,0.888094067573547,0.916462361812592,0.902478277683258,0.901368737220764,0.846824705600739,0.883636295795441,0.9475
0.910979986190796,0.923227667808533,0.888659715652466,0.857997238636017,0.907582819461823,0.904377102851868,0.841671943664551,0.866906642913818,0.912576913833618,0.918131113052368,0.854315102100372,0.914406836032867,0.921080589294434,0.91508549451828,0.858682513237,0.886498153209686,0.907361745834351,0.914381384849548,0.869703412055969,0.91438102722168,0.913592576980591,0.914381146430969,0.87853991985321,0.914380967617035,0.908253610134125,0.904412448406219,0.834362983703613,0.865643441677094,0.94293
0.908785760402679,0.919811487197876,0.887726187705994,0.855693995952606,0.911684989929199,0.898899495601654,0.832196116447449,0.853936433792114,0.913091540336609,0.919480800628662,0.850721597671509,0.915894687175751,0.92000949382782,0.916540443897247,0.854105830192566,0.878614485263824,0.910889029502869,0.915889978408813,0.86877316236496,0.9158895611763,0.911746144294739,0.91588968038559,0.875476121902466,0.9158895611763,0.911998987197876,0.898921132087708,0.827434301376343,0.85197913646698,0.91845
0.905653238296509,0.919850528240204,0.889811277389526,0.85786372423172,0.908139646053314,0.885888814926147,0.832683265209198,0.850265085697174,0.907867729663849,0.925626158714294,0.853208839893341,0.922237634658813,0.914664268493652,0.922848641872406,0.857087910175323,0.874067723751068,0.906900525093079,0.922267079353333,0.872871518135071,0.922266662120819,0.90422910451889,0.922266781330109,0.878166139125824,0.922266662120819,0.908819079399109,0.885904133319855,0.829126596450806,0.847828149795532,0.91231
0.902813673019409,0.921664893627167,0.894052624702454,0.864552021026611,0.906026244163513,0.878771245479584,0.846234679222107,0.860046446323395,0.905551314353943,0.934462785720825,0.866520762443542,0.931227743625641,0.912696778774261,0.931809604167938,0.867514073848724,0.873296499252319,0.904584407806396,0.931279242038727,0.881288170814514,0.931278765201569,0.900186657905579,0.931278944015503,0.886704206466675,0.931278824806213,0.907446384429932,0.878783702850342,0.844436764717102,0.858365476131439,0.91258
0.906479179859161,0.926485240459442,0.899410724639893,0.877777218818665,0.920085906982422,0.897501945495605,0.868836402893066,0.882601201534271,0.918492197990417,0.945303320884705,0.885620713233948,0.941949069499969,0.9239741563797,0.94259387254715,0.884890794754028,0.878737270832062,0.918741583824158,0.942041754722595,0.892503082752228,0.942041516304016,0.913833200931549,0.942041456699371,0.896492600440979,0.942041337490082,0.920799255371094,0.897514343261719,0.869670987129211,0.882250487804413,0.91436
0.909305572509766,0.930023372173309,0.904586911201477,0.89100193977356,0.925539255142212,0.903300523757935,0.88500189781189,0.892762541770935,0.923569917678833,0.953808128833771,0.899900674819946,0.950427532196045,0.928556084632874,0.951115131378174,0.898314833641052,0.883498251438141,0.92417323589325,0.950568497180939,0.901695728302002,0.950568497180939,0.918441295623779,0.950568199157715,0.904251337051392,0.95056813955307,0.926368951797485,0.903313875198364,0.888720154762268,0.892405569553375,0.91667
