original,trained_s_1,trained_s_2,trained_s_3,trained_b_1,trained_b_2,trained_b_3
0.65952,0.65952,0.65952,0.65952,0.65952,0.65952,0.65952
0.65147,0.65147,0.65147,0.65147,0.65147,0.65147,0.65147
0.64075,0.64075,0.64075,0.64075,0.64075,0.64075,0.64075
0.62198,0.62198,0.62198,0.62198,0.62198,0.62198,0.62198
0.6193,0.6193,0.6193,0.6193,0.6193,0.6193,0.6193
0.67024,0.67024,0.67024,0.67024,0.67024,0.67024,0.67024
0.73995,0.73995,0.73995,0.73995,0.73995,0.73995,0.73995
0.79357,0.79357,0.79357,0.79357,0.79357,0.79357,0.79357
0.83646,0.83646,0.83646,0.83646,0.83646,0.83646,0.83646
0.86059,0.86059,0.86059,0.86059,0.86059,0.86059,0.86059
0.87936,0.87936,0.87936,0.87936,0.87936,0.87936,0.87936
0.89544,0.89544,0.89544,0.89544,0.89544,0.89544,0.89544
0.90617,0.90617,0.90617,0.90617,0.90617,0.90617,0.90617
0.92761,0.92761,0.92761,0.92761,0.92761,0.92761,0.92761
0.93029,0.93029,0.93029,0.93029,0.93029,0.93029,0.93029
0.93029,0.93029,0.93029,0.93029,0.93029,0.93029,0.93029
0.92225,0.92225,0.92225,0.92225,0.92225,0.92225,0.92225
0.90885,0.90885,0.90885,0.90885,0.90885,0.90885,0.90885
0.89544,0.89544,0.89544,0.89544,0.89544,0.89544,0.89544
0.84718,0.84718,0.84718,0.84718,0.84718,0.84718,0.84718
0.79088,0.79088,0.79088,0.79088,0.79088,0.79088,0.79088
0.76408,0.76408,0.76408,0.76408,0.76408,0.76408,0.76408
0.73727,0.73727,0.73727,0.73727,0.73727,0.73727,0.73727
0.71046,0.71046,0.71046,0.71046,0.71046,0.71046,0.71046
0.69973,0.69973,0.69973,0.69973,0.69973,0.69973,0.69973
0.69169,0.69169,0.69169,0.69169,0.69169,0.69169,0.69169
0.68097,0.68097,0.68097,0.68097,0.68097,0.68097,0.68097
0.66756,0.66756,0.66756,0.66756,0.66756,0.66756,0.66756
0.67024,0.67024,0.67024,0.67024,0.67024,0.67024,0.67024
0.69973,0.69973,0.69973,0.69973,0.69973,0.69973,0.69973
0.75871,0.75871,0.75871,0.75871,0.75871,0.75871,0.75871
0.80965,0.80965,0.80965,0.80965,0.80965,0.80965,0.80965
0.85791,0.85791,0.85791,0.85791,0.85791,0.85791,0.85791
0.89276,0.89276,0.89276,0.89276,0.89276,0.89276,0.89276
0.91689,0.91689,0.91689,0.91689,0.91689,0.91689,0.91689
0.92761,0.92761,0.92761,0.92761,0.92761,0.92761,0.92761
0.93566,0.93566,0.93566,0.93566,0.93566,0.93566,0.93566
0.97587,0.97587,0.97587,0.97587,0.97587,0.97587,0.97587
0.96783,0.96783,0.96783,0.96783,0.96783,0.96783,0.96783
0.98123,0.98123,0.98123,0.98123,0.98123,0.98123,0.98123
0.96247,0.96247,0.96247,0.96247,0.96247,0.96247,0.96247
0.95442,0.95442,0.95442,0.95442,0.95442,0.95442,0.95442
0.93566,0.93566,0.93566,0.93566,0.93566,0.93566,0.93566
0.86863,0.86863,0.86863,0.86863,0.86863,0.86863,0.86863
0.8311,0.8311,0.8311,0.8311,0.8311,0.8311,0.8311
0.80697,0.80697,0.80697,0.80697,0.80697,0.80697,0.80697
0.78552,0.78552,0.78552,0.78552,0.78552,0.78552,0.78552
0.77212,0.77212,0.77212,0.77212,0.77212,0.77212,0.77212
0.76139,0.76139,0.76139,0.76139,0.76139,0.76139,0.76139
0.75603,0.75603,0.75603,0.75603,0.75603,0.75603,0.75603
0.7319,0.7319,0.7319,0.7319,0.7319,0.7319,0.7319
0.7185,0.7185,0.7185,0.7185,0.7185,0.7185,0.7185
0.72654,0.72654,0.72654,0.72654,0.72654,0.72654,0.72654
0.73458,0.73458,0.73458,0.73458,0.73458,0.73458,0.73458
0.77748,0.77748,0.77748,0.77748,0.77748,0.77748,0.77748
0.8445,0.8445,0.8445,0.8445,0.8445,0.8445,0.8445
0.90617,0.90617,0.90617,0.90617,0.90617,0.90617,0.90617
0.93298,0.93298,0.93298,0.93298,0.93298,0.93298,0.93298
0.9437,0.9437,0.9437,0.9437,0.9437,0.9437,0.9437
0.98123,0.98123,0.98123,0.98123,0.98123,0.98123,0.98123
1,1,1,1,1,1,1
0.98928,0.98928,0.98928,0.98928,0.98928,0.98928,0.98928
0.89276,0.89276,0.89276,0.89276,0.89276,0.89276,0.89276
0.80429,0.80429,0.80429,0.80429,0.80429,0.80429,0.80429
0.87668,0.87668,0.87668,0.87668,0.87668,0.87668,0.87668
0.89812,0.89812,0.89812,0.89812,0.89812,0.89812,0.89812
0.89544,0.89544,0.89544,0.89544,0.89544,0.89544,0.89544
0.84987,0.84987,0.84987,0.84987,0.84987,0.84987,0.84987
0.81501,0.81501,0.81501,0.81501,0.81501,0.81501,0.81501
0.79893,0.79893,0.79893,0.79893,0.79893,0.79893,0.79893
0.78016,0.78016,0.78016,0.78016,0.78016,0.78016,0.78016
0.76139,0.76139,0.76139,0.76139,0.76139,0.76139,0.76139
0.73995,0.73995,0.73995,0.73995,0.73995,0.73995,0.73995
0.72118,0.72118,0.72118,0.72118,0.72118,0.72118,0.72118
0.70509,0.70509,0.70509,0.70509,0.70509,0.70509,0.70509
0.69705,0.69705,0.69705,0.69705,0.69705,0.69705,0.69705
0.69437,0.69437,0.69437,0.69437,0.69437,0.69437,0.69437
0.71582,0.71582,0.71582,0.71582,0.71582,0.71582,0.71582
0.76139,0.76139,0.76139,0.76139,0.76139,0.76139,0.76139
0.82306,0.82306,0.82306,0.82306,0.82306,0.82306,0.82306
0.8445,0.8445,0.8445,0.8445,0.8445,0.8445,0.8445
0.84182,0.84182,0.84182,0.84182,0.84182,0.84182,0.84182
0.86595,0.86595,0.86595,0.86595,0.86595,0.86595,0.86595
0.89812,0.89812,0.89812,0.89812,0.89812,0.89812,0.89812
0.91153,0.91153,0.91153,0.91153,0.91153,0.91153,0.91153
0.91957,0.91957,0.91957,0.91957,0.91957,0.91957,0.91957
0.90885,0.90885,0.90885,0.90885,0.90885,0.90885,0.90885
0.93566,0.93566,0.93566,0.93566,0.93566,0.93566,0.93566
0.92225,0.92225,0.92225,0.92225,0.92225,0.92225,0.92225
0.84182,0.84182,0.84182,0.84182,0.84182,0.84182,0.84182
0.85791,0.85791,0.85791,0.85791,0.85791,0.85791,0.85791
0.81769,0.81769,0.81769,0.81769,0.81769,0.81769,0.81769
0.79893,0.79893,0.79893,0.79893,0.79893,0.79893,0.79893
0.76676,0.76676,0.76676,0.76676,0.76676,0.76676,0.76676
0.75603,0.75603,0.75603,0.75603,0.75603,0.75603,0.75603
0.74531,0.74531,0.74531,0.74531,0.74531,0.74531,0.74531
0.70777,0.70777,0.70777,0.70777,0.70777,0.70777,0.70777
0.68365,0.68365,0.68365,0.68365,0.68365,0.68365,0.68365
0.67828,0.67828,0.67828,0.67828,0.67828,0.67828,0.67828
0.65416,0.65416,0.65416,0.65416,0.65416,0.65416,0.65416
0.62466,0.62466,0.62466,0.62466,0.62466,0.62466,0.62466
0.66488,0.66488,0.66488,0.66488,0.66488,0.66488,0.66488
0.69169,0.69169,0.69169,0.69169,0.69169,0.69169,0.69169
0.73727,0.73727,0.73727,0.73727,0.73727,0.73727,0.73727
0.76408,0.76408,0.76408,0.76408,0.76408,0.76408,0.76408
0.78552,0.78552,0.78552,0.78552,0.78552,0.78552,0.78552
0.80965,0.80965,0.80965,0.80965,0.80965,0.80965,0.80965
0.83914,0.83914,0.83914,0.83914,0.83914,0.83914,0.83914
0.84987,0.84987,0.84987,0.84987,0.84987,0.84987,0.84987
0.84718,0.84718,0.84718,0.84718,0.84718,0.84718,0.84718
0.82842,0.82842,0.82842,0.82842,0.82842,0.82842,0.82842
0.78284,0.78284,0.78284,0.78284,0.78284,0.78284,0.78284
0.78284,0.78284,0.78284,0.78284,0.78284,0.78284,0.78284
0.78552,0.78552,0.78552,0.78552,0.78552,0.78552,0.78552
0.76676,0.76676,0.76676,0.76676,0.76676,0.76676,0.76676
0.73995,0.73995,0.73995,0.73995,0.73995,0.73995,0.73995
0.7185,0.7185,0.7185,0.7185,0.7185,0.7185,0.7185
0.71046,0.71046,0.71046,0.71046,0.71046,0.71046,0.71046
0.6756,0.6756,0.6756,0.6756,0.6756,0.6756,0.6756
0.65147,0.65147,0.65147,0.65147,0.65147,0.65147,0.65147
0.64075,0.64075,0.64075,0.64075,0.64075,0.64075,0.64075
0.62735,0.62735,0.62735,0.62735,0.62735,0.62735,0.62735
0.60322,0.60322,0.60322,0.60322,0.60322,0.60322,0.60322
0.58981,0.58981,0.58981,0.58981,0.58981,0.58981,0.58981
0.59786,0.59786,0.59786,0.59786,0.59786,0.59786,0.59786
0.63271,0.63271,0.63271,0.63271,0.63271,0.63271,0.63271
0.70777,0.70777,0.70777,0.70777,0.70777,0.70777,0.70777
0.73727,0.73727,0.73727,0.73727,0.73727,0.73727,0.73727
0.76139,0.76139,0.76139,0.76139,0.76139,0.76139,0.76139
0.78552,0.78552,0.78552,0.78552,0.78552,0.78552,0.78552
0.81233,0.81233,0.81233,0.81233,0.81233,0.81233,0.81233
0.8311,0.8311,0.8311,0.8311,0.8311,0.8311,0.8311
0.84987,0.84987,0.84987,0.84987,0.84987,0.84987,0.84987
0.85255,0.85255,0.85255,0.85255,0.85255,0.85255,0.85255
0.86059,0.86059,0.86059,0.86059,0.86059,0.86059,0.86059
0.86059,0.86059,0.86059,0.86059,0.86059,0.86059,0.86059
0.84987,0.84987,0.84987,0.84987,0.84987,0.84987,0.84987
0.81769,0.81769,0.81769,0.81769,0.81769,0.81769,0.81769
0.7882,0.7882,0.7882,0.7882,0.7882,0.7882,0.7882
0.76676,0.76676,0.76676,0.76676,0.76676,0.76676,0.76676
0.75067,0.75067,0.75067,0.75067,0.75067,0.75067,0.75067
0.72922,0.72922,0.72922,0.72922,0.72922,0.72922,0.72922
0.69973,0.69973,0.69973,0.69973,0.69973,0.69973,0.69973
0.6622,0.6622,0.6622,0.6622,0.6622,0.6622,0.6622
0.65684,0.65684,0.65684,0.65684,0.65684,0.65684,0.65684
0.64343,0.64343,0.64343,0.64343,0.64343,0.64343,0.64343
0.63271,0.63271,0.63271,0.63271,0.63271,0.63271,0.63271
0.62735,0.62735,0.62735,0.62735,0.62735,0.62735,0.62735
0.64611,0.64611,0.64611,0.64611,0.64611,0.64611,0.64611
0.65147,0.65147,0.65147,0.65147,0.65147,0.65147,0.65147
0.71046,0.71046,0.71046,0.71046,0.71046,0.71046,0.71046
0.74799,0.74799,0.74799,0.74799,0.74799,0.74799,0.74799
0.78284,0.78284,0.78284,0.78284,0.78284,0.78284,0.78284
0.82306,0.82306,0.82306,0.82306,0.82306,0.82306,0.82306
0.85523,0.85523,0.85523,0.85523,0.85523,0.85523,0.85523
0.87399,0.87399,0.87399,0.87399,0.87399,0.87399,0.87399
0.8874,0.8874,0.8874,0.8874,0.8874,0.8874,0.8874
0.89812,0.89812,0.89812,0.89812,0.89812,0.89812,0.89812
0.89544,0.89544,0.89544,0.89544,0.89544,0.89544,0.89544
0.8874,0.8874,0.8874,0.8874,0.8874,0.8874,0.8874
0.87131,0.87131,0.87131,0.87131,0.87131,0.87131,0.87131
0.84718,0.84718,0.84718,0.84718,0.84718,0.84718,0.84718
0.81769,0.81769,0.81769,0.81769,0.81769,0.81769,0.81769
0.77748,0.77748,0.77748,0.77748,0.77748,0.77748,0.77748
0.75335,0.75335,0.75335,0.75335,0.75335,0.75335,0.75335
0.73727,0.73727,0.73727,0.73727,0.73727,0.73727,0.73727
0.7319,0.7319,0.7319,0.7319,0.7319,0.7319,0.7319
0.7319,0.7319,0.7319,0.7319,0.7319,0.7319,0.7319
0.72386,0.72386,0.72386,0.72386,0.72386,0.72386,0.72386
0.71046,0.71046,0.71046,0.71046,0.71046,0.71046,0.71046
0.69437,0.69437,0.69437,0.69437,0.69437,0.69437,0.69437
0.67828,0.67828,0.67828,0.67828,0.67828,0.67828,0.67828
0.6756,0.6756,0.6756,0.6756,0.6756,0.6756,0.6756
0.67292,0.67292,0.67292,0.67292,0.67292,0.67292,0.67292
0.70777,0.70777,0.70777,0.70777,0.70777,0.70777,0.70777
0.73995,0.73995,0.73995,0.73995,0.73995,0.73995,0.73995
0.76408,0.76408,0.76408,0.76408,0.76408,0.76408,0.76408
0.81769,0.81769,0.81769,0.81769,0.81769,0.81769,0.81769
0.85523,0.85523,0.85523,0.85523,0.85523,0.85523,0.85523
0.89008,0.89008,0.89008,0.89008,0.89008,0.89008,0.89008
0.91957,0.91957,0.91957,0.91957,0.91957,0.91957,0.91957
0.91689,0.91689,0.91689,0.91689,0.91689,0.91689,0.91689
0.92493,0.92493,0.92493,0.92493,0.92493,0.92493,0.92493
0.93566,0.93566,0.93566,0.93566,0.93566,0.93566,0.93566
0.92493,0.92493,0.92493,0.92493,0.92493,0.92493,0.92493
0.8874,0.8874,0.8874,0.8874,0.8874,0.8874,0.8874
0.85255,0.85255,0.85255,0.85255,0.85255,0.85255,0.85255
0.83378,0.83378,0.83378,0.83378,0.83378,0.83378,0.83378
0.82306,0.82306,0.82306,0.82306,0.82306,0.82306,0.82306
0.79625,0.79625,0.79625,0.79625,0.79625,0.79625,0.79625
0.76676,0.76676,0.76676,0.76676,0.76676,0.76676,0.76676
0.75335,0.75335,0.75335,0.75335,0.75335,0.75335,0.75335
0.74263,0.74263,0.74263,0.74263,0.74263,0.74263,0.74263
0.72654,0.72654,0.72654,0.72654,0.72654,0.72654,0.72654
0.69973,0.69973,0.69973,0.69973,0.69973,0.69973,0.69973
0.67828,0.67828,0.67828,0.67828,0.67828,0.67828,0.67828
0.6622,0.6622,0.6622,0.6622,0.6622,0.6622,0.6622
0.69437,0.69437,0.69437,0.69437,0.69437,0.69437,0.69437
0.72386,0.72386,0.72386,0.72386,0.72386,0.72386,0.72386
0.76676,0.76676,0.76676,0.76676,0.76676,0.76676,0.76676
0.78552,0.78552,0.78552,0.78552,0.78552,0.78552,0.78552
0.82842,0.82842,0.82842,0.82842,0.82842,0.82842,0.82842
0.86327,0.86327,0.86327,0.86327,0.86327,0.86327,0.86327
0.87936,0.87936,0.87936,0.87936,0.87936,0.87936,0.87936
0.89008,0.89008,0.89008,0.89008,0.89008,0.89008,0.89008
0.90349,0.90349,0.90349,0.90349,0.90349,0.90349,0.90349
0.90617,0.90617,0.90617,0.90617,0.90617,0.90617,0.90617
0.88472,0.88472,0.88472,0.88472,0.88472,0.88472,0.88472
0.83378,0.83378,0.83378,0.83378,0.83378,0.83378,0.83378
0.82574,0.82574,0.82574,0.82574,0.82574,0.82574,0.82574
0.81501,0.81501,0.81501,0.81501,0.81501,0.81501,0.81501
0.81233,0.81233,0.81233,0.81233,0.81233,0.81233,0.81233
0.79357,0.79357,0.79357,0.79357,0.79357,0.79357,0.79357
0.77748,0.77748,0.77748,0.77748,0.77748,0.77748,0.77748
0.76408,0.76408,0.76408,0.76408,0.76408,0.76408,0.76408
0.74531,0.74531,0.74531,0.74531,0.74531,0.74531,0.74531
0.72118,0.72118,0.72118,0.72118,0.72118,0.72118,0.72118
0.70241,0.70241,0.70241,0.70241,0.70241,0.70241,0.70241
0.69169,0.69169,0.69169,0.69169,0.69169,0.69169,0.69169
0.67828,0.67828,0.67828,0.67828,0.67828,0.67828,0.67828
0.66488,0.66488,0.66488,0.66488,0.66488,0.66488,0.66488
0.68365,0.68365,0.68365,0.68365,0.68365,0.68365,0.68365
0.73458,0.73458,0.73458,0.73458,0.73458,0.73458,0.73458
0.78284,0.78284,0.78284,0.78284,0.78284,0.78284,0.78284
0.82306,0.82306,0.82306,0.82306,0.82306,0.82306,0.82306
0.85255,0.85255,0.85255,0.85255,0.85255,0.85255,0.85255
0.88204,0.88204,0.88204,0.88204,0.88204,0.88204,0.88204
0.90617,0.90617,0.90617,0.90617,0.90617,0.90617,0.90617
0.90885,0.90885,0.90885,0.90885,0.90885,0.90885,0.90885
0.93566,0.93566,0.93566,0.93566,0.93566,0.93566,0.93566
0.94638,0.94638,0.94638,0.94638,0.94638,0.94638,0.94638
0.94906,0.94906,0.94906,0.94906,0.94906,0.94906,0.94906
0.93029,0.93029,0.93029,0.93029,0.93029,0.93029,0.93029
0.80161,0.80161,0.80161,0.80161,0.80161,0.80161,0.80161
0.74263,0.74263,0.74263,0.74263,0.74263,0.74263,0.74263
0.78016,0.78016,0.78016,0.78016,0.78016,0.78016,0.78016
0.78016,0.78016,0.78016,0.78016,0.78016,0.78016,0.78016
0.76408,0.76408,0.76408,0.76408,0.76408,0.76408,0.76408
0.75067,0.75067,0.75067,0.75067,0.75067,0.75067,0.75067
0.73458,0.73458,0.73458,0.73458,0.73458,0.73458,0.73458
0.72654,0.72654,0.72654,0.72654,0.72654,0.72654,0.72654
0.70241,0.70241,0.70241,0.70241,0.70241,0.70241,0.70241
0.68633,0.68633,0.68633,0.68633,0.68633,0.68633,0.68633
0.67828,0.67828,0.67828,0.67828,0.67828,0.67828,0.67828
0.67828,0.67828,0.67828,0.67828,0.67828,0.67828,0.67828
0.70777,0.70777,0.70777,0.70777,0.70777,0.70777,0.70777
0.73727,0.73727,0.73727,0.73727,0.73727,0.73727,0.73727
0.76408,0.76408,0.76408,0.76408,0.76408,0.76408,0.76408
0.79088,0.79088,0.79088,0.79088,0.79088,0.79088,0.79088
0.83378,0.83378,0.83378,0.83378,0.83378,0.83378,0.83378
0.84987,0.84987,0.84987,0.84987,0.84987,0.84987,0.84987
0.8445,0.8445,0.8445,0.8445,0.8445,0.8445,0.8445
0.86327,0.86327,0.86327,0.86327,0.86327,0.86327,0.86327
0.87936,0.87936,0.87936,0.87936,0.87936,0.87936,0.87936
0.8874,0.8874,0.8874,0.8874,0.8874,0.8874,0.8874
0.89008,0.89008,0.89008,0.89008,0.89008,0.89008,0.89008
0.86863,0.86863,0.86863,0.86863,0.86863,0.86863,0.86863
0.83646,0.83646,0.83646,0.83646,0.83646,0.83646,0.83646
0.78284,0.78284,0.78284,0.78284,0.78284,0.78284,0.78284
0.72922,0.72922,0.72922,0.72922,0.72922,0.72922,0.72922
0.69973,0.69973,0.69973,0.69973,0.69973,0.69973,0.69973
0.70241,0.70241,0.70241,0.70241,0.70241,0.70241,0.70241
0.70241,0.70241,0.70241,0.70241,0.70241,0.70241,0.70241
0.68901,0.68901,0.68901,0.68901,0.68901,0.68901,0.68901
0.66756,0.66756,0.66756,0.66756,0.66756,0.66756,0.66756
0.6622,0.6622,0.6622,0.6622,0.6622,0.6622,0.6622
0.65684,0.65684,0.65684,0.65684,0.65684,0.65684,0.65684
0.6622,0.6622,0.6622,0.6622,0.6622,0.6622,0.6622
0.65416,0.65416,0.65416,0.65416,0.65416,0.65416,0.65416
0.65416,0.65416,0.65416,0.65416,0.65416,0.65416,0.65416
0.67292,0.67292,0.67292,0.67292,0.67292,0.67292,0.67292
0.70241,0.70241,0.70241,0.70241,0.70241,0.70241,0.70241
0.73995,0.73995,0.73995,0.73995,0.73995,0.73995,0.73995
0.76944,0.76944,0.76944,0.76944,0.76944,0.76944,0.76944
0.78284,0.78284,0.78284,0.78284,0.78284,0.78284,0.78284
0.80161,0.80161,0.80161,0.80161,0.80161,0.80161,0.80161
0.81501,0.81501,0.81501,0.81501,0.81501,0.81501,0.81501
0.82574,0.82574,0.82574,0.82574,0.82574,0.82574,0.82574
0.82574,0.82574,0.82574,0.82574,0.82574,0.82574,0.82574
0.82842,0.82842,0.82842,0.82842,0.82842,0.82842,0.82842
0.82306,0.82306,0.82306,0.82306,0.82306,0.82306,0.82306
0.80429,0.80429,0.80429,0.80429,0.80429,0.80429,0.80429
0.7882,0.7882,0.7882,0.7882,0.7882,0.7882,0.7882
0.76408,0.76408,0.76408,0.76408,0.76408,0.76408,0.76408
0.74799,0.74799,0.74799,0.74799,0.74799,0.74799,0.74799
0.7319,0.7319,0.7319,0.7319,0.7319,0.7319,0.7319
0.69973,0.69973,0.69973,0.69973,0.69973,0.69973,0.69973
0.66756,0.66756,0.66756,0.66756,0.66756,0.66756,0.66756
0.65147,0.65147,0.65147,0.65147,0.65147,0.65147,0.65147
0.63271,0.63271,0.63271,0.63271,0.63271,0.63271,0.63271
0.62466,0.62466,0.62466,0.62466,0.62466,0.62466,0.62466
0.61662,0.61662,0.61662,0.61662,0.61662,0.61662,0.61662
0.63271,0.63271,0.63271,0.63271,0.63271,0.63271,0.63271
0.66488,0.66488,0.66488,0.66488,0.66488,0.66488,0.66488
0.73458,0.73458,0.73458,0.73458,0.73458,0.73458,0.73458
0.7748,0.7748,0.7748,0.7748,0.7748,0.7748,0.7748
0.79893,0.79893,0.79893,0.79893,0.79893,0.79893,0.79893
0.8311,0.8311,0.8311,0.8311,0.8311,0.8311,0.8311
0.85791,0.85791,0.85791,0.85791,0.85791,0.85791,0.85791
0.86863,0.86863,0.86863,0.86863,0.86863,0.86863,0.86863
0.8874,0.8874,0.8874,0.8874,0.8874,0.8874,0.8874
0.89812,0.89812,0.89812,0.89812,0.89812,0.89812,0.89812
0.9008,0.9008,0.9008,0.9008,0.9008,0.9008,0.9008
0.87668,0.87668,0.87668,0.87668,0.87668,0.87668,0.87668
0.87131,0.87131,0.87131,0.87131,0.87131,0.87131,0.87131
0.80161,0.80161,0.80161,0.80161,0.80161,0.80161,0.80161
0.76676,0.76676,0.76676,0.76676,0.76676,0.76676,0.76676
0.74531,0.74531,0.74531,0.74531,0.74531,0.74531,0.74531
0.72386,0.72386,0.72386,0.72386,0.72386,0.72386,0.72386
0.72386,0.72386,0.72386,0.72386,0.72386,0.72386,0.72386
0.69169,0.69169,0.69169,0.69169,0.69169,0.69169,0.69169
0.6756,0.6756,0.6756,0.6756,0.6756,0.6756,0.6756
0.68365,0.68365,0.68365,0.68365,0.68365,0.68365,0.68365
0.68097,0.68097,0.68097,0.68097,0.68097,0.68097,0.68097
0.68097,0.68097,0.68097,0.68097,0.68097,0.68097,0.68097
0.68633,0.68633,0.68633,0.68633,0.68633,0.68633,0.68633
0.66488,0.66488,0.66488,0.66488,0.66488,0.66488,0.66488
0.67828,0.67828,0.67828,0.67828,0.67828,0.67828,0.67828
0.71046,0.71046,0.71046,0.71046,0.71046,0.71046,0.71046
0.7748,0.7748,0.7748,0.7748,0.7748,0.7748,0.7748
0.80161,0.80161,0.80161,0.80161,0.80161,0.80161,0.80161
0.83646,0.83646,0.83646,0.83646,0.83646,0.83646,0.83646
0.85523,0.85523,0.85523,0.85523,0.85523,0.85523,0.85523
0.87668,0.87668,0.87668,0.87668,0.87668,0.87668,0.87668
0.87936,0.87936,0.87936,0.87936,0.87936,0.87936,0.87936
0.90617,0.90617,0.90617,0.90617,0.90617,0.90617,0.90617
0.90617,0.90617,0.90617,0.90617,0.90617,0.90617,0.90617
0.90885,0.90885,0.90885,0.90885,0.90885,0.90885,0.90885
0.91421,0.91421,0.91421,0.91421,0.91421,0.91421,0.91421
0.90617,0.90617,0.90617,0.90617,0.90617,0.90617,0.90617
0.86059,0.86059,0.86059,0.86059,0.86059,0.86059,0.86059
0.83378,0.83378,0.83378,0.83378,0.83378,0.83378,0.83378
0.81233,0.81233,0.81233,0.81233,0.81233,0.81233,0.81233
0.78016,0.78016,0.78016,0.78016,0.78016,0.78016,0.78016
0.77212,0.77212,0.77212,0.77212,0.77212,0.77212,0.77212
0.7185,0.7185,0.7185,0.7185,0.7185,0.7185,0.7185
0.70241,0.70241,0.70241,0.70241,0.70241,0.70241,0.70241
0.68097,0.68097,0.68097,0.68097,0.68097,0.68097,0.68097
0.66488,0.66488,0.66488,0.66488,0.66488,0.66488,0.66488
0.6622,0.6622,0.6622,0.6622,0.6622,0.6622,0.6622
0.67024,0.67024,0.67024,0.67024,0.67024,0.67024,0.67024
0.69169,0.69169,0.69169,0.69169,0.69169,0.69169,0.69169
0.75871,0.75871,0.75871,0.75871,0.75871,0.75871,0.75871
0.78016,0.78016,0.78016,0.78016,0.78016,0.78016,0.78016
0.80697,0.80697,0.80697,0.80697,0.80697,0.80697,0.80697
0.82842,0.82842,0.82842,0.82842,0.82842,0.82842,0.82842
0.85523,0.85523,0.85523,0.85523,0.85523,0.85523,0.85523
0.87936,0.87936,0.87936,0.87936,0.87936,0.87936,0.87936
0.89008,0.89008,0.89008,0.89008,0.89008,0.89008,0.89008
0.89812,0.89812,0.89812,0.89812,0.89812,0.89812,0.89812
0.89812,0.89812,0.89812,0.89812,0.89812,0.89812,0.89812
0.88472,0.88472,0.88472,0.88472,0.88472,0.88472,0.88472
0.86595,0.86595,0.86595,0.86595,0.86595,0.86595,0.86595
0.82306,0.82306,0.82306,0.82306,0.82306,0.82306,0.82306
0.79357,0.79357,0.79357,0.79357,0.79357,0.79357,0.79357
0.7882,0.7882,0.7882,0.7882,0.7882,0.7882,0.7882
0.76944,0.76944,0.76944,0.76944,0.76944,0.76944,0.76944
0.75335,0.75335,0.75335,0.75335,0.75335,0.75335,0.75335
0.73458,0.73458,0.73458,0.73458,0.73458,0.73458,0.73458
0.71582,0.71582,0.71582,0.71582,0.71582,0.71582,0.71582
0.68901,0.68901,0.68901,0.68901,0.68901,0.68901,0.68901
0.67828,0.67828,0.67828,0.67828,0.67828,0.67828,0.67828
0.65952,0.65952,0.65952,0.65952,0.65952,0.65952,0.65952
0.65416,0.65416,0.65416,0.65416,0.65416,0.65416,0.65416
0.64879,0.64879,0.64879,0.64879,0.64879,0.64879,0.64879
0.68365,0.68365,0.68365,0.68365,0.68365,0.68365,0.68365
0.7319,0.7319,0.7319,0.7319,0.7319,0.7319,0.7319
0.79625,0.79625,0.79625,0.79625,0.79625,0.79625,0.79625
0.81233,0.81233,0.81233,0.81233,0.81233,0.81233,0.81233
0.85523,0.85523,0.85523,0.85523,0.85523,0.85523,0.85523
0.87399,0.87399,0.87399,0.87399,0.87399,0.87399,0.87399
0.87668,0.87668,0.87668,0.87668,0.87668,0.87668,0.87668
0.85523,0.85523,0.85523,0.85523,0.85523,0.85523,0.85523
0.84987,0.84987,0.84987,0.84987,0.84987,0.84987,0.84987
0.88204,0.88204,0.88204,0.88204,0.88204,0.88204,0.88204
0.90885,0.90885,0.90885,0.90885,0.90885,0.90885,0.90885
0.89812,0.89812,0.89812,0.89812,0.89812,0.89812,0.89812
0.89812,0.89812,0.89812,0.89812,0.89812,0.89812,0.89812
0.87936,0.87936,0.87936,0.87936,0.87936,0.87936,0.87936
0.85523,0.85523,0.85523,0.85523,0.85523,0.85523,0.85523
0.82306,0.82306,0.82306,0.82306,0.82306,0.82306,0.82306
0.80429,0.80429,0.80429,0.80429,0.80429,0.80429,0.80429
0.7882,0.7882,0.7882,0.7882,0.7882,0.7882,0.7882
0.7748,0.7748,0.7748,0.7748,0.7748,0.7748,0.7748
0.75603,0.75603,0.75603,0.75603,0.75603,0.75603,0.75603
0.72922,0.72922,0.72922,0.72922,0.72922,0.72922,0.72922
0.71046,0.71046,0.71046,0.71046,0.71046,0.71046,0.71046
0.68633,0.68633,0.68633,0.68633,0.68633,0.68633,0.68633
0.68633,0.68633,0.68633,0.68633,0.68633,0.68633,0.68633
0.71046,0.71046,0.71046,0.71046,0.71046,0.71046,0.71046
0.75871,0.75871,0.75871,0.75871,0.75871,0.75871,0.75871
0.79893,0.79893,0.79893,0.79893,0.79893,0.79893,0.79893
0.8311,0.8311,0.8311,0.8311,0.8311,0.8311,0.8311
0.85791,0.85791,0.85791,0.85791,0.85791,0.85791,0.85791
0.89008,0.89008,0.89008,0.89008,0.89008,0.89008,0.89008
0.90885,0.90885,0.90885,0.90885,0.90885,0.90885,0.90885
0.93566,0.93566,0.93566,0.93566,0.93566,0.93566,0.93566
0.94906,0.94906,0.94906,0.94906,0.94906,0.94906,0.94906
0.94638,0.94638,0.94638,0.94638,0.94638,0.94638,0.94638
0.9437,0.9437,0.9437,0.9437,0.9437,0.9437,0.9437
0.9437,0.9437,0.9437,0.9437,0.9437,0.9437,0.9437
0.93298,0.93298,0.93298,0.93298,0.93298,0.93298,0.93298
0.91957,0.91957,0.91957,0.91957,0.91957,0.91957,0.91957
0.88472,0.88472,0.88472,0.88472,0.88472,0.88472,0.88472
0.84987,0.84987,0.84987,0.84987,0.84987,0.84987,0.84987
0.82574,0.82574,0.82574,0.82574,0.82574,0.82574,0.82574
0.82306,0.82306,0.82306,0.82306,0.82306,0.82306,0.82306
0.80429,0.80429,0.80429,0.80429,0.80429,0.80429,0.80429
0.76408,0.76408,0.76408,0.76408,0.76408,0.76408,0.76408
0.72922,0.72922,0.72922,0.72922,0.72922,0.72922,0.72922
0.72118,0.72118,0.72118,0.72118,0.72118,0.72118,0.72118
0.69705,0.69705,0.69705,0.69705,0.69705,0.69705,0.69705
0.72386,0.72386,0.72386,0.72386,0.72386,0.72386,0.72386
0.71314,0.71314,0.71314,0.71314,0.71314,0.71314,0.71314
0.7748,0.7748,0.7748,0.7748,0.7748,0.7748,0.7748
0.82842,0.82842,0.82842,0.82842,0.82842,0.82842,0.82842
0.85255,0.85255,0.85255,0.85255,0.85255,0.85255,0.85255
0.88472,0.88472,0.88472,0.88472,0.88472,0.88472,0.88472
0.91421,0.91421,0.91421,0.91421,0.91421,0.91421,0.91421
0.93029,0.93029,0.93029,0.93029,0.93029,0.93029,0.93029
0.9437,0.9437,0.9437,0.9437,0.9437,0.9437,0.9437
0.95442,0.95442,0.95442,0.95442,0.95442,0.95442,0.95442
0.96247,0.96247,0.96247,0.96247,0.96247,0.96247,0.96247
0.9571,0.9571,0.9571,0.9571,0.9571,0.9571,0.9571
0.94102,0.94102,0.94102,0.94102,0.94102,0.94102,0.94102
0.92493,0.92493,0.92493,0.92493,0.92493,0.92493,0.92493
0.89544,0.89544,0.89544,0.89544,0.89544,0.89544,0.89544
0.86863,0.86863,0.86863,0.86863,0.86863,0.86863,0.86863
0.84987,0.84987,0.84987,0.84987,0.84987,0.84987,0.84987
0.8311,0.8311,0.8311,0.8311,0.8311,0.8311,0.8311
0.80965,0.80965,0.80965,0.80965,0.80965,0.80965,0.80965
0.76408,0.76408,0.76408,0.76408,0.76408,0.76408,0.76408
0.75335,0.75335,0.75335,0.75335,0.75335,0.75335,0.75335
0.74799,0.74799,0.74799,0.74799,0.74799,0.74799,0.74799
0.72922,0.72922,0.72922,0.72922,0.72922,0.72922,0.72922
0.72386,0.72386,0.72386,0.72386,0.72386,0.72386,0.72386
0.72654,0.72654,0.72654,0.72654,0.72654,0.72654,0.72654
0.73995,0.73995,0.73995,0.73995,0.73995,0.73995,0.73995
0.79357,0.79357,0.79357,0.79357,0.79357,0.79357,0.79357
0.85255,0.85255,0.85255,0.85255,0.85255,0.85255,0.85255
0.88472,0.88472,0.88472,0.88472,0.88472,0.88472,0.88472
0.93298,0.93298,0.93298,0.93298,0.93298,0.93298,0.93298
0.94906,0.94906,0.94906,0.94906,0.94906,0.94906,0.94906
0.96515,0.96515,0.96515,0.96515,0.96515,0.96515,0.96515
0.97319,0.97319,0.97319,0.97319,0.97319,0.97319,0.97319
0.98123,0.98123,0.98123,0.98123,0.98123,0.98123,0.98123
0.99196,0.99196,0.99196,0.99196,0.99196,0.99196,0.99196
0.98928,0.98928,0.98928,0.98928,0.98928,0.98928,0.98928
0.95979,0.95979,0.95979,0.95979,0.95979,0.95979,0.95979
0.94638,0.94638,0.94638,0.94638,0.94638,0.94638,0.94638
0.91689,0.91689,0.91689,0.91689,0.91689,0.91689,0.91689
0.89544,0.89544,0.89544,0.89544,0.89544,0.89544,0.89544
0.87936,0.87936,0.87936,0.87936,0.87936,0.87936,0.87936
0.86327,0.86327,0.86327,0.86327,0.86327,0.86327,0.86327
0.84718,0.84718,0.84718,0.84718,0.84718,0.84718,0.84718
0.81769,0.81769,0.81769,0.81769,0.81769,0.81769,0.81769
0.79893,0.79893,0.79893,0.79893,0.79893,0.79893,0.79893
0.77212,0.77212,0.77212,0.77212,0.77212,0.77212,0.77212
0.74263,0.74263,0.74263,0.74263,0.74263,0.74263,0.74263
0.71046,0.71046,0.71046,0.71046,0.71046,0.71046,0.71046
0.71046,0.71046,0.71046,0.71046,0.71046,0.71046,0.71046
0.75067,0.75067,0.75067,0.75067,0.75067,0.75067,0.75067
0.80697,0.80697,0.80697,0.80697,0.80697,0.80697,0.80697
0.86327,0.86327,0.86327,0.86327,0.86327,0.86327,0.86327
0.9008,0.9008,0.9008,0.9008,0.9008,0.9008,0.9008
0.90885,0.90885,0.90885,0.90885,0.90885,0.90885,0.90885
0.91957,0.91957,0.91957,0.91957,0.91957,0.91957,0.91957
0.94638,0.94638,0.94638,0.94638,0.94638,0.94638,0.94638
0.95979,0.95979,0.95979,0.95979,0.95979,0.95979,0.95979
0.95174,0.95174,0.95174,0.95174,0.95174,0.95174,0.95174
0.94638,0.94638,0.94638,0.94638,0.94638,0.94638,0.94638
0.9866,0.9866,0.9866,0.9866,0.9866,0.9866,0.9866
0.9866,0.9866,0.9866,0.9866,0.9866,0.9866,0.9866
0.95979,0.95979,0.95979,0.95979,0.95979,0.95979,0.95979
0.91421,0.91421,0.91421,0.91421,0.91421,0.91421,0.91421
0.87668,0.87668,0.87668,0.87668,0.87668,0.87668,0.87668
0.86595,0.86595,0.86595,0.86595,0.86595,0.86595,0.86595
0.83914,0.83914,0.83914,0.83914,0.83914,0.83914,0.83914
0.80965,0.80965,0.80965,0.80965,0.80965,0.80965,0.80965
0.77212,0.77212,0.77212,0.77212,0.77212,0.77212,0.77212
0.75335,0.75335,0.75335,0.75335,0.75335,0.75335,0.75335
0.72922,0.72922,0.72922,0.72922,0.72922,0.72922,0.72922
0.72386,0.72386,0.72386,0.72386,0.72386,0.72386,0.72386
0.71046,0.71046,0.71046,0.71046,0.71046,0.71046,0.71046
0.72118,0.72118,0.72118,0.72118,0.72118,0.72118,0.72118
0.77212,0.77212,0.77212,0.77212,0.77212,0.77212,0.77212
0.80161,0.80161,0.80161,0.80161,0.80161,0.80161,0.80161
0.85523,0.85523,0.85523,0.85523,0.85523,0.85523,0.85523
0.87399,0.87399,0.87399,0.87399,0.87399,0.87399,0.87399
0.89008,0.89008,0.89008,0.89008,0.89008,0.89008,0.89008
0.89276,0.89276,0.89276,0.89276,0.89276,0.89276,0.89276
0.89276,0.89276,0.89276,0.89276,0.89276,0.89276,0.89276
0.86595,0.86595,0.86595,0.86595,0.86595,0.86595,0.86595
0.85523,0.85523,0.85523,0.85523,0.85523,0.85523,0.85523
0.86595,0.86595,0.86595,0.86595,0.86595,0.86595,0.86595
0.86863,0.86863,0.86863,0.86863,0.86863,0.86863,0.86863
0.8445,0.8445,0.8445,0.8445,0.8445,0.8445,0.8445
0.83378,0.83378,0.83378,0.83378,0.83378,0.83378,0.83378
0.7882,0.7882,0.7882,0.7882,0.7882,0.7882,0.7882
0.74263,0.74263,0.74263,0.74263,0.74263,0.74263,0.74263
0.72118,0.72118,0.72118,0.72118,0.72118,0.72118,0.72118
0.69169,0.69169,0.69169,0.69169,0.69169,0.69169,0.69169
0.64611,0.64611,0.64611,0.64611,0.64611,0.64611,0.64611
0.62466,0.62466,0.62466,0.62466,0.62466,0.62466,0.62466
0.61126,0.61126,0.61126,0.61126,0.61126,0.61126,0.61126
0.60858,0.60858,0.60858,0.60858,0.60858,0.60858,0.60858
0.62198,0.62198,0.62198,0.62198,0.62198,0.62198,0.62198
0.61394,0.61394,0.61394,0.61394,0.61394,0.61394,0.61394
0.6193,0.6193,0.6193,0.6193,0.6193,0.6193,0.6193
0.64611,0.64611,0.64611,0.64611,0.64611,0.64611,0.64611
0.67292,0.67292,0.67292,0.67292,0.67292,0.67292,0.67292
0.69169,0.69169,0.69169,0.69169,0.69169,0.69169,0.69169
0.72386,0.72386,0.72386,0.72386,0.72386,0.72386,0.72386
0.73727,0.73727,0.73727,0.73727,0.73727,0.73727,0.73727
0.75603,0.75603,0.75603,0.75603,0.75603,0.75603,0.75603
0.76676,0.76676,0.76676,0.76676,0.76676,0.76676,0.76676
0.77748,0.77748,0.77748,0.77748,0.77748,0.77748,0.77748
0.77748,0.77748,0.77748,0.77748,0.77748,0.77748,0.77748
0.79893,0.79893,0.79893,0.79893,0.79893,0.79893,0.79893
0.78552,0.78552,0.78552,0.78552,0.78552,0.78552,0.78552
0.7748,0.7748,0.7748,0.7748,0.7748,0.7748,0.7748
0.76139,0.76139,0.76139,0.76139,0.76139,0.76139,0.76139
0.7319,0.7319,0.7319,0.7319,0.7319,0.7319,0.7319
0.68901,0.68901,0.68901,0.68901,0.68901,0.68901,0.68901
0.66756,0.66756,0.66756,0.66756,0.66756,0.66756,0.66756
0.65952,0.65952,0.65952,0.65952,0.65952,0.65952,0.65952
0.66756,0.66756,0.66756,0.66756,0.66756,0.66756,0.66756
0.63271,0.63271,0.63271,0.63271,0.63271,0.63271,0.63271
0.57909,0.57909,0.57909,0.57909,0.57909,0.57909,0.57909
0.5496,0.5496,0.5496,0.5496,0.5496,0.5496,0.5496
0.53351,0.53351,0.53351,0.53351,0.53351,0.53351,0.53351
0.54692,0.54692,0.54692,0.54692,0.54692,0.54692,0.54692
0.54155,0.54155,0.54155,0.54155,0.54155,0.54155,0.54155
0.54424,0.54424,0.54424,0.54424,0.54424,0.54424,0.54424
0.55228,0.55228,0.55228,0.55228,0.55228,0.55228,0.55228
0.59517,0.59517,0.59517,0.59517,0.59517,0.59517,0.59517
0.64343,0.64343,0.64343,0.64343,0.64343,0.64343,0.64343
0.6622,0.6622,0.6622,0.6622,0.6622,0.6622,0.6622
0.6756,0.6756,0.6756,0.6756,0.6756,0.6756,0.6756
0.68901,0.68901,0.68901,0.68901,0.68901,0.68901,0.68901
0.69169,0.69169,0.69169,0.69169,0.69169,0.69169,0.69169
0.69705,0.69705,0.69705,0.69705,0.69705,0.69705,0.69705
0.69169,0.69169,0.69169,0.69169,0.69169,0.69169,0.69169
0.68097,0.68097,0.68097,0.68097,0.68097,0.68097,0.68097
0.66756,0.66756,0.66756,0.66756,0.66756,0.66756,0.66756
0.65684,0.65684,0.65684,0.65684,0.65684,0.65684,0.65684
0.65952,0.65952,0.65952,0.65952,0.65952,0.65952,0.65952
0.65147,0.65147,0.65147,0.65147,0.65147,0.65147,0.65147
0.64075,0.64075,0.64075,0.64075,0.64075,0.64075,0.64075
0.63271,0.63271,0.63271,0.63271,0.63271,0.63271,0.63271
0.6059,0.6059,0.6059,0.6059,0.6059,0.6059,0.6059
0.57641,0.57641,0.57641,0.57641,0.57641,0.57641,0.57641
0.55228,0.55228,0.55228,0.55228,0.55228,0.55228,0.55228
0.53083,0.53083,0.53083,0.53083,0.53083,0.53083,0.53083
0.51743,0.51743,0.51743,0.51743,0.51743,0.51743,0.51743
0.50402,0.50402,0.50402,0.50402,0.50402,0.50402,0.50402
0.5067,0.5067,0.5067,0.5067,0.5067,0.5067,0.5067
0.54155,0.54155,0.54155,0.54155,0.54155,0.54155,0.54155
0.60858,0.60858,0.60858,0.60858,0.60858,0.60858,0.60858
0.65952,0.65952,0.65952,0.65952,0.65952,0.65952,0.65952
0.69705,0.69705,0.69705,0.69705,0.69705,0.69705,0.69705
0.74531,0.74531,0.74531,0.74531,0.74531,0.74531,0.74531
0.76408,0.76408,0.76408,0.76408,0.76408,0.76408,0.76408
0.78016,0.78016,0.78016,0.78016,0.78016,0.78016,0.78016
0.79625,0.79625,0.79625,0.79625,0.79625,0.79625,0.79625
0.79625,0.79625,0.79625,0.79625,0.79625,0.79625,0.79625
0.80429,0.80429,0.80429,0.80429,0.80429,0.80429,0.80429
0.80429,0.80429,0.80429,0.80429,0.80429,0.80429,0.80429
0.82038,0.82038,0.82038,0.82038,0.82038,0.82038,0.82038
0.80429,0.80429,0.80429,0.80429,0.80429,0.80429,0.80429
0.72922,0.72922,0.72922,0.72922,0.72922,0.72922,0.72922
0.68365,0.68365,0.68365,0.68365,0.68365,0.68365,0.68365
0.66488,0.66488,0.66488,0.66488,0.66488,0.66488,0.66488
0.63807,0.63807,0.63807,0.63807,0.63807,0.63807,0.63807
0.64611,0.64611,0.64611,0.64611,0.64611,0.64611,0.64611
0.64075,0.64075,0.64075,0.64075,0.64075,0.64075,0.64075
0.6059,0.6059,0.6059,0.6059,0.6059,0.6059,0.6059
0.5496,0.5496,0.5496,0.5496,0.5496,0.5496,0.5496
0.54155,0.54155,0.54155,0.54155,0.54155,0.54155,0.54155
0.53351,0.53351,0.53351,0.53351,0.53351,0.53351,0.53351
0.55228,0.55228,0.55228,0.55228,0.55228,0.55228,0.55228
0.58713,0.58713,0.58713,0.58713,0.58713,0.58713,0.58713
0.63271,0.63271,0.63271,0.63271,0.63271,0.63271,0.63271
0.69973,0.69973,0.69973,0.69973,0.69973,0.69973,0.69973
0.75871,0.75871,0.75871,0.75871,0.75871,0.75871,0.75871
0.80161,0.80161,0.80161,0.80161,0.80161,0.80161,0.80161
0.83914,0.83914,0.83914,0.83914,0.83914,0.83914,0.83914
0.85255,0.85255,0.85255,0.85255,0.85255,0.85255,0.85255
0.86863,0.86863,0.86863,0.86863,0.86863,0.86863,0.86863
0.8874,0.8874,0.8874,0.8874,0.8874,0.8874,0.8874
0.90617,0.90617,0.90617,0.90617,0.90617,0.90617,0.90617
0.91689,0.91689,0.91689,0.91689,0.91689,0.91689,0.91689
0.91689,0.91689,0.91689,0.91689,0.91689,0.91689,0.91689
0.91421,0.91421,0.91421,0.91421,0.91421,0.91421,0.91421
0.87399,0.87399,0.87399,0.87399,0.87399,0.87399,0.87399
0.81233,0.81233,0.81233,0.81233,0.81233,0.81233,0.81233
0.78284,0.78284,0.78284,0.78284,0.78284,0.78284,0.78284
0.76139,0.76139,0.76139,0.76139,0.76139,0.76139,0.76139
0.74799,0.74799,0.74799,0.74799,0.74799,0.74799,0.74799
0.72654,0.72654,0.72654,0.72654,0.72654,0.72654,0.72654
0.70241,0.70241,0.70241,0.70241,0.70241,0.70241,0.70241
0.68365,0.68365,0.68365,0.68365,0.68365,0.68365,0.68365
0.67292,0.67292,0.67292,0.67292,0.67292,0.67292,0.67292
0.65684,0.65684,0.65684,0.65684,0.65684,0.65684,0.65684
0.64611,0.64611,0.64611,0.64611,0.64611,0.64611,0.64611
0.67024,0.67024,0.67024,0.67024,0.67024,0.67024,0.67024
0.72654,0.72654,0.72654,0.72654,0.72654,0.72654,0.72654
0.76676,0.76676,0.76676,0.76676,0.76676,0.76676,0.76676
0.82038,0.82038,0.82038,0.82038,0.82038,0.82038,0.82038
0.86327,0.86327,0.86327,0.86327,0.86327,0.86327,0.86327
0.89008,0.89008,0.89008,0.89008,0.89008,0.89008,0.89008
0.91421,0.91421,0.91421,0.91421,0.91421,0.91421,0.91421
0.9437,0.9437,0.9437,0.9437,0.9437,0.9437,0.9437
0.9571,0.9571,0.9571,0.9571,0.9571,0.9571,0.9571
0.96783,0.96783,0.96783,0.96783,0.96783,0.96783,0.96783
0.97319,0.97319,0.97319,0.97319,0.97319,0.97319,0.97319
0.96515,0.96515,0.96515,0.96515,0.96515,0.96515,0.96515
0.94638,0.94638,0.94638,0.94638,0.94638,0.94638,0.94638
0.91421,0.91421,0.91421,0.91421,0.91421,0.91421,0.91421
0.85255,0.85255,0.85255,0.85255,0.85255,0.85255,0.85255
0.82038,0.82038,0.82038,0.82038,0.82038,0.82038,0.82038
0.79893,0.79893,0.79893,0.79893,0.79893,0.79893,0.79893
0.77748,0.77748,0.77748,0.77748,0.77748,0.77748,0.77748
0.75871,0.75871,0.75871,0.75871,0.75871,0.75871,0.75871
0.73995,0.73995,0.73995,0.73995,0.73995,0.73995,0.73995
0.71314,0.71314,0.71314,0.71314,0.71314,0.71314,0.71314
0.68633,0.68633,0.68633,0.68633,0.68633,0.68633,0.68633
0.67024,0.67024,0.67024,0.67024,0.67024,0.67024,0.67024
0.66488,0.66488,0.66488,0.66488,0.66488,0.66488,0.66488
0.69169,0.69169,0.69169,0.69169,0.69169,0.69169,0.69169
0.72922,0.72922,0.72922,0.72922,0.72922,0.72922,0.72922
0.78552,0.78552,0.78552,0.78552,0.78552,0.78552,0.78552
0.82306,0.82306,0.82306,0.82306,0.82306,0.82306,0.82306
0.86059,0.86059,0.86059,0.86059,0.86059,0.86059,0.86059
0.88204,0.88204,0.88204,0.88204,0.88204,0.88204,0.88204
0.90349,0.90349,0.90349,0.90349,0.90349,0.90349,0.90349
0.93298,0.93298,0.93298,0.93298,0.93298,0.93298,0.93298
0.94102,0.94102,0.94102,0.94102,0.94102,0.94102,0.94102
0.9437,0.9437,0.9437,0.9437,0.9437,0.9437,0.9437
0.93566,0.93566,0.93566,0.93566,0.93566,0.93566,0.93566
0.93029,0.93029,0.93029,0.93029,0.93029,0.93029,0.93029
0.90617,0.90617,0.90617,0.90617,0.90617,0.90617,0.90617
0.87936,0.87936,0.87936,0.87936,0.87936,0.87936,0.87936
0.84182,0.84182,0.84182,0.84182,0.84182,0.84182,0.84182
0.82038,0.82038,0.82038,0.82038,0.82038,0.82038,0.82038
0.79625,0.79625,0.79625,0.79625,0.79625,0.79625,0.79625
0.75603,0.75603,0.75603,0.75603,0.75603,0.75603,0.75603
0.71582,0.71582,0.71582,0.71582,0.71582,0.71582,0.71582
0.70509,0.70509,0.70509,0.70509,0.70509,0.70509,0.70509
0.71046,0.71046,0.71046,0.71046,0.71046,0.71046,0.71046
0.68365,0.68365,0.68365,0.68365,0.68365,0.68365,0.68365
0.66756,0.66756,0.66756,0.66756,0.66756,0.66756,0.66756
0.66488,0.66488,0.66488,0.66488,0.66488,0.66488,0.66488
0.68633,0.68633,0.68633,0.68633,0.68633,0.68633,0.68633
0.74531,0.74531,0.74531,0.74531,0.74531,0.74531,0.74531
0.80429,0.80429,0.80429,0.80429,0.80429,0.80429,0.80429
0.83914,0.83914,0.83914,0.83914,0.83914,0.83914,0.83914
0.87399,0.87399,0.87399,0.87399,0.87399,0.87399,0.87399
0.90885,0.90885,0.90885,0.90885,0.90885,0.90885,0.90885
0.93029,0.93029,0.93029,0.93029,0.93029,0.93029,0.93029
0.95442,0.95442,0.95442,0.95442,0.95442,0.95442,0.95442
0.96515,0.96515,0.96515,0.96515,0.96515,0.96515,0.96515
0.97051,0.97051,0.97051,0.97051,0.97051,0.97051,0.97051
0.97319,0.97319,0.97319,0.97319,0.97319,0.97319,0.97319
0.96515,0.96515,0.96515,0.96515,0.96515,0.96515,0.96515
0.94906,0.94906,0.94906,0.94906,0.94906,0.94906,0.94906
0.91421,0.91421,0.91421,0.91421,0.91421,0.91421,0.91421
0.87936,0.87936,0.87936,0.87936,0.87936,0.87936,0.87936
0.84718,0.84718,0.84718,0.84718,0.84718,0.84718,0.84718
0.8311,0.8311,0.8311,0.8311,0.8311,0.8311,0.8311
0.81501,0.81501,0.81501,0.81501,0.81501,0.81501,0.81501
0.79357,0.79357,0.79357,0.79357,0.79357,0.79357,0.79357
0.84777,0.941818735734526,0.925562051328246,0.96085861689052,0.891778760634478,0.961768986574081,0.925969537844124
0.85542,0.947881639285148,0.936748980851064,0.965195798498868,0.91670447523798,0.936070702105359,0.933143028970706
0.8729,0.956256029465409,0.945322811998667,0.972886647799353,0.944985696116297,0.940416257611621,0.950631438545892
0.88968,0.963403005378238,0.951603520559873,0.977373866432813,0.958126794867664,0.948086605891671,0.955565387543671
0.9054,0.982885799631961,0.968682401134634,0.991117450799781,0.961057730561902,0.961931087709509,0.946000803239051
0.913,1.00828972064454,0.990681064359483,1.01937345627569,0.958156027301427,0.974367311839168,0.940552576782703
0.92515,1.01421356981238,0.993890805400536,1.03823330984428,0.945979399222132,0.98166524138335,0.928868878211155
0.93314,1.01373597640965,1.00860047735216,1.05376645877387,0.942300623759674,1.00435509284959,0.93575319344234
0.9411,0.997612907526881,1.00642779377997,1.05593421158485,0.95295679310174,1.0037692387725,0.985458646644596
0.88238,0.985313211966758,1.00706709321346,1.05493822798186,0.944393208945576,0.996532473735114,1.01832083505703
0.87371,0.99087117756387,0.990190460871304,1.00802267157534,0.956129745172415,0.973724116475603,1.02775686697961
0.85094,0.982508829516115,0.972587287614796,0.980956467459448,0.932549982193614,0.971676967097118,1.02172027870666
0.83027,0.985130848272319,1.00356787247739,1.00066509213386,0.914893718988532,0.98905075167837,1.00438918590071
0.82836,0.987173212773414,0.991953756520162,1.00323931874287,0.939028814554065,0.979811649651052,0.999038093172694
0.85973,0.986971748943566,0.978148556754644,0.988168891157486,0.932894006115999,0.957250732616149,0.975683194974398
0.89822,0.953992114029513,0.927317631014514,0.959767540293422,0.903775581238031,0.947829456140362,0.963266619776899
0.93114,0.939155985405289,0.901287885201022,0.890234854868959,0.88203917855451,0.938527165419684,0.956041133615083
0.94825,0.926523728590146,0.892927096223964,0.852959839895711,0.871747183392058,0.91979421126916,0.938779983391942
0.93622,0.927232426701467,0.901982969863092,0.884179064938143,0.874417107360512,0.917469979781724,0.927924756182027
0.90808,0.937463704435091,0.91090271316741,0.898510278463558,0.898415526571695,0.919902176146879,0.929586275892125
0.88535,0.946089439729052,0.912684175996898,0.885188262629052,0.909581565594771,0.94094580417146,0.929576776642625
0.87059,0.916102478218974,0.86845623990543,0.843260539156897,0.896756527144762,0.932837774786373,0.911207687560965
0.86527,0.948606623847972,0.905622020361991,0.896041885283555,0.927324226793225,0.959308826128033,0.902118594491492
0.86078,0.950491599813045,0.90827657967184,0.916166268508181,0.933807399045306,0.913687517611951,0.888935958063957
