original,trained_s_1,trained_s_2,trained_s_3,trained_b_1,trained_b_2,trained_b_3
0.69973,0.69973,0.69973,0.69973,0.69973,0.69973,0.69973
0.69169,0.69169,0.69169,0.69169,0.69169,0.69169,0.69169
0.68097,0.68097,0.68097,0.68097,0.68097,0.68097,0.68097
0.66756,0.66756,0.66756,0.66756,0.66756,0.66756,0.66756
0.67024,0.67024,0.67024,0.67024,0.67024,0.67024,0.67024
0.69973,0.69973,0.69973,0.69973,0.69973,0.69973,0.69973
0.75871,0.75871,0.75871,0.75871,0.75871,0.75871,0.75871
0.80965,0.80965,0.80965,0.80965,0.80965,0.80965,0.80965
0.85791,0.85791,0.85791,0.85791,0.85791,0.85791,0.85791
0.89276,0.89276,0.89276,0.89276,0.89276,0.89276,0.89276
0.91689,0.91689,0.91689,0.91689,0.91689,0.91689,0.91689
0.92761,0.92761,0.92761,0.92761,0.92761,0.92761,0.92761
0.93566,0.93566,0.93566,0.93566,0.93566,0.93566,0.93566
0.97587,0.97587,0.97587,0.97587,0.97587,0.97587,0.97587
0.96783,0.96783,0.96783,0.96783,0.96783,0.96783,0.96783
0.98123,0.98123,0.98123,0.98123,0.98123,0.98123,0.98123
0.96247,0.96247,0.96247,0.96247,0.96247,0.96247,0.96247
0.95442,0.95442,0.95442,0.95442,0.95442,0.95442,0.95442
0.93566,0.93566,0.93566,0.93566,0.93566,0.93566,0.93566
0.86863,0.86863,0.86863,0.86863,0.86863,0.86863,0.86863
0.8311,0.8311,0.8311,0.8311,0.8311,0.8311,0.8311
0.80697,0.80697,0.80697,0.80697,0.80697,0.80697,0.80697
0.78552,0.78552,0.78552,0.78552,0.78552,0.78552,0.78552
0.77212,0.77212,0.77212,0.77212,0.77212,0.77212,0.77212
0.76139,0.76139,0.76139,0.76139,0.76139,0.76139,0.76139
0.75603,0.75603,0.75603,0.75603,0.75603,0.75603,0.75603
0.7319,0.7319,0.7319,0.7319,0.7319,0.7319,0.7319
0.7185,0.7185,0.7185,0.7185,0.7185,0.7185,0.7185
0.72654,0.72654,0.72654,0.72654,0.72654,0.72654,0.72654
0.73458,0.73458,0.73458,0.73458,0.73458,0.73458,0.73458
0.77748,0.77748,0.77748,0.77748,0.77748,0.77748,0.77748
0.8445,0.8445,0.8445,0.8445,0.8445,0.8445,0.8445
0.90617,0.90617,0.90617,0.90617,0.90617,0.90617,0.90617
0.93298,0.93298,0.93298,0.93298,0.93298,0.93298,0.93298
0.9437,0.9437,0.9437,0.9437,0.9437,0.9437,0.9437
0.98123,0.98123,0.98123,0.98123,0.98123,0.98123,0.98123
1,1,1,1,1,1,1
0.98928,0.98928,0.98928,0.98928,0.98928,0.98928,0.98928
0.89276,0.89276,0.89276,0.89276,0.89276,0.89276,0.89276
0.80429,0.80429,0.80429,0.80429,0.80429,0.80429,0.80429
0.87668,0.87668,0.87668,0.87668,0.87668,0.87668,0.87668
0.89812,0.89812,0.89812,0.89812,0.89812,0.89812,0.89812
0.89544,0.89544,0.89544,0.89544,0.89544,0.89544,0.89544
0.84987,0.84987,0.84987,0.84987,0.84987,0.84987,0.84987
0.81501,0.81501,0.81501,0.81501,0.81501,0.81501,0.81501
0.79893,0.79893,0.79893,0.79893,0.79893,0.79893,0.79893
0.78016,0.78016,0.78016,0.78016,0.78016,0.78016,0.78016
0.76139,0.76139,0.76139,0.76139,0.76139,0.76139,0.76139
0.73995,0.73995,0.73995,0.73995,0.73995,0.73995,0.73995
0.72118,0.72118,0.72118,0.72118,0.72118,0.72118,0.72118
0.70509,0.70509,0.70509,0.70509,0.70509,0.70509,0.70509
0.69705,0.69705,0.69705,0.69705,0.69705,0.69705,0.69705
0.69437,0.69437,0.69437,0.69437,0.69437,0.69437,0.69437
0.71582,0.71582,0.71582,0.71582,0.71582,0.71582,0.71582
0.76139,0.76139,0.76139,0.76139,0.76139,0.76139,0.76139
0.82306,0.82306,0.82306,0.82306,0.82306,0.82306,0.82306
0.8445,0.8445,0.8445,0.8445,0.8445,0.8445,0.8445
0.84182,0.84182,0.84182,0.84182,0.84182,0.84182,0.84182
0.86595,0.86595,0.86595,0.86595,0.86595,0.86595,0.86595
0.89812,0.89812,0.89812,0.89812,0.89812,0.89812,0.89812
0.91153,0.91153,0.91153,0.91153,0.91153,0.91153,0.91153
0.91957,0.91957,0.91957,0.91957,0.91957,0.91957,0.91957
0.90885,0.90885,0.90885,0.90885,0.90885,0.90885,0.90885
0.93566,0.93566,0.93566,0.93566,0.93566,0.93566,0.93566
0.92225,0.92225,0.92225,0.92225,0.92225,0.92225,0.92225
0.84182,0.84182,0.84182,0.84182,0.84182,0.84182,0.84182
0.85791,0.85791,0.85791,0.85791,0.85791,0.85791,0.85791
0.81769,0.81769,0.81769,0.81769,0.81769,0.81769,0.81769
0.79893,0.79893,0.79893,0.79893,0.79893,0.79893,0.79893
0.76676,0.76676,0.76676,0.76676,0.76676,0.76676,0.76676
0.75603,0.75603,0.75603,0.75603,0.75603,0.75603,0.75603
0.74531,0.74531,0.74531,0.74531,0.74531,0.74531,0.74531
0.70777,0.70777,0.70777,0.70777,0.70777,0.70777,0.70777
0.68365,0.68365,0.68365,0.68365,0.68365,0.68365,0.68365
0.67828,0.67828,0.67828,0.67828,0.67828,0.67828,0.67828
0.65416,0.65416,0.65416,0.65416,0.65416,0.65416,0.65416
0.62466,0.62466,0.62466,0.62466,0.62466,0.62466,0.62466
0.66488,0.66488,0.66488,0.66488,0.66488,0.66488,0.66488
0.69169,0.69169,0.69169,0.69169,0.69169,0.69169,0.69169
0.73727,0.73727,0.73727,0.73727,0.73727,0.73727,0.73727
0.76408,0.76408,0.76408,0.76408,0.76408,0.76408,0.76408
0.78552,0.78552,0.78552,0.78552,0.78552,0.78552,0.78552
0.80965,0.80965,0.80965,0.80965,0.80965,0.80965,0.80965
0.83914,0.83914,0.83914,0.83914,0.83914,0.83914,0.83914
0.84987,0.84987,0.84987,0.84987,0.84987,0.84987,0.84987
0.84718,0.84718,0.84718,0.84718,0.84718,0.84718,0.84718
0.82842,0.82842,0.82842,0.82842,0.82842,0.82842,0.82842
0.78284,0.78284,0.78284,0.78284,0.78284,0.78284,0.78284
0.78284,0.78284,0.78284,0.78284,0.78284,0.78284,0.78284
0.78552,0.78552,0.78552,0.78552,0.78552,0.78552,0.78552
0.76676,0.76676,0.76676,0.76676,0.76676,0.76676,0.76676
0.73995,0.73995,0.73995,0.73995,0.73995,0.73995,0.73995
0.7185,0.7185,0.7185,0.7185,0.7185,0.7185,0.7185
0.71046,0.71046,0.71046,0.71046,0.71046,0.71046,0.71046
0.6756,0.6756,0.6756,0.6756,0.6756,0.6756,0.6756
0.65147,0.65147,0.65147,0.65147,0.65147,0.65147,0.65147
0.64075,0.64075,0.64075,0.64075,0.64075,0.64075,0.64075
0.62735,0.62735,0.62735,0.62735,0.62735,0.62735,0.62735
0.60322,0.60322,0.60322,0.60322,0.60322,0.60322,0.60322
0.58981,0.58981,0.58981,0.58981,0.58981,0.58981,0.58981
0.59786,0.59786,0.59786,0.59786,0.59786,0.59786,0.59786
0.63271,0.63271,0.63271,0.63271,0.63271,0.63271,0.63271
0.70777,0.70777,0.70777,0.70777,0.70777,0.70777,0.70777
0.73727,0.73727,0.73727,0.73727,0.73727,0.73727,0.73727
0.76139,0.76139,0.76139,0.76139,0.76139,0.76139,0.76139
0.78552,0.78552,0.78552,0.78552,0.78552,0.78552,0.78552
0.81233,0.81233,0.81233,0.81233,0.81233,0.81233,0.81233
0.8311,0.8311,0.8311,0.8311,0.8311,0.8311,0.8311
0.84987,0.84987,0.84987,0.84987,0.84987,0.84987,0.84987
0.85255,0.85255,0.85255,0.85255,0.85255,0.85255,0.85255
0.86059,0.86059,0.86059,0.86059,0.86059,0.86059,0.86059
0.86059,0.86059,0.86059,0.86059,0.86059,0.86059,0.86059
0.84987,0.84987,0.84987,0.84987,0.84987,0.84987,0.84987
0.81769,0.81769,0.81769,0.81769,0.81769,0.81769,0.81769
0.7882,0.7882,0.7882,0.7882,0.7882,0.7882,0.7882
0.76676,0.76676,0.76676,0.76676,0.76676,0.76676,0.76676
0.75067,0.75067,0.75067,0.75067,0.75067,0.75067,0.75067
0.72922,0.72922,0.72922,0.72922,0.72922,0.72922,0.72922
0.69973,0.69973,0.69973,0.69973,0.69973,0.69973,0.69973
0.6622,0.6622,0.6622,0.6622,0.6622,0.6622,0.6622
0.65684,0.65684,0.65684,0.65684,0.65684,0.65684,0.65684
0.64343,0.64343,0.64343,0.64343,0.64343,0.64343,0.64343
0.63271,0.63271,0.63271,0.63271,0.63271,0.63271,0.63271
0.62735,0.62735,0.62735,0.62735,0.62735,0.62735,0.62735
0.64611,0.64611,0.64611,0.64611,0.64611,0.64611,0.64611
0.65147,0.65147,0.65147,0.65147,0.65147,0.65147,0.65147
0.71046,0.71046,0.71046,0.71046,0.71046,0.71046,0.71046
0.74799,0.74799,0.74799,0.74799,0.74799,0.74799,0.74799
0.78284,0.78284,0.78284,0.78284,0.78284,0.78284,0.78284
0.82306,0.82306,0.82306,0.82306,0.82306,0.82306,0.82306
0.85523,0.85523,0.85523,0.85523,0.85523,0.85523,0.85523
0.87399,0.87399,0.87399,0.87399,0.87399,0.87399,0.87399
0.8874,0.8874,0.8874,0.8874,0.8874,0.8874,0.8874
0.89812,0.89812,0.89812,0.89812,0.89812,0.89812,0.89812
0.89544,0.89544,0.89544,0.89544,0.89544,0.89544,0.89544
0.8874,0.8874,0.8874,0.8874,0.8874,0.8874,0.8874
0.87131,0.87131,0.87131,0.87131,0.87131,0.87131,0.87131
0.84718,0.84718,0.84718,0.84718,0.84718,0.84718,0.84718
0.81769,0.81769,0.81769,0.81769,0.81769,0.81769,0.81769
0.77748,0.77748,0.77748,0.77748,0.77748,0.77748,0.77748
0.75335,0.75335,0.75335,0.75335,0.75335,0.75335,0.75335
0.73727,0.73727,0.73727,0.73727,0.73727,0.73727,0.73727
0.7319,0.7319,0.7319,0.7319,0.7319,0.7319,0.7319
0.7319,0.7319,0.7319,0.7319,0.7319,0.7319,0.7319
0.72386,0.72386,0.72386,0.72386,0.72386,0.72386,0.72386
0.71046,0.71046,0.71046,0.71046,0.71046,0.71046,0.71046
0.69437,0.69437,0.69437,0.69437,0.69437,0.69437,0.69437
0.67828,0.67828,0.67828,0.67828,0.67828,0.67828,0.67828
0.6756,0.6756,0.6756,0.6756,0.6756,0.6756,0.6756
0.67292,0.67292,0.67292,0.67292,0.67292,0.67292,0.67292
0.70777,0.70777,0.70777,0.70777,0.70777,0.70777,0.70777
0.73995,0.73995,0.73995,0.73995,0.73995,0.73995,0.73995
0.76408,0.76408,0.76408,0.76408,0.76408,0.76408,0.76408
0.81769,0.81769,0.81769,0.81769,0.81769,0.81769,0.81769
0.85523,0.85523,0.85523,0.85523,0.85523,0.85523,0.85523
0.89008,0.89008,0.89008,0.89008,0.89008,0.89008,0.89008
0.91957,0.91957,0.91957,0.91957,0.91957,0.91957,0.91957
0.91689,0.91689,0.91689,0.91689,0.91689,0.91689,0.91689
0.92493,0.92493,0.92493,0.92493,0.92493,0.92493,0.92493
0.93566,0.93566,0.93566,0.93566,0.93566,0.93566,0.93566
0.92493,0.92493,0.92493,0.92493,0.92493,0.92493,0.92493
0.8874,0.8874,0.8874,0.8874,0.8874,0.8874,0.8874
0.85255,0.85255,0.85255,0.85255,0.85255,0.85255,0.85255
0.83378,0.83378,0.83378,0.83378,0.83378,0.83378,0.83378
0.82306,0.82306,0.82306,0.82306,0.82306,0.82306,0.82306
0.79625,0.79625,0.79625,0.79625,0.79625,0.79625,0.79625
0.76676,0.76676,0.76676,0.76676,0.76676,0.76676,0.76676
0.75335,0.75335,0.75335,0.75335,0.75335,0.75335,0.75335
0.74263,0.74263,0.74263,0.74263,0.74263,0.74263,0.74263
0.72654,0.72654,0.72654,0.72654,0.72654,0.72654,0.72654
0.69973,0.69973,0.69973,0.69973,0.69973,0.69973,0.69973
0.67828,0.67828,0.67828,0.67828,0.67828,0.67828,0.67828
0.6622,0.6622,0.6622,0.6622,0.6622,0.6622,0.6622
0.69437,0.69437,0.69437,0.69437,0.69437,0.69437,0.69437
0.72386,0.72386,0.72386,0.72386,0.72386,0.72386,0.72386
0.76676,0.76676,0.76676,0.76676,0.76676,0.76676,0.76676
0.78552,0.78552,0.78552,0.78552,0.78552,0.78552,0.78552
0.82842,0.82842,0.82842,0.82842,0.82842,0.82842,0.82842
0.86327,0.86327,0.86327,0.86327,0.86327,0.86327,0.86327
0.87936,0.87936,0.87936,0.87936,0.87936,0.87936,0.87936
0.89008,0.89008,0.89008,0.89008,0.89008,0.89008,0.89008
0.90349,0.90349,0.90349,0.90349,0.90349,0.90349,0.90349
0.90617,0.90617,0.90617,0.90617,0.90617,0.90617,0.90617
0.88472,0.88472,0.88472,0.88472,0.88472,0.88472,0.88472
0.83378,0.83378,0.83378,0.83378,0.83378,0.83378,0.83378
0.82574,0.82574,0.82574,0.82574,0.82574,0.82574,0.82574
0.81501,0.81501,0.81501,0.81501,0.81501,0.81501,0.81501
0.81233,0.81233,0.81233,0.81233,0.81233,0.81233,0.81233
0.79357,0.79357,0.79357,0.79357,0.79357,0.79357,0.79357
0.77748,0.77748,0.77748,0.77748,0.77748,0.77748,0.77748
0.76408,0.76408,0.76408,0.76408,0.76408,0.76408,0.76408
0.74531,0.74531,0.74531,0.74531,0.74531,0.74531,0.74531
0.72118,0.72118,0.72118,0.72118,0.72118,0.72118,0.72118
0.70241,0.70241,0.70241,0.70241,0.70241,0.70241,0.70241
0.69169,0.69169,0.69169,0.69169,0.69169,0.69169,0.69169
0.67828,0.67828,0.67828,0.67828,0.67828,0.67828,0.67828
0.66488,0.66488,0.66488,0.66488,0.66488,0.66488,0.66488
0.68365,0.68365,0.68365,0.68365,0.68365,0.68365,0.68365
0.73458,0.73458,0.73458,0.73458,0.73458,0.73458,0.73458
0.78284,0.78284,0.78284,0.78284,0.78284,0.78284,0.78284
0.82306,0.82306,0.82306,0.82306,0.82306,0.82306,0.82306
0.85255,0.85255,0.85255,0.85255,0.85255,0.85255,0.85255
0.88204,0.88204,0.88204,0.88204,0.88204,0.88204,0.88204
0.90617,0.90617,0.90617,0.90617,0.90617,0.90617,0.90617
0.90885,0.90885,0.90885,0.90885,0.90885,0.90885,0.90885
0.93566,0.93566,0.93566,0.93566,0.93566,0.93566,0.93566
0.94638,0.94638,0.94638,0.94638,0.94638,0.94638,0.94638
0.94906,0.94906,0.94906,0.94906,0.94906,0.94906,0.94906
0.93029,0.93029,0.93029,0.93029,0.93029,0.93029,0.93029
0.80161,0.80161,0.80161,0.80161,0.80161,0.80161,0.80161
0.74263,0.74263,0.74263,0.74263,0.74263,0.74263,0.74263
0.78016,0.78016,0.78016,0.78016,0.78016,0.78016,0.78016
0.78016,0.78016,0.78016,0.78016,0.78016,0.78016,0.78016
0.76408,0.76408,0.76408,0.76408,0.76408,0.76408,0.76408
0.75067,0.75067,0.75067,0.75067,0.75067,0.75067,0.75067
0.73458,0.73458,0.73458,0.73458,0.73458,0.73458,0.73458
0.72654,0.72654,0.72654,0.72654,0.72654,0.72654,0.72654
0.70241,0.70241,0.70241,0.70241,0.70241,0.70241,0.70241
0.68633,0.68633,0.68633,0.68633,0.68633,0.68633,0.68633
0.67828,0.67828,0.67828,0.67828,0.67828,0.67828,0.67828
0.67828,0.67828,0.67828,0.67828,0.67828,0.67828,0.67828
0.70777,0.70777,0.70777,0.70777,0.70777,0.70777,0.70777
0.73727,0.73727,0.73727,0.73727,0.73727,0.73727,0.73727
0.76408,0.76408,0.76408,0.76408,0.76408,0.76408,0.76408
0.79088,0.79088,0.79088,0.79088,0.79088,0.79088,0.79088
0.83378,0.83378,0.83378,0.83378,0.83378,0.83378,0.83378
0.84987,0.84987,0.84987,0.84987,0.84987,0.84987,0.84987
0.8445,0.8445,0.8445,0.8445,0.8445,0.8445,0.8445
0.86327,0.86327,0.86327,0.86327,0.86327,0.86327,0.86327
0.87936,0.87936,0.87936,0.87936,0.87936,0.87936,0.87936
0.8874,0.8874,0.8874,0.8874,0.8874,0.8874,0.8874
0.89008,0.89008,0.89008,0.89008,0.89008,0.89008,0.89008
0.86863,0.86863,0.86863,0.86863,0.86863,0.86863,0.86863
0.83646,0.83646,0.83646,0.83646,0.83646,0.83646,0.83646
0.78284,0.78284,0.78284,0.78284,0.78284,0.78284,0.78284
0.72922,0.72922,0.72922,0.72922,0.72922,0.72922,0.72922
0.69973,0.69973,0.69973,0.69973,0.69973,0.69973,0.69973
0.70241,0.70241,0.70241,0.70241,0.70241,0.70241,0.70241
0.70241,0.70241,0.70241,0.70241,0.70241,0.70241,0.70241
0.68901,0.68901,0.68901,0.68901,0.68901,0.68901,0.68901
0.66756,0.66756,0.66756,0.66756,0.66756,0.66756,0.66756
0.6622,0.6622,0.6622,0.6622,0.6622,0.6622,0.6622
0.65684,0.65684,0.65684,0.65684,0.65684,0.65684,0.65684
0.6622,0.6622,0.6622,0.6622,0.6622,0.6622,0.6622
0.65416,0.65416,0.65416,0.65416,0.65416,0.65416,0.65416
0.65416,0.65416,0.65416,0.65416,0.65416,0.65416,0.65416
0.67292,0.67292,0.67292,0.67292,0.67292,0.67292,0.67292
0.70241,0.70241,0.70241,0.70241,0.70241,0.70241,0.70241
0.73995,0.73995,0.73995,0.73995,0.73995,0.73995,0.73995
0.76944,0.76944,0.76944,0.76944,0.76944,0.76944,0.76944
0.78284,0.78284,0.78284,0.78284,0.78284,0.78284,0.78284
0.80161,0.80161,0.80161,0.80161,0.80161,0.80161,0.80161
0.81501,0.81501,0.81501,0.81501,0.81501,0.81501,0.81501
0.82574,0.82574,0.82574,0.82574,0.82574,0.82574,0.82574
0.82574,0.82574,0.82574,0.82574,0.82574,0.82574,0.82574
0.82842,0.82842,0.82842,0.82842,0.82842,0.82842,0.82842
0.82306,0.82306,0.82306,0.82306,0.82306,0.82306,0.82306
0.80429,0.80429,0.80429,0.80429,0.80429,0.80429,0.80429
0.7882,0.7882,0.7882,0.7882,0.7882,0.7882,0.7882
0.76408,0.76408,0.76408,0.76408,0.76408,0.76408,0.76408
0.74799,0.74799,0.74799,0.74799,0.74799,0.74799,0.74799
0.7319,0.7319,0.7319,0.7319,0.7319,0.7319,0.7319
0.69973,0.69973,0.69973,0.69973,0.69973,0.69973,0.69973
0.66756,0.66756,0.66756,0.66756,0.66756,0.66756,0.66756
0.65147,0.65147,0.65147,0.65147,0.65147,0.65147,0.65147
0.63271,0.63271,0.63271,0.63271,0.63271,0.63271,0.63271
0.62466,0.62466,0.62466,0.62466,0.62466,0.62466,0.62466
0.61662,0.61662,0.61662,0.61662,0.61662,0.61662,0.61662
0.63271,0.63271,0.63271,0.63271,0.63271,0.63271,0.63271
0.66488,0.66488,0.66488,0.66488,0.66488,0.66488,0.66488
0.73458,0.73458,0.73458,0.73458,0.73458,0.73458,0.73458
0.7748,0.7748,0.7748,0.7748,0.7748,0.7748,0.7748
0.79893,0.79893,0.79893,0.79893,0.79893,0.79893,0.79893
0.8311,0.8311,0.8311,0.8311,0.8311,0.8311,0.8311
0.85791,0.85791,0.85791,0.85791,0.85791,0.85791,0.85791
0.86863,0.86863,0.86863,0.86863,0.86863,0.86863,0.86863
0.8874,0.8874,0.8874,0.8874,0.8874,0.8874,0.8874
0.89812,0.89812,0.89812,0.89812,0.89812,0.89812,0.89812
0.9008,0.9008,0.9008,0.9008,0.9008,0.9008,0.9008
0.87668,0.87668,0.87668,0.87668,0.87668,0.87668,0.87668
0.87131,0.87131,0.87131,0.87131,0.87131,0.87131,0.87131
0.80161,0.80161,0.80161,0.80161,0.80161,0.80161,0.80161
0.76676,0.76676,0.76676,0.76676,0.76676,0.76676,0.76676
0.74531,0.74531,0.74531,0.74531,0.74531,0.74531,0.74531
0.72386,0.72386,0.72386,0.72386,0.72386,0.72386,0.72386
0.72386,0.72386,0.72386,0.72386,0.72386,0.72386,0.72386
0.69169,0.69169,0.69169,0.69169,0.69169,0.69169,0.69169
0.6756,0.6756,0.6756,0.6756,0.6756,0.6756,0.6756
0.68365,0.68365,0.68365,0.68365,0.68365,0.68365,0.68365
0.68097,0.68097,0.68097,0.68097,0.68097,0.68097,0.68097
0.68097,0.68097,0.68097,0.68097,0.68097,0.68097,0.68097
0.68633,0.68633,0.68633,0.68633,0.68633,0.68633,0.68633
0.66488,0.66488,0.66488,0.66488,0.66488,0.66488,0.66488
0.67828,0.67828,0.67828,0.67828,0.67828,0.67828,0.67828
0.71046,0.71046,0.71046,0.71046,0.71046,0.71046,0.71046
0.7748,0.7748,0.7748,0.7748,0.7748,0.7748,0.7748
0.80161,0.80161,0.80161,0.80161,0.80161,0.80161,0.80161
0.83646,0.83646,0.83646,0.83646,0.83646,0.83646,0.83646
0.85523,0.85523,0.85523,0.85523,0.85523,0.85523,0.85523
0.87668,0.87668,0.87668,0.87668,0.87668,0.87668,0.87668
0.87936,0.87936,0.87936,0.87936,0.87936,0.87936,0.87936
0.90617,0.90617,0.90617,0.90617,0.90617,0.90617,0.90617
0.90617,0.90617,0.90617,0.90617,0.90617,0.90617,0.90617
0.90885,0.90885,0.90885,0.90885,0.90885,0.90885,0.90885
0.91421,0.91421,0.91421,0.91421,0.91421,0.91421,0.91421
0.90617,0.90617,0.90617,0.90617,0.90617,0.90617,0.90617
0.86059,0.86059,0.86059,0.86059,0.86059,0.86059,0.86059
0.83378,0.83378,0.83378,0.83378,0.83378,0.83378,0.83378
0.81233,0.81233,0.81233,0.81233,0.81233,0.81233,0.81233
0.78016,0.78016,0.78016,0.78016,0.78016,0.78016,0.78016
0.77212,0.77212,0.77212,0.77212,0.77212,0.77212,0.77212
0.7185,0.7185,0.7185,0.7185,0.7185,0.7185,0.7185
0.70241,0.70241,0.70241,0.70241,0.70241,0.70241,0.70241
0.68097,0.68097,0.68097,0.68097,0.68097,0.68097,0.68097
0.66488,0.66488,0.66488,0.66488,0.66488,0.66488,0.66488
0.6622,0.6622,0.6622,0.6622,0.6622,0.6622,0.6622
0.67024,0.67024,0.67024,0.67024,0.67024,0.67024,0.67024
0.69169,0.69169,0.69169,0.69169,0.69169,0.69169,0.69169
0.75871,0.75871,0.75871,0.75871,0.75871,0.75871,0.75871
0.78016,0.78016,0.78016,0.78016,0.78016,0.78016,0.78016
0.80697,0.80697,0.80697,0.80697,0.80697,0.80697,0.80697
0.82842,0.82842,0.82842,0.82842,0.82842,0.82842,0.82842
0.85523,0.85523,0.85523,0.85523,0.85523,0.85523,0.85523
0.87936,0.87936,0.87936,0.87936,0.87936,0.87936,0.87936
0.89008,0.89008,0.89008,0.89008,0.89008,0.89008,0.89008
0.89812,0.89812,0.89812,0.89812,0.89812,0.89812,0.89812
0.89812,0.89812,0.89812,0.89812,0.89812,0.89812,0.89812
0.88472,0.88472,0.88472,0.88472,0.88472,0.88472,0.88472
0.86595,0.86595,0.86595,0.86595,0.86595,0.86595,0.86595
0.82306,0.82306,0.82306,0.82306,0.82306,0.82306,0.82306
0.79357,0.79357,0.79357,0.79357,0.79357,0.79357,0.79357
0.7882,0.7882,0.7882,0.7882,0.7882,0.7882,0.7882
0.76944,0.76944,0.76944,0.76944,0.76944,0.76944,0.76944
0.75335,0.75335,0.75335,0.75335,0.75335,0.75335,0.75335
0.73458,0.73458,0.73458,0.73458,0.73458,0.73458,0.73458
0.71582,0.71582,0.71582,0.71582,0.71582,0.71582,0.71582
0.68901,0.68901,0.68901,0.68901,0.68901,0.68901,0.68901
0.67828,0.67828,0.67828,0.67828,0.67828,0.67828,0.67828
0.65952,0.65952,0.65952,0.65952,0.65952,0.65952,0.65952
0.65416,0.65416,0.65416,0.65416,0.65416,0.65416,0.65416
0.64879,0.64879,0.64879,0.64879,0.64879,0.64879,0.64879
0.68365,0.68365,0.68365,0.68365,0.68365,0.68365,0.68365
0.7319,0.7319,0.7319,0.7319,0.7319,0.7319,0.7319
0.79625,0.79625,0.79625,0.79625,0.79625,0.79625,0.79625
0.81233,0.81233,0.81233,0.81233,0.81233,0.81233,0.81233
0.85523,0.85523,0.85523,0.85523,0.85523,0.85523,0.85523
0.87399,0.87399,0.87399,0.87399,0.87399,0.87399,0.87399
0.87668,0.87668,0.87668,0.87668,0.87668,0.87668,0.87668
0.85523,0.85523,0.85523,0.85523,0.85523,0.85523,0.85523
0.84987,0.84987,0.84987,0.84987,0.84987,0.84987,0.84987
0.88204,0.88204,0.88204,0.88204,0.88204,0.88204,0.88204
0.90885,0.90885,0.90885,0.90885,0.90885,0.90885,0.90885
0.89812,0.89812,0.89812,0.89812,0.89812,0.89812,0.89812
0.89812,0.89812,0.89812,0.89812,0.89812,0.89812,0.89812
0.87936,0.87936,0.87936,0.87936,0.87936,0.87936,0.87936
0.85523,0.85523,0.85523,0.85523,0.85523,0.85523,0.85523
0.82306,0.82306,0.82306,0.82306,0.82306,0.82306,0.82306
0.80429,0.80429,0.80429,0.80429,0.80429,0.80429,0.80429
0.7882,0.7882,0.7882,0.7882,0.7882,0.7882,0.7882
0.7748,0.7748,0.7748,0.7748,0.7748,0.7748,0.7748
0.75603,0.75603,0.75603,0.75603,0.75603,0.75603,0.75603
0.72922,0.72922,0.72922,0.72922,0.72922,0.72922,0.72922
0.71046,0.71046,0.71046,0.71046,0.71046,0.71046,0.71046
0.68633,0.68633,0.68633,0.68633,0.68633,0.68633,0.68633
0.68633,0.68633,0.68633,0.68633,0.68633,0.68633,0.68633
0.71046,0.71046,0.71046,0.71046,0.71046,0.71046,0.71046
0.75871,0.75871,0.75871,0.75871,0.75871,0.75871,0.75871
0.79893,0.79893,0.79893,0.79893,0.79893,0.79893,0.79893
0.8311,0.8311,0.8311,0.8311,0.8311,0.8311,0.8311
0.85791,0.85791,0.85791,0.85791,0.85791,0.85791,0.85791
0.89008,0.89008,0.89008,0.89008,0.89008,0.89008,0.89008
0.90885,0.90885,0.90885,0.90885,0.90885,0.90885,0.90885
0.93566,0.93566,0.93566,0.93566,0.93566,0.93566,0.93566
0.94906,0.94906,0.94906,0.94906,0.94906,0.94906,0.94906
0.94638,0.94638,0.94638,0.94638,0.94638,0.94638,0.94638
0.9437,0.9437,0.9437,0.9437,0.9437,0.9437,0.9437
0.9437,0.9437,0.9437,0.9437,0.9437,0.9437,0.9437
0.93298,0.93298,0.93298,0.93298,0.93298,0.93298,0.93298
0.91957,0.91957,0.91957,0.91957,0.91957,0.91957,0.91957
0.88472,0.88472,0.88472,0.88472,0.88472,0.88472,0.88472
0.84987,0.84987,0.84987,0.84987,0.84987,0.84987,0.84987
0.82574,0.82574,0.82574,0.82574,0.82574,0.82574,0.82574
0.82306,0.82306,0.82306,0.82306,0.82306,0.82306,0.82306
0.80429,0.80429,0.80429,0.80429,0.80429,0.80429,0.80429
0.76408,0.76408,0.76408,0.76408,0.76408,0.76408,0.76408
0.72922,0.72922,0.72922,0.72922,0.72922,0.72922,0.72922
0.72118,0.72118,0.72118,0.72118,0.72118,0.72118,0.72118
0.69705,0.69705,0.69705,0.69705,0.69705,0.69705,0.69705
0.72386,0.72386,0.72386,0.72386,0.72386,0.72386,0.72386
0.71314,0.71314,0.71314,0.71314,0.71314,0.71314,0.71314
0.7748,0.7748,0.7748,0.7748,0.7748,0.7748,0.7748
0.82842,0.82842,0.82842,0.82842,0.82842,0.82842,0.82842
0.85255,0.85255,0.85255,0.85255,0.85255,0.85255,0.85255
0.88472,0.88472,0.88472,0.88472,0.88472,0.88472,0.88472
0.91421,0.91421,0.91421,0.91421,0.91421,0.91421,0.91421
0.93029,0.93029,0.93029,0.93029,0.93029,0.93029,0.93029
0.9437,0.9437,0.9437,0.9437,0.9437,0.9437,0.9437
0.95442,0.95442,0.95442,0.95442,0.95442,0.95442,0.95442
0.96247,0.96247,0.96247,0.96247,0.96247,0.96247,0.96247
0.9571,0.9571,0.9571,0.9571,0.9571,0.9571,0.9571
0.94102,0.94102,0.94102,0.94102,0.94102,0.94102,0.94102
0.92493,0.92493,0.92493,0.92493,0.92493,0.92493,0.92493
0.89544,0.89544,0.89544,0.89544,0.89544,0.89544,0.89544
0.86863,0.86863,0.86863,0.86863,0.86863,0.86863,0.86863
0.84987,0.84987,0.84987,0.84987,0.84987,0.84987,0.84987
0.8311,0.8311,0.8311,0.8311,0.8311,0.8311,0.8311
0.80965,0.80965,0.80965,0.80965,0.80965,0.80965,0.80965
0.76408,0.76408,0.76408,0.76408,0.76408,0.76408,0.76408
0.75335,0.75335,0.75335,0.75335,0.75335,0.75335,0.75335
0.74799,0.74799,0.74799,0.74799,0.74799,0.74799,0.74799
0.72922,0.72922,0.72922,0.72922,0.72922,0.72922,0.72922
0.72386,0.72386,0.72386,0.72386,0.72386,0.72386,0.72386
0.72654,0.72654,0.72654,0.72654,0.72654,0.72654,0.72654
0.73995,0.73995,0.73995,0.73995,0.73995,0.73995,0.73995
0.79357,0.79357,0.79357,0.79357,0.79357,0.79357,0.79357
0.85255,0.85255,0.85255,0.85255,0.85255,0.85255,0.85255
0.88472,0.88472,0.88472,0.88472,0.88472,0.88472,0.88472
0.93298,0.93298,0.93298,0.93298,0.93298,0.93298,0.93298
0.94906,0.94906,0.94906,0.94906,0.94906,0.94906,0.94906
0.96515,0.96515,0.96515,0.96515,0.96515,0.96515,0.96515
0.97319,0.97319,0.97319,0.97319,0.97319,0.97319,0.97319
0.98123,0.98123,0.98123,0.98123,0.98123,0.98123,0.98123
0.99196,0.99196,0.99196,0.99196,0.99196,0.99196,0.99196
0.98928,0.98928,0.98928,0.98928,0.98928,0.98928,0.98928
0.95979,0.95979,0.95979,0.95979,0.95979,0.95979,0.95979
0.94638,0.94638,0.94638,0.94638,0.94638,0.94638,0.94638
0.91689,0.91689,0.91689,0.91689,0.91689,0.91689,0.91689
0.89544,0.89544,0.89544,0.89544,0.89544,0.89544,0.89544
0.87936,0.87936,0.87936,0.87936,0.87936,0.87936,0.87936
0.86327,0.86327,0.86327,0.86327,0.86327,0.86327,0.86327
0.84718,0.84718,0.84718,0.84718,0.84718,0.84718,0.84718
0.81769,0.81769,0.81769,0.81769,0.81769,0.81769,0.81769
0.79893,0.79893,0.79893,0.79893,0.79893,0.79893,0.79893
0.77212,0.77212,0.77212,0.77212,0.77212,0.77212,0.77212
0.74263,0.74263,0.74263,0.74263,0.74263,0.74263,0.74263
0.71046,0.71046,0.71046,0.71046,0.71046,0.71046,0.71046
0.71046,0.71046,0.71046,0.71046,0.71046,0.71046,0.71046
0.75067,0.75067,0.75067,0.75067,0.75067,0.75067,0.75067
0.80697,0.80697,0.80697,0.80697,0.80697,0.80697,0.80697
0.86327,0.86327,0.86327,0.86327,0.86327,0.86327,0.86327
0.9008,0.9008,0.9008,0.9008,0.9008,0.9008,0.9008
0.90885,0.90885,0.90885,0.90885,0.90885,0.90885,0.90885
0.91957,0.91957,0.91957,0.91957,0.91957,0.91957,0.91957
0.94638,0.94638,0.94638,0.94638,0.94638,0.94638,0.94638
0.95979,0.95979,0.95979,0.95979,0.95979,0.95979,0.95979
0.95174,0.95174,0.95174,0.95174,0.95174,0.95174,0.95174
0.94638,0.94638,0.94638,0.94638,0.94638,0.94638,0.94638
0.9866,0.9866,0.9866,0.9866,0.9866,0.9866,0.9866
0.9866,0.9866,0.9866,0.9866,0.9866,0.9866,0.9866
0.95979,0.95979,0.95979,0.95979,0.95979,0.95979,0.95979
0.91421,0.91421,0.91421,0.91421,0.91421,0.91421,0.91421
0.87668,0.87668,0.87668,0.87668,0.87668,0.87668,0.87668
0.86595,0.86595,0.86595,0.86595,0.86595,0.86595,0.86595
0.83914,0.83914,0.83914,0.83914,0.83914,0.83914,0.83914
0.80965,0.80965,0.80965,0.80965,0.80965,0.80965,0.80965
0.77212,0.77212,0.77212,0.77212,0.77212,0.77212,0.77212
0.75335,0.75335,0.75335,0.75335,0.75335,0.75335,0.75335
0.72922,0.72922,0.72922,0.72922,0.72922,0.72922,0.72922
0.72386,0.72386,0.72386,0.72386,0.72386,0.72386,0.72386
0.71046,0.71046,0.71046,0.71046,0.71046,0.71046,0.71046
0.72118,0.72118,0.72118,0.72118,0.72118,0.72118,0.72118
0.77212,0.77212,0.77212,0.77212,0.77212,0.77212,0.77212
0.80161,0.80161,0.80161,0.80161,0.80161,0.80161,0.80161
0.85523,0.85523,0.85523,0.85523,0.85523,0.85523,0.85523
0.87399,0.87399,0.87399,0.87399,0.87399,0.87399,0.87399
0.89008,0.89008,0.89008,0.89008,0.89008,0.89008,0.89008
0.89276,0.89276,0.89276,0.89276,0.89276,0.89276,0.89276
0.89276,0.89276,0.89276,0.89276,0.89276,0.89276,0.89276
0.86595,0.86595,0.86595,0.86595,0.86595,0.86595,0.86595
0.85523,0.85523,0.85523,0.85523,0.85523,0.85523,0.85523
0.86595,0.86595,0.86595,0.86595,0.86595,0.86595,0.86595
0.86863,0.86863,0.86863,0.86863,0.86863,0.86863,0.86863
0.8445,0.8445,0.8445,0.8445,0.8445,0.8445,0.8445
0.83378,0.83378,0.83378,0.83378,0.83378,0.83378,0.83378
0.7882,0.7882,0.7882,0.7882,0.7882,0.7882,0.7882
0.74263,0.74263,0.74263,0.74263,0.74263,0.74263,0.74263
0.72118,0.72118,0.72118,0.72118,0.72118,0.72118,0.72118
0.69169,0.69169,0.69169,0.69169,0.69169,0.69169,0.69169
0.64611,0.64611,0.64611,0.64611,0.64611,0.64611,0.64611
0.62466,0.62466,0.62466,0.62466,0.62466,0.62466,0.62466
0.61126,0.61126,0.61126,0.61126,0.61126,0.61126,0.61126
0.60858,0.60858,0.60858,0.60858,0.60858,0.60858,0.60858
0.62198,0.62198,0.62198,0.62198,0.62198,0.62198,0.62198
0.61394,0.61394,0.61394,0.61394,0.61394,0.61394,0.61394
0.6193,0.6193,0.6193,0.6193,0.6193,0.6193,0.6193
0.64611,0.64611,0.64611,0.64611,0.64611,0.64611,0.64611
0.67292,0.67292,0.67292,0.67292,0.67292,0.67292,0.67292
0.69169,0.69169,0.69169,0.69169,0.69169,0.69169,0.69169
0.72386,0.72386,0.72386,0.72386,0.72386,0.72386,0.72386
0.73727,0.73727,0.73727,0.73727,0.73727,0.73727,0.73727
0.75603,0.75603,0.75603,0.75603,0.75603,0.75603,0.75603
0.76676,0.76676,0.76676,0.76676,0.76676,0.76676,0.76676
0.77748,0.77748,0.77748,0.77748,0.77748,0.77748,0.77748
0.77748,0.77748,0.77748,0.77748,0.77748,0.77748,0.77748
0.79893,0.79893,0.79893,0.79893,0.79893,0.79893,0.79893
0.78552,0.78552,0.78552,0.78552,0.78552,0.78552,0.78552
0.7748,0.7748,0.7748,0.7748,0.7748,0.7748,0.7748
0.76139,0.76139,0.76139,0.76139,0.76139,0.76139,0.76139
0.7319,0.7319,0.7319,0.7319,0.7319,0.7319,0.7319
0.68901,0.68901,0.68901,0.68901,0.68901,0.68901,0.68901
0.66756,0.66756,0.66756,0.66756,0.66756,0.66756,0.66756
0.65952,0.65952,0.65952,0.65952,0.65952,0.65952,0.65952
0.66756,0.66756,0.66756,0.66756,0.66756,0.66756,0.66756
0.63271,0.63271,0.63271,0.63271,0.63271,0.63271,0.63271
0.57909,0.57909,0.57909,0.57909,0.57909,0.57909,0.57909
0.5496,0.5496,0.5496,0.5496,0.5496,0.5496,0.5496
0.53351,0.53351,0.53351,0.53351,0.53351,0.53351,0.53351
0.54692,0.54692,0.54692,0.54692,0.54692,0.54692,0.54692
0.54155,0.54155,0.54155,0.54155,0.54155,0.54155,0.54155
0.54424,0.54424,0.54424,0.54424,0.54424,0.54424,0.54424
0.55228,0.55228,0.55228,0.55228,0.55228,0.55228,0.55228
0.59517,0.59517,0.59517,0.59517,0.59517,0.59517,0.59517
0.64343,0.64343,0.64343,0.64343,0.64343,0.64343,0.64343
0.6622,0.6622,0.6622,0.6622,0.6622,0.6622,0.6622
0.6756,0.6756,0.6756,0.6756,0.6756,0.6756,0.6756
0.68901,0.68901,0.68901,0.68901,0.68901,0.68901,0.68901
0.69169,0.69169,0.69169,0.69169,0.69169,0.69169,0.69169
0.69705,0.69705,0.69705,0.69705,0.69705,0.69705,0.69705
0.69169,0.69169,0.69169,0.69169,0.69169,0.69169,0.69169
0.68097,0.68097,0.68097,0.68097,0.68097,0.68097,0.68097
0.66756,0.66756,0.66756,0.66756,0.66756,0.66756,0.66756
0.65684,0.65684,0.65684,0.65684,0.65684,0.65684,0.65684
0.65952,0.65952,0.65952,0.65952,0.65952,0.65952,0.65952
0.65147,0.65147,0.65147,0.65147,0.65147,0.65147,0.65147
0.64075,0.64075,0.64075,0.64075,0.64075,0.64075,0.64075
0.63271,0.63271,0.63271,0.63271,0.63271,0.63271,0.63271
0.6059,0.6059,0.6059,0.6059,0.6059,0.6059,0.6059
0.57641,0.57641,0.57641,0.57641,0.57641,0.57641,0.57641
0.55228,0.55228,0.55228,0.55228,0.55228,0.55228,0.55228
0.53083,0.53083,0.53083,0.53083,0.53083,0.53083,0.53083
0.51743,0.51743,0.51743,0.51743,0.51743,0.51743,0.51743
0.50402,0.50402,0.50402,0.50402,0.50402,0.50402,0.50402
0.5067,0.5067,0.5067,0.5067,0.5067,0.5067,0.5067
0.54155,0.54155,0.54155,0.54155,0.54155,0.54155,0.54155
0.60858,0.60858,0.60858,0.60858,0.60858,0.60858,0.60858
0.65952,0.65952,0.65952,0.65952,0.65952,0.65952,0.65952
0.69705,0.69705,0.69705,0.69705,0.69705,0.69705,0.69705
0.74531,0.74531,0.74531,0.74531,0.74531,0.74531,0.74531
0.76408,0.76408,0.76408,0.76408,0.76408,0.76408,0.76408
0.78016,0.78016,0.78016,0.78016,0.78016,0.78016,0.78016
0.79625,0.79625,0.79625,0.79625,0.79625,0.79625,0.79625
0.79625,0.79625,0.79625,0.79625,0.79625,0.79625,0.79625
0.80429,0.80429,0.80429,0.80429,0.80429,0.80429,0.80429
0.80429,0.80429,0.80429,0.80429,0.80429,0.80429,0.80429
0.82038,0.82038,0.82038,0.82038,0.82038,0.82038,0.82038
0.80429,0.80429,0.80429,0.80429,0.80429,0.80429,0.80429
0.72922,0.72922,0.72922,0.72922,0.72922,0.72922,0.72922
0.68365,0.68365,0.68365,0.68365,0.68365,0.68365,0.68365
0.66488,0.66488,0.66488,0.66488,0.66488,0.66488,0.66488
0.63807,0.63807,0.63807,0.63807,0.63807,0.63807,0.63807
0.64611,0.64611,0.64611,0.64611,0.64611,0.64611,0.64611
0.64075,0.64075,0.64075,0.64075,0.64075,0.64075,0.64075
0.6059,0.6059,0.6059,0.6059,0.6059,0.6059,0.6059
0.5496,0.5496,0.5496,0.5496,0.5496,0.5496,0.5496
0.54155,0.54155,0.54155,0.54155,0.54155,0.54155,0.54155
0.53351,0.53351,0.53351,0.53351,0.53351,0.53351,0.53351
0.55228,0.55228,0.55228,0.55228,0.55228,0.55228,0.55228
0.58713,0.58713,0.58713,0.58713,0.58713,0.58713,0.58713
0.63271,0.63271,0.63271,0.63271,0.63271,0.63271,0.63271
0.69973,0.69973,0.69973,0.69973,0.69973,0.69973,0.69973
0.75871,0.75871,0.75871,0.75871,0.75871,0.75871,0.75871
0.80161,0.80161,0.80161,0.80161,0.80161,0.80161,0.80161
0.83914,0.83914,0.83914,0.83914,0.83914,0.83914,0.83914
0.85255,0.85255,0.85255,0.85255,0.85255,0.85255,0.85255
0.86863,0.86863,0.86863,0.86863,0.86863,0.86863,0.86863
0.8874,0.8874,0.8874,0.8874,0.8874,0.8874,0.8874
0.90617,0.90617,0.90617,0.90617,0.90617,0.90617,0.90617
0.91689,0.91689,0.91689,0.91689,0.91689,0.91689,0.91689
0.91689,0.91689,0.91689,0.91689,0.91689,0.91689,0.91689
0.91421,0.91421,0.91421,0.91421,0.91421,0.91421,0.91421
0.87399,0.87399,0.87399,0.87399,0.87399,0.87399,0.87399
0.81233,0.81233,0.81233,0.81233,0.81233,0.81233,0.81233
0.78284,0.78284,0.78284,0.78284,0.78284,0.78284,0.78284
0.76139,0.76139,0.76139,0.76139,0.76139,0.76139,0.76139
0.74799,0.74799,0.74799,0.74799,0.74799,0.74799,0.74799
0.72654,0.72654,0.72654,0.72654,0.72654,0.72654,0.72654
0.70241,0.70241,0.70241,0.70241,0.70241,0.70241,0.70241
0.68365,0.68365,0.68365,0.68365,0.68365,0.68365,0.68365
0.67292,0.67292,0.67292,0.67292,0.67292,0.67292,0.67292
0.65684,0.65684,0.65684,0.65684,0.65684,0.65684,0.65684
0.64611,0.64611,0.64611,0.64611,0.64611,0.64611,0.64611
0.67024,0.67024,0.67024,0.67024,0.67024,0.67024,0.67024
0.72654,0.72654,0.72654,0.72654,0.72654,0.72654,0.72654
0.76676,0.76676,0.76676,0.76676,0.76676,0.76676,0.76676
0.82038,0.82038,0.82038,0.82038,0.82038,0.82038,0.82038
0.86327,0.86327,0.86327,0.86327,0.86327,0.86327,0.86327
0.89008,0.89008,0.89008,0.89008,0.89008,0.89008,0.89008
0.91421,0.91421,0.91421,0.91421,0.91421,0.91421,0.91421
0.9437,0.9437,0.9437,0.9437,0.9437,0.9437,0.9437
0.9571,0.9571,0.9571,0.9571,0.9571,0.9571,0.9571
0.96783,0.96783,0.96783,0.96783,0.96783,0.96783,0.96783
0.97319,0.97319,0.97319,0.97319,0.97319,0.97319,0.97319
0.96515,0.96515,0.96515,0.96515,0.96515,0.96515,0.96515
0.94638,0.94638,0.94638,0.94638,0.94638,0.94638,0.94638
0.91421,0.91421,0.91421,0.91421,0.91421,0.91421,0.91421
0.85255,0.85255,0.85255,0.85255,0.85255,0.85255,0.85255
0.82038,0.82038,0.82038,0.82038,0.82038,0.82038,0.82038
0.79893,0.79893,0.79893,0.79893,0.79893,0.79893,0.79893
0.77748,0.77748,0.77748,0.77748,0.77748,0.77748,0.77748
0.75871,0.75871,0.75871,0.75871,0.75871,0.75871,0.75871
0.73995,0.73995,0.73995,0.73995,0.73995,0.73995,0.73995
0.71314,0.71314,0.71314,0.71314,0.71314,0.71314,0.71314
0.68633,0.68633,0.68633,0.68633,0.68633,0.68633,0.68633
0.67024,0.67024,0.67024,0.67024,0.67024,0.67024,0.67024
0.66488,0.66488,0.66488,0.66488,0.66488,0.66488,0.66488
0.69169,0.69169,0.69169,0.69169,0.69169,0.69169,0.69169
0.72922,0.72922,0.72922,0.72922,0.72922,0.72922,0.72922
0.78552,0.78552,0.78552,0.78552,0.78552,0.78552,0.78552
0.82306,0.82306,0.82306,0.82306,0.82306,0.82306,0.82306
0.86059,0.86059,0.86059,0.86059,0.86059,0.86059,0.86059
0.88204,0.88204,0.88204,0.88204,0.88204,0.88204,0.88204
0.90349,0.90349,0.90349,0.90349,0.90349,0.90349,0.90349
0.93298,0.93298,0.93298,0.93298,0.93298,0.93298,0.93298
0.94102,0.94102,0.94102,0.94102,0.94102,0.94102,0.94102
0.9437,0.9437,0.9437,0.9437,0.9437,0.9437,0.9437
0.93566,0.93566,0.93566,0.93566,0.93566,0.93566,0.93566
0.93029,0.93029,0.93029,0.93029,0.93029,0.93029,0.93029
0.90617,0.90617,0.90617,0.90617,0.90617,0.90617,0.90617
0.87936,0.87936,0.87936,0.87936,0.87936,0.87936,0.87936
0.84182,0.84182,0.84182,0.84182,0.84182,0.84182,0.84182
0.82038,0.82038,0.82038,0.82038,0.82038,0.82038,0.82038
0.79625,0.79625,0.79625,0.79625,0.79625,0.79625,0.79625
0.75603,0.75603,0.75603,0.75603,0.75603,0.75603,0.75603
0.71582,0.71582,0.71582,0.71582,0.71582,0.71582,0.71582
0.70509,0.70509,0.70509,0.70509,0.70509,0.70509,0.70509
0.71046,0.71046,0.71046,0.71046,0.71046,0.71046,0.71046
0.68365,0.68365,0.68365,0.68365,0.68365,0.68365,0.68365
0.66756,0.66756,0.66756,0.66756,0.66756,0.66756,0.66756
0.66488,0.66488,0.66488,0.66488,0.66488,0.66488,0.66488
0.68633,0.68633,0.68633,0.68633,0.68633,0.68633,0.68633
0.74531,0.74531,0.74531,0.74531,0.74531,0.74531,0.74531
0.80429,0.80429,0.80429,0.80429,0.80429,0.80429,0.80429
0.83914,0.83914,0.83914,0.83914,0.83914,0.83914,0.83914
0.87399,0.87399,0.87399,0.87399,0.87399,0.87399,0.87399
0.90885,0.90885,0.90885,0.90885,0.90885,0.90885,0.90885
0.93029,0.93029,0.93029,0.93029,0.93029,0.93029,0.93029
0.95442,0.95442,0.95442,0.95442,0.95442,0.95442,0.95442
0.96515,0.96515,0.96515,0.96515,0.96515,0.96515,0.96515
0.97051,0.97051,0.97051,0.97051,0.97051,0.97051,0.97051
0.97319,0.97319,0.97319,0.97319,0.97319,0.97319,0.97319
0.96515,0.96515,0.96515,0.96515,0.96515,0.96515,0.96515
0.94906,0.94906,0.94906,0.94906,0.94906,0.94906,0.94906
0.91421,0.91421,0.91421,0.91421,0.91421,0.91421,0.91421
0.87936,0.87936,0.87936,0.87936,0.87936,0.87936,0.87936
0.84718,0.84718,0.84718,0.84718,0.84718,0.84718,0.84718
0.8311,0.8311,0.8311,0.8311,0.8311,0.8311,0.8311
0.81501,0.81501,0.81501,0.81501,0.81501,0.81501,0.81501
0.79357,0.79357,0.79357,0.79357,0.79357,0.79357,0.79357
0.76944,0.76944,0.76944,0.76944,0.76944,0.76944,0.76944
0.73995,0.73995,0.73995,0.73995,0.73995,0.73995,0.73995
0.7185,0.7185,0.7185,0.7185,0.7185,0.7185,0.7185
0.69973,0.69973,0.69973,0.69973,0.69973,0.69973,0.69973
0.68901,0.68901,0.68901,0.68901,0.68901,0.68901,0.68901
0.71582,0.71582,0.71582,0.71582,0.71582,0.71582,0.71582
0.75335,0.75335,0.75335,0.75335,0.75335,0.75335,0.75335
0.79357,0.79357,0.79357,0.79357,0.79357,0.79357,0.79357
0.82306,0.82306,0.82306,0.82306,0.82306,0.82306,0.82306
0.85523,0.85523,0.85523,0.85523,0.85523,0.85523,0.85523
0.86595,0.86595,0.86595,0.86595,0.86595,0.86595,0.86595
0.87399,0.87399,0.87399,0.87399,0.87399,0.87399,0.87399
0.90349,0.90349,0.90349,0.90349,0.90349,0.90349,0.90349
0.93298,0.93298,0.93298,0.93298,0.93298,0.93298,0.93298
0.96247,0.96247,0.96247,0.96247,0.96247,0.96247,0.96247
0.96247,0.96247,0.96247,0.96247,0.96247,0.96247,0.96247
0.96783,0.96783,0.96783,0.96783,0.96783,0.96783,0.96783
0.9437,0.9437,0.9437,0.9437,0.9437,0.9437,0.9437
0.90617,0.90617,0.90617,0.90617,0.90617,0.90617,0.90617
0.88204,0.88204,0.88204,0.88204,0.88204,0.88204,0.88204
0.85523,0.85523,0.85523,0.85523,0.85523,0.85523,0.85523
0.83646,0.83646,0.83646,0.83646,0.83646,0.83646,0.83646
0.81233,0.81233,0.81233,0.81233,0.81233,0.81233,0.81233
0.78016,0.78016,0.78016,0.78016,0.78016,0.78016,0.78016
0.8658,0.939239361495558,0.914632168624205,0.902784013568602,0.948993423159586,0.938399914983978,0.908707594429774
0.87774,0.946521595814282,0.921062643719524,0.936176112873626,0.927812507170673,0.920699999939417,0.899423911819132
0.88979,0.947553573134861,0.914731706063709,0.88824822603011,0.942011012115487,0.918259856973207,0.920503993157811
0.90103,0.946827992523695,0.918451259515644,0.895782965957678,0.944091353746293,0.919084366652946,0.90190001021219
0.91162,0.944629324607779,0.932783384105073,0.91448366480584,0.945883245112792,0.928431873477477,0.899999346953045
0.92826,0.947851194551538,0.944876669175524,0.94178764909353,0.956814740448382,0.949473147081371,0.92184422556368
0.94742,0.944084897072708,0.946508753425281,0.981169513449077,0.975065979730193,0.967259102471313,0.942706139346287
0.95677,0.964612499745261,0.979238898475785,0.991660242278736,0.994860531343713,1.0028808123182,0.962029792447115
0.94196,0.969812140780455,0.998962213786555,1.00091825098913,0.999781324114226,0.984616985000258,1.01136227809523
0.90628,0.975607496084119,1.00572111375495,1.00134758284917,0.960989835529007,0.959456847489725,0.988150320273136
0.89635,1.01453746305771,1.03326184901955,1.03116595959934,0.939186662174264,0.978715609528756,0.970918254897467
0.89416,0.983480033982208,0.994268562811116,0.983168461178352,0.949370090471638,0.976365538330343,0.998989976671897
0.88186,0.932059486119057,0.95463839364292,0.952698827728178,0.923032444912574,0.950149689486069,0.988650105044483
0.8534,0.909805373785708,0.923979592582814,0.929480642105067,0.959978317381794,0.936592680160071,0.907671115941158
0.84109,0.910399321136447,0.928056521854625,0.918649674471149,0.873010147785723,0.918258746502609,0.889700698407032
0.83739,0.89461976806025,0.910415820076646,0.899836179650157,0.858360534147538,0.892142286381135,0.855181228836947
0.83853,0.871508782863416,0.902408602563415,0.881182752297623,0.841905312195898,0.862318945466735,0.848130417316486
0.84205,0.869212238055107,0.906200206998105,0.923125798877693,0.845658823018687,0.881319405104518,0.855539132830158
0.84824,0.876653095268044,0.911202677787135,0.951062296864704,0.857851656616756,0.895541083929011,0.848816965200606
0.85228,0.886700871420353,0.910840668245253,0.962697532752002,0.858836070094749,0.898915707431125,0.852722572910275
0.8514,0.904707449259003,0.91241052994403,0.9612170187856,0.880307546400975,0.910728826223911,0.858031561922777
0.85451,0.935609190250209,0.921568590520798,0.983439197915224,0.899324665398888,0.928762832763917,0.867386829232868
0.8648,0.946678112943541,0.939286694668802,0.983240974907983,0.925026324204841,0.936693754598892,0.894566722935015
0.87592,0.946701261569636,0.94063671361936,0.987866260357441,0.930835115719191,0.930746293026827,0.895543054862095
