original,trained_s_1,trained_s_2,trained_s_3,trained_b_1,trained_b_2,trained_b_3
0.70777,0.70777,0.70777,0.70777,0.70777,0.70777,0.70777
0.68365,0.68365,0.68365,0.68365,0.68365,0.68365,0.68365
0.67828,0.67828,0.67828,0.67828,0.67828,0.67828,0.67828
0.65416,0.65416,0.65416,0.65416,0.65416,0.65416,0.65416
0.62466,0.62466,0.62466,0.62466,0.62466,0.62466,0.62466
0.66488,0.66488,0.66488,0.66488,0.66488,0.66488,0.66488
0.69169,0.69169,0.69169,0.69169,0.69169,0.69169,0.69169
0.73727,0.73727,0.73727,0.73727,0.73727,0.73727,0.73727
0.76408,0.76408,0.76408,0.76408,0.76408,0.76408,0.76408
0.78552,0.78552,0.78552,0.78552,0.78552,0.78552,0.78552
0.80965,0.80965,0.80965,0.80965,0.80965,0.80965,0.80965
0.83914,0.83914,0.83914,0.83914,0.83914,0.83914,0.83914
0.84987,0.84987,0.84987,0.84987,0.84987,0.84987,0.84987
0.84718,0.84718,0.84718,0.84718,0.84718,0.84718,0.84718
0.82842,0.82842,0.82842,0.82842,0.82842,0.82842,0.82842
0.78284,0.78284,0.78284,0.78284,0.78284,0.78284,0.78284
0.78284,0.78284,0.78284,0.78284,0.78284,0.78284,0.78284
0.78552,0.78552,0.78552,0.78552,0.78552,0.78552,0.78552
0.76676,0.76676,0.76676,0.76676,0.76676,0.76676,0.76676
0.73995,0.73995,0.73995,0.73995,0.73995,0.73995,0.73995
0.7185,0.7185,0.7185,0.7185,0.7185,0.7185,0.7185
0.71046,0.71046,0.71046,0.71046,0.71046,0.71046,0.71046
0.6756,0.6756,0.6756,0.6756,0.6756,0.6756,0.6756
0.65147,0.65147,0.65147,0.65147,0.65147,0.65147,0.65147
0.64075,0.64075,0.64075,0.64075,0.64075,0.64075,0.64075
0.62735,0.62735,0.62735,0.62735,0.62735,0.62735,0.62735
0.60322,0.60322,0.60322,0.60322,0.60322,0.60322,0.60322
0.58981,0.58981,0.58981,0.58981,0.58981,0.58981,0.58981
0.59786,0.59786,0.59786,0.59786,0.59786,0.59786,0.59786
0.63271,0.63271,0.63271,0.63271,0.63271,0.63271,0.63271
0.70777,0.70777,0.70777,0.70777,0.70777,0.70777,0.70777
0.73727,0.73727,0.73727,0.73727,0.73727,0.73727,0.73727
0.76139,0.76139,0.76139,0.76139,0.76139,0.76139,0.76139
0.78552,0.78552,0.78552,0.78552,0.78552,0.78552,0.78552
0.81233,0.81233,0.81233,0.81233,0.81233,0.81233,0.81233
0.8311,0.8311,0.8311,0.8311,0.8311,0.8311,0.8311
0.84987,0.84987,0.84987,0.84987,0.84987,0.84987,0.84987
0.85255,0.85255,0.85255,0.85255,0.85255,0.85255,0.85255
0.86059,0.86059,0.86059,0.86059,0.86059,0.86059,0.86059
0.86059,0.86059,0.86059,0.86059,0.86059,0.86059,0.86059
0.84987,0.84987,0.84987,0.84987,0.84987,0.84987,0.84987
0.81769,0.81769,0.81769,0.81769,0.81769,0.81769,0.81769
0.7882,0.7882,0.7882,0.7882,0.7882,0.7882,0.7882
0.76676,0.76676,0.76676,0.76676,0.76676,0.76676,0.76676
0.75067,0.75067,0.75067,0.75067,0.75067,0.75067,0.75067
0.72922,0.72922,0.72922,0.72922,0.72922,0.72922,0.72922
0.69973,0.69973,0.69973,0.69973,0.69973,0.69973,0.69973
0.6622,0.6622,0.6622,0.6622,0.6622,0.6622,0.6622
0.65684,0.65684,0.65684,0.65684,0.65684,0.65684,0.65684
0.64343,0.64343,0.64343,0.64343,0.64343,0.64343,0.64343
0.63271,0.63271,0.63271,0.63271,0.63271,0.63271,0.63271
0.62735,0.62735,0.62735,0.62735,0.62735,0.62735,0.62735
0.64611,0.64611,0.64611,0.64611,0.64611,0.64611,0.64611
0.65147,0.65147,0.65147,0.65147,0.65147,0.65147,0.65147
0.71046,0.71046,0.71046,0.71046,0.71046,0.71046,0.71046
0.74799,0.74799,0.74799,0.74799,0.74799,0.74799,0.74799
0.78284,0.78284,0.78284,0.78284,0.78284,0.78284,0.78284
0.82306,0.82306,0.82306,0.82306,0.82306,0.82306,0.82306
0.85523,0.85523,0.85523,0.85523,0.85523,0.85523,0.85523
0.87399,0.87399,0.87399,0.87399,0.87399,0.87399,0.87399
0.8874,0.8874,0.8874,0.8874,0.8874,0.8874,0.8874
0.89812,0.89812,0.89812,0.89812,0.89812,0.89812,0.89812
0.89544,0.89544,0.89544,0.89544,0.89544,0.89544,0.89544
0.8874,0.8874,0.8874,0.8874,0.8874,0.8874,0.8874
0.87131,0.87131,0.87131,0.87131,0.87131,0.87131,0.87131
0.84718,0.84718,0.84718,0.84718,0.84718,0.84718,0.84718
0.81769,0.81769,0.81769,0.81769,0.81769,0.81769,0.81769
0.77748,0.77748,0.77748,0.77748,0.77748,0.77748,0.77748
0.75335,0.75335,0.75335,0.75335,0.75335,0.75335,0.75335
0.73727,0.73727,0.73727,0.73727,0.73727,0.73727,0.73727
0.7319,0.7319,0.7319,0.7319,0.7319,0.7319,0.7319
0.7319,0.7319,0.7319,0.7319,0.7319,0.7319,0.7319
0.72386,0.72386,0.72386,0.72386,0.72386,0.72386,0.72386
0.71046,0.71046,0.71046,0.71046,0.71046,0.71046,0.71046
0.69437,0.69437,0.69437,0.69437,0.69437,0.69437,0.69437
0.67828,0.67828,0.67828,0.67828,0.67828,0.67828,0.67828
0.6756,0.6756,0.6756,0.6756,0.6756,0.6756,0.6756
0.67292,0.67292,0.67292,0.67292,0.67292,0.67292,0.67292
0.70777,0.70777,0.70777,0.70777,0.70777,0.70777,0.70777
0.73995,0.73995,0.73995,0.73995,0.73995,0.73995,0.73995
0.76408,0.76408,0.76408,0.76408,0.76408,0.76408,0.76408
0.81769,0.81769,0.81769,0.81769,0.81769,0.81769,0.81769
0.85523,0.85523,0.85523,0.85523,0.85523,0.85523,0.85523
0.89008,0.89008,0.89008,0.89008,0.89008,0.89008,0.89008
0.91957,0.91957,0.91957,0.91957,0.91957,0.91957,0.91957
0.91689,0.91689,0.91689,0.91689,0.91689,0.91689,0.91689
0.92493,0.92493,0.92493,0.92493,0.92493,0.92493,0.92493
0.93566,0.93566,0.93566,0.93566,0.93566,0.93566,0.93566
0.92493,0.92493,0.92493,0.92493,0.92493,0.92493,0.92493
0.8874,0.8874,0.8874,0.8874,0.8874,0.8874,0.8874
0.85255,0.85255,0.85255,0.85255,0.85255,0.85255,0.85255
0.83378,0.83378,0.83378,0.83378,0.83378,0.83378,0.83378
0.82306,0.82306,0.82306,0.82306,0.82306,0.82306,0.82306
0.79625,0.79625,0.79625,0.79625,0.79625,0.79625,0.79625
0.76676,0.76676,0.76676,0.76676,0.76676,0.76676,0.76676
0.75335,0.75335,0.75335,0.75335,0.75335,0.75335,0.75335
0.74263,0.74263,0.74263,0.74263,0.74263,0.74263,0.74263
0.72654,0.72654,0.72654,0.72654,0.72654,0.72654,0.72654
0.69973,0.69973,0.69973,0.69973,0.69973,0.69973,0.69973
0.67828,0.67828,0.67828,0.67828,0.67828,0.67828,0.67828
0.6622,0.6622,0.6622,0.6622,0.6622,0.6622,0.6622
0.69437,0.69437,0.69437,0.69437,0.69437,0.69437,0.69437
0.72386,0.72386,0.72386,0.72386,0.72386,0.72386,0.72386
0.76676,0.76676,0.76676,0.76676,0.76676,0.76676,0.76676
0.78552,0.78552,0.78552,0.78552,0.78552,0.78552,0.78552
0.82842,0.82842,0.82842,0.82842,0.82842,0.82842,0.82842
0.86327,0.86327,0.86327,0.86327,0.86327,0.86327,0.86327
0.87936,0.87936,0.87936,0.87936,0.87936,0.87936,0.87936
0.89008,0.89008,0.89008,0.89008,0.89008,0.89008,0.89008
0.90349,0.90349,0.90349,0.90349,0.90349,0.90349,0.90349
0.90617,0.90617,0.90617,0.90617,0.90617,0.90617,0.90617
0.88472,0.88472,0.88472,0.88472,0.88472,0.88472,0.88472
0.83378,0.83378,0.83378,0.83378,0.83378,0.83378,0.83378
0.82574,0.82574,0.82574,0.82574,0.82574,0.82574,0.82574
0.81501,0.81501,0.81501,0.81501,0.81501,0.81501,0.81501
0.81233,0.81233,0.81233,0.81233,0.81233,0.81233,0.81233
0.79357,0.79357,0.79357,0.79357,0.79357,0.79357,0.79357
0.77748,0.77748,0.77748,0.77748,0.77748,0.77748,0.77748
0.76408,0.76408,0.76408,0.76408,0.76408,0.76408,0.76408
0.74531,0.74531,0.74531,0.74531,0.74531,0.74531,0.74531
0.72118,0.72118,0.72118,0.72118,0.72118,0.72118,0.72118
0.70241,0.70241,0.70241,0.70241,0.70241,0.70241,0.70241
0.69169,0.69169,0.69169,0.69169,0.69169,0.69169,0.69169
0.67828,0.67828,0.67828,0.67828,0.67828,0.67828,0.67828
0.66488,0.66488,0.66488,0.66488,0.66488,0.66488,0.66488
0.68365,0.68365,0.68365,0.68365,0.68365,0.68365,0.68365
0.73458,0.73458,0.73458,0.73458,0.73458,0.73458,0.73458
0.78284,0.78284,0.78284,0.78284,0.78284,0.78284,0.78284
0.82306,0.82306,0.82306,0.82306,0.82306,0.82306,0.82306
0.85255,0.85255,0.85255,0.85255,0.85255,0.85255,0.85255
0.88204,0.88204,0.88204,0.88204,0.88204,0.88204,0.88204
0.90617,0.90617,0.90617,0.90617,0.90617,0.90617,0.90617
0.90885,0.90885,0.90885,0.90885,0.90885,0.90885,0.90885
0.93566,0.93566,0.93566,0.93566,0.93566,0.93566,0.93566
0.94638,0.94638,0.94638,0.94638,0.94638,0.94638,0.94638
0.94906,0.94906,0.94906,0.94906,0.94906,0.94906,0.94906
0.93029,0.93029,0.93029,0.93029,0.93029,0.93029,0.93029
0.80161,0.80161,0.80161,0.80161,0.80161,0.80161,0.80161
0.74263,0.74263,0.74263,0.74263,0.74263,0.74263,0.74263
0.78016,0.78016,0.78016,0.78016,0.78016,0.78016,0.78016
0.78016,0.78016,0.78016,0.78016,0.78016,0.78016,0.78016
0.76408,0.76408,0.76408,0.76408,0.76408,0.76408,0.76408
0.75067,0.75067,0.75067,0.75067,0.75067,0.75067,0.75067
0.73458,0.73458,0.73458,0.73458,0.73458,0.73458,0.73458
0.72654,0.72654,0.72654,0.72654,0.72654,0.72654,0.72654
0.70241,0.70241,0.70241,0.70241,0.70241,0.70241,0.70241
0.68633,0.68633,0.68633,0.68633,0.68633,0.68633,0.68633
0.67828,0.67828,0.67828,0.67828,0.67828,0.67828,0.67828
0.67828,0.67828,0.67828,0.67828,0.67828,0.67828,0.67828
0.70777,0.70777,0.70777,0.70777,0.70777,0.70777,0.70777
0.73727,0.73727,0.73727,0.73727,0.73727,0.73727,0.73727
0.76408,0.76408,0.76408,0.76408,0.76408,0.76408,0.76408
0.79088,0.79088,0.79088,0.79088,0.79088,0.79088,0.79088
0.83378,0.83378,0.83378,0.83378,0.83378,0.83378,0.83378
0.84987,0.84987,0.84987,0.84987,0.84987,0.84987,0.84987
0.8445,0.8445,0.8445,0.8445,0.8445,0.8445,0.8445
0.86327,0.86327,0.86327,0.86327,0.86327,0.86327,0.86327
0.87936,0.87936,0.87936,0.87936,0.87936,0.87936,0.87936
0.8874,0.8874,0.8874,0.8874,0.8874,0.8874,0.8874
0.89008,0.89008,0.89008,0.89008,0.89008,0.89008,0.89008
0.86863,0.86863,0.86863,0.86863,0.86863,0.86863,0.86863
0.83646,0.83646,0.83646,0.83646,0.83646,0.83646,0.83646
0.78284,0.78284,0.78284,0.78284,0.78284,0.78284,0.78284
0.72922,0.72922,0.72922,0.72922,0.72922,0.72922,0.72922
0.69973,0.69973,0.69973,0.69973,0.69973,0.69973,0.69973
0.70241,0.70241,0.70241,0.70241,0.70241,0.70241,0.70241
0.70241,0.70241,0.70241,0.70241,0.70241,0.70241,0.70241
0.68901,0.68901,0.68901,0.68901,0.68901,0.68901,0.68901
0.66756,0.66756,0.66756,0.66756,0.66756,0.66756,0.66756
0.6622,0.6622,0.6622,0.6622,0.6622,0.6622,0.6622
0.65684,0.65684,0.65684,0.65684,0.65684,0.65684,0.65684
0.6622,0.6622,0.6622,0.6622,0.6622,0.6622,0.6622
0.65416,0.65416,0.65416,0.65416,0.65416,0.65416,0.65416
0.65416,0.65416,0.65416,0.65416,0.65416,0.65416,0.65416
0.67292,0.67292,0.67292,0.67292,0.67292,0.67292,0.67292
0.70241,0.70241,0.70241,0.70241,0.70241,0.70241,0.70241
0.73995,0.73995,0.73995,0.73995,0.73995,0.73995,0.73995
0.76944,0.76944,0.76944,0.76944,0.76944,0.76944,0.76944
0.78284,0.78284,0.78284,0.78284,0.78284,0.78284,0.78284
0.80161,0.80161,0.80161,0.80161,0.80161,0.80161,0.80161
0.81501,0.81501,0.81501,0.81501,0.81501,0.81501,0.81501
0.82574,0.82574,0.82574,0.82574,0.82574,0.82574,0.82574
0.82574,0.82574,0.82574,0.82574,0.82574,0.82574,0.82574
0.82842,0.82842,0.82842,0.82842,0.82842,0.82842,0.82842
0.82306,0.82306,0.82306,0.82306,0.82306,0.82306,0.82306
0.80429,0.80429,0.80429,0.80429,0.80429,0.80429,0.80429
0.7882,0.7882,0.7882,0.7882,0.7882,0.7882,0.7882
0.76408,0.76408,0.76408,0.76408,0.76408,0.76408,0.76408
0.74799,0.74799,0.74799,0.74799,0.74799,0.74799,0.74799
0.7319,0.7319,0.7319,0.7319,0.7319,0.7319,0.7319
0.69973,0.69973,0.69973,0.69973,0.69973,0.69973,0.69973
0.66756,0.66756,0.66756,0.66756,0.66756,0.66756,0.66756
0.65147,0.65147,0.65147,0.65147,0.65147,0.65147,0.65147
0.63271,0.63271,0.63271,0.63271,0.63271,0.63271,0.63271
0.62466,0.62466,0.62466,0.62466,0.62466,0.62466,0.62466
0.61662,0.61662,0.61662,0.61662,0.61662,0.61662,0.61662
0.63271,0.63271,0.63271,0.63271,0.63271,0.63271,0.63271
0.66488,0.66488,0.66488,0.66488,0.66488,0.66488,0.66488
0.73458,0.73458,0.73458,0.73458,0.73458,0.73458,0.73458
0.7748,0.7748,0.7748,0.7748,0.7748,0.7748,0.7748
0.79893,0.79893,0.79893,0.79893,0.79893,0.79893,0.79893
0.8311,0.8311,0.8311,0.8311,0.8311,0.8311,0.8311
0.85791,0.85791,0.85791,0.85791,0.85791,0.85791,0.85791
0.86863,0.86863,0.86863,0.86863,0.86863,0.86863,0.86863
0.8874,0.8874,0.8874,0.8874,0.8874,0.8874,0.8874
0.89812,0.89812,0.89812,0.89812,0.89812,0.89812,0.89812
0.9008,0.9008,0.9008,0.9008,0.9008,0.9008,0.9008
0.87668,0.87668,0.87668,0.87668,0.87668,0.87668,0.87668
0.87131,0.87131,0.87131,0.87131,0.87131,0.87131,0.87131
0.80161,0.80161,0.80161,0.80161,0.80161,0.80161,0.80161
0.76676,0.76676,0.76676,0.76676,0.76676,0.76676,0.76676
0.74531,0.74531,0.74531,0.74531,0.74531,0.74531,0.74531
0.72386,0.72386,0.72386,0.72386,0.72386,0.72386,0.72386
0.72386,0.72386,0.72386,0.72386,0.72386,0.72386,0.72386
0.69169,0.69169,0.69169,0.69169,0.69169,0.69169,0.69169
0.6756,0.6756,0.6756,0.6756,0.6756,0.6756,0.6756
0.68365,0.68365,0.68365,0.68365,0.68365,0.68365,0.68365
0.68097,0.68097,0.68097,0.68097,0.68097,0.68097,0.68097
0.68097,0.68097,0.68097,0.68097,0.68097,0.68097,0.68097
0.68633,0.68633,0.68633,0.68633,0.68633,0.68633,0.68633
0.66488,0.66488,0.66488,0.66488,0.66488,0.66488,0.66488
0.67828,0.67828,0.67828,0.67828,0.67828,0.67828,0.67828
0.71046,0.71046,0.71046,0.71046,0.71046,0.71046,0.71046
0.7748,0.7748,0.7748,0.7748,0.7748,0.7748,0.7748
0.80161,0.80161,0.80161,0.80161,0.80161,0.80161,0.80161
0.83646,0.83646,0.83646,0.83646,0.83646,0.83646,0.83646
0.85523,0.85523,0.85523,0.85523,0.85523,0.85523,0.85523
0.87668,0.87668,0.87668,0.87668,0.87668,0.87668,0.87668
0.87936,0.87936,0.87936,0.87936,0.87936,0.87936,0.87936
0.90617,0.90617,0.90617,0.90617,0.90617,0.90617,0.90617
0.90617,0.90617,0.90617,0.90617,0.90617,0.90617,0.90617
0.90885,0.90885,0.90885,0.90885,0.90885,0.90885,0.90885
0.91421,0.91421,0.91421,0.91421,0.91421,0.91421,0.91421
0.90617,0.90617,0.90617,0.90617,0.90617,0.90617,0.90617
0.86059,0.86059,0.86059,0.86059,0.86059,0.86059,0.86059
0.83378,0.83378,0.83378,0.83378,0.83378,0.83378,0.83378
0.81233,0.81233,0.81233,0.81233,0.81233,0.81233,0.81233
0.78016,0.78016,0.78016,0.78016,0.78016,0.78016,0.78016
0.77212,0.77212,0.77212,0.77212,0.77212,0.77212,0.77212
0.7185,0.7185,0.7185,0.7185,0.7185,0.7185,0.7185
0.70241,0.70241,0.70241,0.70241,0.70241,0.70241,0.70241
0.68097,0.68097,0.68097,0.68097,0.68097,0.68097,0.68097
0.66488,0.66488,0.66488,0.66488,0.66488,0.66488,0.66488
0.6622,0.6622,0.6622,0.6622,0.6622,0.6622,0.6622
0.67024,0.67024,0.67024,0.67024,0.67024,0.67024,0.67024
0.69169,0.69169,0.69169,0.69169,0.69169,0.69169,0.69169
0.75871,0.75871,0.75871,0.75871,0.75871,0.75871,0.75871
0.78016,0.78016,0.78016,0.78016,0.78016,0.78016,0.78016
0.80697,0.80697,0.80697,0.80697,0.80697,0.80697,0.80697
0.82842,0.82842,0.82842,0.82842,0.82842,0.82842,0.82842
0.85523,0.85523,0.85523,0.85523,0.85523,0.85523,0.85523
0.87936,0.87936,0.87936,0.87936,0.87936,0.87936,0.87936
0.89008,0.89008,0.89008,0.89008,0.89008,0.89008,0.89008
0.89812,0.89812,0.89812,0.89812,0.89812,0.89812,0.89812
0.89812,0.89812,0.89812,0.89812,0.89812,0.89812,0.89812
0.88472,0.88472,0.88472,0.88472,0.88472,0.88472,0.88472
0.86595,0.86595,0.86595,0.86595,0.86595,0.86595,0.86595
0.82306,0.82306,0.82306,0.82306,0.82306,0.82306,0.82306
0.79357,0.79357,0.79357,0.79357,0.79357,0.79357,0.79357
0.7882,0.7882,0.7882,0.7882,0.7882,0.7882,0.7882
0.76944,0.76944,0.76944,0.76944,0.76944,0.76944,0.76944
0.75335,0.75335,0.75335,0.75335,0.75335,0.75335,0.75335
0.73458,0.73458,0.73458,0.73458,0.73458,0.73458,0.73458
0.71582,0.71582,0.71582,0.71582,0.71582,0.71582,0.71582
0.68901,0.68901,0.68901,0.68901,0.68901,0.68901,0.68901
0.67828,0.67828,0.67828,0.67828,0.67828,0.67828,0.67828
0.65952,0.65952,0.65952,0.65952,0.65952,0.65952,0.65952
0.65416,0.65416,0.65416,0.65416,0.65416,0.65416,0.65416
0.64879,0.64879,0.64879,0.64879,0.64879,0.64879,0.64879
0.68365,0.68365,0.68365,0.68365,0.68365,0.68365,0.68365
0.7319,0.7319,0.7319,0.7319,0.7319,0.7319,0.7319
0.79625,0.79625,0.79625,0.79625,0.79625,0.79625,0.79625
0.81233,0.81233,0.81233,0.81233,0.81233,0.81233,0.81233
0.85523,0.85523,0.85523,0.85523,0.85523,0.85523,0.85523
0.87399,0.87399,0.87399,0.87399,0.87399,0.87399,0.87399
0.87668,0.87668,0.87668,0.87668,0.87668,0.87668,0.87668
0.85523,0.85523,0.85523,0.85523,0.85523,0.85523,0.85523
0.84987,0.84987,0.84987,0.84987,0.84987,0.84987,0.84987
0.88204,0.88204,0.88204,0.88204,0.88204,0.88204,0.88204
0.90885,0.90885,0.90885,0.90885,0.90885,0.90885,0.90885
0.89812,0.89812,0.89812,0.89812,0.89812,0.89812,0.89812
0.89812,0.89812,0.89812,0.89812,0.89812,0.89812,0.89812
0.87936,0.87936,0.87936,0.87936,0.87936,0.87936,0.87936
0.85523,0.85523,0.85523,0.85523,0.85523,0.85523,0.85523
0.82306,0.82306,0.82306,0.82306,0.82306,0.82306,0.82306
0.80429,0.80429,0.80429,0.80429,0.80429,0.80429,0.80429
0.7882,0.7882,0.7882,0.7882,0.7882,0.7882,0.7882
0.7748,0.7748,0.7748,0.7748,0.7748,0.7748,0.7748
0.75603,0.75603,0.75603,0.75603,0.75603,0.75603,0.75603
0.72922,0.72922,0.72922,0.72922,0.72922,0.72922,0.72922
0.71046,0.71046,0.71046,0.71046,0.71046,0.71046,0.71046
0.68633,0.68633,0.68633,0.68633,0.68633,0.68633,0.68633
0.68633,0.68633,0.68633,0.68633,0.68633,0.68633,0.68633
0.71046,0.71046,0.71046,0.71046,0.71046,0.71046,0.71046
0.75871,0.75871,0.75871,0.75871,0.75871,0.75871,0.75871
0.79893,0.79893,0.79893,0.79893,0.79893,0.79893,0.79893
0.8311,0.8311,0.8311,0.8311,0.8311,0.8311,0.8311
0.85791,0.85791,0.85791,0.85791,0.85791,0.85791,0.85791
0.89008,0.89008,0.89008,0.89008,0.89008,0.89008,0.89008
0.90885,0.90885,0.90885,0.90885,0.90885,0.90885,0.90885
0.93566,0.93566,0.93566,0.93566,0.93566,0.93566,0.93566
0.94906,0.94906,0.94906,0.94906,0.94906,0.94906,0.94906
0.94638,0.94638,0.94638,0.94638,0.94638,0.94638,0.94638
0.9437,0.9437,0.9437,0.9437,0.9437,0.9437,0.9437
0.9437,0.9437,0.9437,0.9437,0.9437,0.9437,0.9437
0.93298,0.93298,0.93298,0.93298,0.93298,0.93298,0.93298
0.91957,0.91957,0.91957,0.91957,0.91957,0.91957,0.91957
0.88472,0.88472,0.88472,0.88472,0.88472,0.88472,0.88472
0.84987,0.84987,0.84987,0.84987,0.84987,0.84987,0.84987
0.82574,0.82574,0.82574,0.82574,0.82574,0.82574,0.82574
0.82306,0.82306,0.82306,0.82306,0.82306,0.82306,0.82306
0.80429,0.80429,0.80429,0.80429,0.80429,0.80429,0.80429
0.76408,0.76408,0.76408,0.76408,0.76408,0.76408,0.76408
0.72922,0.72922,0.72922,0.72922,0.72922,0.72922,0.72922
0.72118,0.72118,0.72118,0.72118,0.72118,0.72118,0.72118
0.69705,0.69705,0.69705,0.69705,0.69705,0.69705,0.69705
0.72386,0.72386,0.72386,0.72386,0.72386,0.72386,0.72386
0.71314,0.71314,0.71314,0.71314,0.71314,0.71314,0.71314
0.7748,0.7748,0.7748,0.7748,0.7748,0.7748,0.7748
0.82842,0.82842,0.82842,0.82842,0.82842,0.82842,0.82842
0.85255,0.85255,0.85255,0.85255,0.85255,0.85255,0.85255
0.88472,0.88472,0.88472,0.88472,0.88472,0.88472,0.88472
0.91421,0.91421,0.91421,0.91421,0.91421,0.91421,0.91421
0.93029,0.93029,0.93029,0.93029,0.93029,0.93029,0.93029
0.9437,0.9437,0.9437,0.9437,0.9437,0.9437,0.9437
0.95442,0.95442,0.95442,0.95442,0.95442,0.95442,0.95442
0.96247,0.96247,0.96247,0.96247,0.96247,0.96247,0.96247
0.9571,0.9571,0.9571,0.9571,0.9571,0.9571,0.9571
0.94102,0.94102,0.94102,0.94102,0.94102,0.94102,0.94102
0.92493,0.92493,0.92493,0.92493,0.92493,0.92493,0.92493
0.89544,0.89544,0.89544,0.89544,0.89544,0.89544,0.89544
0.86863,0.86863,0.86863,0.86863,0.86863,0.86863,0.86863
0.84987,0.84987,0.84987,0.84987,0.84987,0.84987,0.84987
0.8311,0.8311,0.8311,0.8311,0.8311,0.8311,0.8311
0.80965,0.80965,0.80965,0.80965,0.80965,0.80965,0.80965
0.76408,0.76408,0.76408,0.76408,0.76408,0.76408,0.76408
0.75335,0.75335,0.75335,0.75335,0.75335,0.75335,0.75335
0.74799,0.74799,0.74799,0.74799,0.74799,0.74799,0.74799
0.72922,0.72922,0.72922,0.72922,0.72922,0.72922,0.72922
0.72386,0.72386,0.72386,0.72386,0.72386,0.72386,0.72386
0.72654,0.72654,0.72654,0.72654,0.72654,0.72654,0.72654
0.73995,0.73995,0.73995,0.73995,0.73995,0.73995,0.73995
0.79357,0.79357,0.79357,0.79357,0.79357,0.79357,0.79357
0.85255,0.85255,0.85255,0.85255,0.85255,0.85255,0.85255
0.88472,0.88472,0.88472,0.88472,0.88472,0.88472,0.88472
0.93298,0.93298,0.93298,0.93298,0.93298,0.93298,0.93298
0.94906,0.94906,0.94906,0.94906,0.94906,0.94906,0.94906
0.96515,0.96515,0.96515,0.96515,0.96515,0.96515,0.96515
0.97319,0.97319,0.97319,0.97319,0.97319,0.97319,0.97319
0.98123,0.98123,0.98123,0.98123,0.98123,0.98123,0.98123
0.99196,0.99196,0.99196,0.99196,0.99196,0.99196,0.99196
0.98928,0.98928,0.98928,0.98928,0.98928,0.98928,0.98928
0.95979,0.95979,0.95979,0.95979,0.95979,0.95979,0.95979
0.94638,0.94638,0.94638,0.94638,0.94638,0.94638,0.94638
0.91689,0.91689,0.91689,0.91689,0.91689,0.91689,0.91689
0.89544,0.89544,0.89544,0.89544,0.89544,0.89544,0.89544
0.87936,0.87936,0.87936,0.87936,0.87936,0.87936,0.87936
0.86327,0.86327,0.86327,0.86327,0.86327,0.86327,0.86327
0.84718,0.84718,0.84718,0.84718,0.84718,0.84718,0.84718
0.81769,0.81769,0.81769,0.81769,0.81769,0.81769,0.81769
0.79893,0.79893,0.79893,0.79893,0.79893,0.79893,0.79893
0.77212,0.77212,0.77212,0.77212,0.77212,0.77212,0.77212
0.74263,0.74263,0.74263,0.74263,0.74263,0.74263,0.74263
0.71046,0.71046,0.71046,0.71046,0.71046,0.71046,0.71046
0.71046,0.71046,0.71046,0.71046,0.71046,0.71046,0.71046
0.75067,0.75067,0.75067,0.75067,0.75067,0.75067,0.75067
0.80697,0.80697,0.80697,0.80697,0.80697,0.80697,0.80697
0.86327,0.86327,0.86327,0.86327,0.86327,0.86327,0.86327
0.9008,0.9008,0.9008,0.9008,0.9008,0.9008,0.9008
0.90885,0.90885,0.90885,0.90885,0.90885,0.90885,0.90885
0.91957,0.91957,0.91957,0.91957,0.91957,0.91957,0.91957
0.94638,0.94638,0.94638,0.94638,0.94638,0.94638,0.94638
0.95979,0.95979,0.95979,0.95979,0.95979,0.95979,0.95979
0.95174,0.95174,0.95174,0.95174,0.95174,0.95174,0.95174
0.94638,0.94638,0.94638,0.94638,0.94638,0.94638,0.94638
0.9866,0.9866,0.9866,0.9866,0.9866,0.9866,0.9866
0.9866,0.9866,0.9866,0.9866,0.9866,0.9866,0.9866
0.95979,0.95979,0.95979,0.95979,0.95979,0.95979,0.95979
0.91421,0.91421,0.91421,0.91421,0.91421,0.91421,0.91421
0.87668,0.87668,0.87668,0.87668,0.87668,0.87668,0.87668
0.86595,0.86595,0.86595,0.86595,0.86595,0.86595,0.86595
0.83914,0.83914,0.83914,0.83914,0.83914,0.83914,0.83914
0.80965,0.80965,0.80965,0.80965,0.80965,0.80965,0.80965
0.77212,0.77212,0.77212,0.77212,0.77212,0.77212,0.77212
0.75335,0.75335,0.75335,0.75335,0.75335,0.75335,0.75335
0.72922,0.72922,0.72922,0.72922,0.72922,0.72922,0.72922
0.72386,0.72386,0.72386,0.72386,0.72386,0.72386,0.72386
0.71046,0.71046,0.71046,0.71046,0.71046,0.71046,0.71046
0.72118,0.72118,0.72118,0.72118,0.72118,0.72118,0.72118
0.77212,0.77212,0.77212,0.77212,0.77212,0.77212,0.77212
0.80161,0.80161,0.80161,0.80161,0.80161,0.80161,0.80161
0.85523,0.85523,0.85523,0.85523,0.85523,0.85523,0.85523
0.87399,0.87399,0.87399,0.87399,0.87399,0.87399,0.87399
0.89008,0.89008,0.89008,0.89008,0.89008,0.89008,0.89008
0.89276,0.89276,0.89276,0.89276,0.89276,0.89276,0.89276
0.89276,0.89276,0.89276,0.89276,0.89276,0.89276,0.89276
0.86595,0.86595,0.86595,0.86595,0.86595,0.86595,0.86595
0.85523,0.85523,0.85523,0.85523,0.85523,0.85523,0.85523
0.86595,0.86595,0.86595,0.86595,0.86595,0.86595,0.86595
0.86863,0.86863,0.86863,0.86863,0.86863,0.86863,0.86863
0.8445,0.8445,0.8445,0.8445,0.8445,0.8445,0.8445
0.83378,0.83378,0.83378,0.83378,0.83378,0.83378,0.83378
0.7882,0.7882,0.7882,0.7882,0.7882,0.7882,0.7882
0.74263,0.74263,0.74263,0.74263,0.74263,0.74263,0.74263
0.72118,0.72118,0.72118,0.72118,0.72118,0.72118,0.72118
0.69169,0.69169,0.69169,0.69169,0.69169,0.69169,0.69169
0.64611,0.64611,0.64611,0.64611,0.64611,0.64611,0.64611
0.62466,0.62466,0.62466,0.62466,0.62466,0.62466,0.62466
0.61126,0.61126,0.61126,0.61126,0.61126,0.61126,0.61126
0.60858,0.60858,0.60858,0.60858,0.60858,0.60858,0.60858
0.62198,0.62198,0.62198,0.62198,0.62198,0.62198,0.62198
0.61394,0.61394,0.61394,0.61394,0.61394,0.61394,0.61394
0.6193,0.6193,0.6193,0.6193,0.6193,0.6193,0.6193
0.64611,0.64611,0.64611,0.64611,0.64611,0.64611,0.64611
0.67292,0.67292,0.67292,0.67292,0.67292,0.67292,0.67292
0.69169,0.69169,0.69169,0.69169,0.69169,0.69169,0.69169
0.72386,0.72386,0.72386,0.72386,0.72386,0.72386,0.72386
0.73727,0.73727,0.73727,0.73727,0.73727,0.73727,0.73727
0.75603,0.75603,0.75603,0.75603,0.75603,0.75603,0.75603
0.76676,0.76676,0.76676,0.76676,0.76676,0.76676,0.76676
0.77748,0.77748,0.77748,0.77748,0.77748,0.77748,0.77748
0.77748,0.77748,0.77748,0.77748,0.77748,0.77748,0.77748
0.79893,0.79893,0.79893,0.79893,0.79893,0.79893,0.79893
0.78552,0.78552,0.78552,0.78552,0.78552,0.78552,0.78552
0.7748,0.7748,0.7748,0.7748,0.7748,0.7748,0.7748
0.76139,0.76139,0.76139,0.76139,0.76139,0.76139,0.76139
0.7319,0.7319,0.7319,0.7319,0.7319,0.7319,0.7319
0.68901,0.68901,0.68901,0.68901,0.68901,0.68901,0.68901
0.66756,0.66756,0.66756,0.66756,0.66756,0.66756,0.66756
0.65952,0.65952,0.65952,0.65952,0.65952,0.65952,0.65952
0.66756,0.66756,0.66756,0.66756,0.66756,0.66756,0.66756
0.63271,0.63271,0.63271,0.63271,0.63271,0.63271,0.63271
0.57909,0.57909,0.57909,0.57909,0.57909,0.57909,0.57909
0.5496,0.5496,0.5496,0.5496,0.5496,0.5496,0.5496
0.53351,0.53351,0.53351,0.53351,0.53351,0.53351,0.53351
0.54692,0.54692,0.54692,0.54692,0.54692,0.54692,0.54692
0.54155,0.54155,0.54155,0.54155,0.54155,0.54155,0.54155
0.54424,0.54424,0.54424,0.54424,0.54424,0.54424,0.54424
0.55228,0.55228,0.55228,0.55228,0.55228,0.55228,0.55228
0.59517,0.59517,0.59517,0.59517,0.59517,0.59517,0.59517
0.64343,0.64343,0.64343,0.64343,0.64343,0.64343,0.64343
0.6622,0.6622,0.6622,0.6622,0.6622,0.6622,0.6622
0.6756,0.6756,0.6756,0.6756,0.6756,0.6756,0.6756
0.68901,0.68901,0.68901,0.68901,0.68901,0.68901,0.68901
0.69169,0.69169,0.69169,0.69169,0.69169,0.69169,0.69169
0.69705,0.69705,0.69705,0.69705,0.69705,0.69705,0.69705
0.69169,0.69169,0.69169,0.69169,0.69169,0.69169,0.69169
0.68097,0.68097,0.68097,0.68097,0.68097,0.68097,0.68097
0.66756,0.66756,0.66756,0.66756,0.66756,0.66756,0.66756
0.65684,0.65684,0.65684,0.65684,0.65684,0.65684,0.65684
0.65952,0.65952,0.65952,0.65952,0.65952,0.65952,0.65952
0.65147,0.65147,0.65147,0.65147,0.65147,0.65147,0.65147
0.64075,0.64075,0.64075,0.64075,0.64075,0.64075,0.64075
0.63271,0.63271,0.63271,0.63271,0.63271,0.63271,0.63271
0.6059,0.6059,0.6059,0.6059,0.6059,0.6059,0.6059
0.57641,0.57641,0.57641,0.57641,0.57641,0.57641,0.57641
0.55228,0.55228,0.55228,0.55228,0.55228,0.55228,0.55228
0.53083,0.53083,0.53083,0.53083,0.53083,0.53083,0.53083
0.51743,0.51743,0.51743,0.51743,0.51743,0.51743,0.51743
0.50402,0.50402,0.50402,0.50402,0.50402,0.50402,0.50402
0.5067,0.5067,0.5067,0.5067,0.5067,0.5067,0.5067
0.54155,0.54155,0.54155,0.54155,0.54155,0.54155,0.54155
0.60858,0.60858,0.60858,0.60858,0.60858,0.60858,0.60858
0.65952,0.65952,0.65952,0.65952,0.65952,0.65952,0.65952
0.69705,0.69705,0.69705,0.69705,0.69705,0.69705,0.69705
0.74531,0.74531,0.74531,0.74531,0.74531,0.74531,0.74531
0.76408,0.76408,0.76408,0.76408,0.76408,0.76408,0.76408
0.78016,0.78016,0.78016,0.78016,0.78016,0.78016,0.78016
0.79625,0.79625,0.79625,0.79625,0.79625,0.79625,0.79625
0.79625,0.79625,0.79625,0.79625,0.79625,0.79625,0.79625
0.80429,0.80429,0.80429,0.80429,0.80429,0.80429,0.80429
0.80429,0.80429,0.80429,0.80429,0.80429,0.80429,0.80429
0.82038,0.82038,0.82038,0.82038,0.82038,0.82038,0.82038
0.80429,0.80429,0.80429,0.80429,0.80429,0.80429,0.80429
0.72922,0.72922,0.72922,0.72922,0.72922,0.72922,0.72922
0.68365,0.68365,0.68365,0.68365,0.68365,0.68365,0.68365
0.66488,0.66488,0.66488,0.66488,0.66488,0.66488,0.66488
0.63807,0.63807,0.63807,0.63807,0.63807,0.63807,0.63807
0.64611,0.64611,0.64611,0.64611,0.64611,0.64611,0.64611
0.64075,0.64075,0.64075,0.64075,0.64075,0.64075,0.64075
0.6059,0.6059,0.6059,0.6059,0.6059,0.6059,0.6059
0.5496,0.5496,0.5496,0.5496,0.5496,0.5496,0.5496
0.54155,0.54155,0.54155,0.54155,0.54155,0.54155,0.54155
0.53351,0.53351,0.53351,0.53351,0.53351,0.53351,0.53351
0.55228,0.55228,0.55228,0.55228,0.55228,0.55228,0.55228
0.58713,0.58713,0.58713,0.58713,0.58713,0.58713,0.58713
0.63271,0.63271,0.63271,0.63271,0.63271,0.63271,0.63271
0.69973,0.69973,0.69973,0.69973,0.69973,0.69973,0.69973
0.75871,0.75871,0.75871,0.75871,0.75871,0.75871,0.75871
0.80161,0.80161,0.80161,0.80161,0.80161,0.80161,0.80161
0.83914,0.83914,0.83914,0.83914,0.83914,0.83914,0.83914
0.85255,0.85255,0.85255,0.85255,0.85255,0.85255,0.85255
0.86863,0.86863,0.86863,0.86863,0.86863,0.86863,0.86863
0.8874,0.8874,0.8874,0.8874,0.8874,0.8874,0.8874
0.90617,0.90617,0.90617,0.90617,0.90617,0.90617,0.90617
0.91689,0.91689,0.91689,0.91689,0.91689,0.91689,0.91689
0.91689,0.91689,0.91689,0.91689,0.91689,0.91689,0.91689
0.91421,0.91421,0.91421,0.91421,0.91421,0.91421,0.91421
0.87399,0.87399,0.87399,0.87399,0.87399,0.87399,0.87399
0.81233,0.81233,0.81233,0.81233,0.81233,0.81233,0.81233
0.78284,0.78284,0.78284,0.78284,0.78284,0.78284,0.78284
0.76139,0.76139,0.76139,0.76139,0.76139,0.76139,0.76139
0.74799,0.74799,0.74799,0.74799,0.74799,0.74799,0.74799
0.72654,0.72654,0.72654,0.72654,0.72654,0.72654,0.72654
0.70241,0.70241,0.70241,0.70241,0.70241,0.70241,0.70241
0.68365,0.68365,0.68365,0.68365,0.68365,0.68365,0.68365
0.67292,0.67292,0.67292,0.67292,0.67292,0.67292,0.67292
0.65684,0.65684,0.65684,0.65684,0.65684,0.65684,0.65684
0.64611,0.64611,0.64611,0.64611,0.64611,0.64611,0.64611
0.67024,0.67024,0.67024,0.67024,0.67024,0.67024,0.67024
0.72654,0.72654,0.72654,0.72654,0.72654,0.72654,0.72654
0.76676,0.76676,0.76676,0.76676,0.76676,0.76676,0.76676
0.82038,0.82038,0.82038,0.82038,0.82038,0.82038,0.82038
0.86327,0.86327,0.86327,0.86327,0.86327,0.86327,0.86327
0.89008,0.89008,0.89008,0.89008,0.89008,0.89008,0.89008
0.91421,0.91421,0.91421,0.91421,0.91421,0.91421,0.91421
0.9437,0.9437,0.9437,0.9437,0.9437,0.9437,0.9437
0.9571,0.9571,0.9571,0.9571,0.9571,0.9571,0.9571
0.96783,0.96783,0.96783,0.96783,0.96783,0.96783,0.96783
0.97319,0.97319,0.97319,0.97319,0.97319,0.97319,0.97319
0.96515,0.96515,0.96515,0.96515,0.96515,0.96515,0.96515
0.94638,0.94638,0.94638,0.94638,0.94638,0.94638,0.94638
0.91421,0.91421,0.91421,0.91421,0.91421,0.91421,0.91421
0.85255,0.85255,0.85255,0.85255,0.85255,0.85255,0.85255
0.82038,0.82038,0.82038,0.82038,0.82038,0.82038,0.82038
0.79893,0.79893,0.79893,0.79893,0.79893,0.79893,0.79893
0.77748,0.77748,0.77748,0.77748,0.77748,0.77748,0.77748
0.75871,0.75871,0.75871,0.75871,0.75871,0.75871,0.75871
0.73995,0.73995,0.73995,0.73995,0.73995,0.73995,0.73995
0.71314,0.71314,0.71314,0.71314,0.71314,0.71314,0.71314
0.68633,0.68633,0.68633,0.68633,0.68633,0.68633,0.68633
0.67024,0.67024,0.67024,0.67024,0.67024,0.67024,0.67024
0.66488,0.66488,0.66488,0.66488,0.66488,0.66488,0.66488
0.69169,0.69169,0.69169,0.69169,0.69169,0.69169,0.69169
0.72922,0.72922,0.72922,0.72922,0.72922,0.72922,0.72922
0.78552,0.78552,0.78552,0.78552,0.78552,0.78552,0.78552
0.82306,0.82306,0.82306,0.82306,0.82306,0.82306,0.82306
0.86059,0.86059,0.86059,0.86059,0.86059,0.86059,0.86059
0.88204,0.88204,0.88204,0.88204,0.88204,0.88204,0.88204
0.90349,0.90349,0.90349,0.90349,0.90349,0.90349,0.90349
0.93298,0.93298,0.93298,0.93298,0.93298,0.93298,0.93298
0.94102,0.94102,0.94102,0.94102,0.94102,0.94102,0.94102
0.9437,0.9437,0.9437,0.9437,0.9437,0.9437,0.9437
0.93566,0.93566,0.93566,0.93566,0.93566,0.93566,0.93566
0.93029,0.93029,0.93029,0.93029,0.93029,0.93029,0.93029
0.90617,0.90617,0.90617,0.90617,0.90617,0.90617,0.90617
0.87936,0.87936,0.87936,0.87936,0.87936,0.87936,0.87936
0.84182,0.84182,0.84182,0.84182,0.84182,0.84182,0.84182
0.82038,0.82038,0.82038,0.82038,0.82038,0.82038,0.82038
0.79625,0.79625,0.79625,0.79625,0.79625,0.79625,0.79625
0.75603,0.75603,0.75603,0.75603,0.75603,0.75603,0.75603
0.71582,0.71582,0.71582,0.71582,0.71582,0.71582,0.71582
0.70509,0.70509,0.70509,0.70509,0.70509,0.70509,0.70509
0.71046,0.71046,0.71046,0.71046,0.71046,0.71046,0.71046
0.68365,0.68365,0.68365,0.68365,0.68365,0.68365,0.68365
0.66756,0.66756,0.66756,0.66756,0.66756,0.66756,0.66756
0.66488,0.66488,0.66488,0.66488,0.66488,0.66488,0.66488
0.68633,0.68633,0.68633,0.68633,0.68633,0.68633,0.68633
0.74531,0.74531,0.74531,0.74531,0.74531,0.74531,0.74531
0.80429,0.80429,0.80429,0.80429,0.80429,0.80429,0.80429
0.83914,0.83914,0.83914,0.83914,0.83914,0.83914,0.83914
0.87399,0.87399,0.87399,0.87399,0.87399,0.87399,0.87399
0.90885,0.90885,0.90885,0.90885,0.90885,0.90885,0.90885
0.93029,0.93029,0.93029,0.93029,0.93029,0.93029,0.93029
0.95442,0.95442,0.95442,0.95442,0.95442,0.95442,0.95442
0.96515,0.96515,0.96515,0.96515,0.96515,0.96515,0.96515
0.97051,0.97051,0.97051,0.97051,0.97051,0.97051,0.97051
0.97319,0.97319,0.97319,0.97319,0.97319,0.97319,0.97319
0.96515,0.96515,0.96515,0.96515,0.96515,0.96515,0.96515
0.94906,0.94906,0.94906,0.94906,0.94906,0.94906,0.94906
0.91421,0.91421,0.91421,0.91421,0.91421,0.91421,0.91421
0.87936,0.87936,0.87936,0.87936,0.87936,0.87936,0.87936
0.84718,0.84718,0.84718,0.84718,0.84718,0.84718,0.84718
0.8311,0.8311,0.8311,0.8311,0.8311,0.8311,0.8311
0.81501,0.81501,0.81501,0.81501,0.81501,0.81501,0.81501
0.79357,0.79357,0.79357,0.79357,0.79357,0.79357,0.79357
0.76944,0.76944,0.76944,0.76944,0.76944,0.76944,0.76944
0.73995,0.73995,0.73995,0.73995,0.73995,0.73995,0.73995
0.7185,0.7185,0.7185,0.7185,0.7185,0.7185,0.7185
0.69973,0.69973,0.69973,0.69973,0.69973,0.69973,0.69973
0.68901,0.68901,0.68901,0.68901,0.68901,0.68901,0.68901
0.71582,0.71582,0.71582,0.71582,0.71582,0.71582,0.71582
0.75335,0.75335,0.75335,0.75335,0.75335,0.75335,0.75335
0.79357,0.79357,0.79357,0.79357,0.79357,0.79357,0.79357
0.82306,0.82306,0.82306,0.82306,0.82306,0.82306,0.82306
0.85523,0.85523,0.85523,0.85523,0.85523,0.85523,0.85523
0.86595,0.86595,0.86595,0.86595,0.86595,0.86595,0.86595
0.87399,0.87399,0.87399,0.87399,0.87399,0.87399,0.87399
0.90349,0.90349,0.90349,0.90349,0.90349,0.90349,0.90349
0.93298,0.93298,0.93298,0.93298,0.93298,0.93298,0.93298
0.96247,0.96247,0.96247,0.96247,0.96247,0.96247,0.96247
0.96247,0.96247,0.96247,0.96247,0.96247,0.96247,0.96247
0.96783,0.96783,0.96783,0.96783,0.96783,0.96783,0.96783
0.9437,0.9437,0.9437,0.9437,0.9437,0.9437,0.9437
0.90617,0.90617,0.90617,0.90617,0.90617,0.90617,0.90617
0.88204,0.88204,0.88204,0.88204,0.88204,0.88204,0.88204
0.85523,0.85523,0.85523,0.85523,0.85523,0.85523,0.85523
0.83646,0.83646,0.83646,0.83646,0.83646,0.83646,0.83646
0.81233,0.81233,0.81233,0.81233,0.81233,0.81233,0.81233
0.78016,0.78016,0.78016,0.78016,0.78016,0.78016,0.78016
0.76676,0.76676,0.76676,0.76676,0.76676,0.76676,0.76676
0.73995,0.73995,0.73995,0.73995,0.73995,0.73995,0.73995
0.70509,0.70509,0.70509,0.70509,0.70509,0.70509,0.70509
0.68901,0.68901,0.68901,0.68901,0.68901,0.68901,0.68901
0.6756,0.6756,0.6756,0.6756,0.6756,0.6756,0.6756
0.69973,0.69973,0.69973,0.69973,0.69973,0.69973,0.69973
0.76139,0.76139,0.76139,0.76139,0.76139,0.76139,0.76139
0.80161,0.80161,0.80161,0.80161,0.80161,0.80161,0.80161
0.81501,0.81501,0.81501,0.81501,0.81501,0.81501,0.81501
0.82306,0.82306,0.82306,0.82306,0.82306,0.82306,0.82306
0.84718,0.84718,0.84718,0.84718,0.84718,0.84718,0.84718
0.89008,0.89008,0.89008,0.89008,0.89008,0.89008,0.89008
0.93029,0.93029,0.93029,0.93029,0.93029,0.93029,0.93029
0.93298,0.93298,0.93298,0.93298,0.93298,0.93298,0.93298
0.9571,0.9571,0.9571,0.9571,0.9571,0.9571,0.9571
0.9571,0.9571,0.9571,0.9571,0.9571,0.9571,0.9571
0.94906,0.94906,0.94906,0.94906,0.94906,0.94906,0.94906
0.92493,0.92493,0.92493,0.92493,0.92493,0.92493,0.92493
0.88204,0.88204,0.88204,0.88204,0.88204,0.88204,0.88204
0.85255,0.85255,0.85255,0.85255,0.85255,0.85255,0.85255
0.8311,0.8311,0.8311,0.8311,0.8311,0.8311,0.8311
0.80161,0.80161,0.80161,0.80161,0.80161,0.80161,0.80161
0.7748,0.7748,0.7748,0.7748,0.7748,0.7748,0.7748
0.76944,0.76944,0.76944,0.76944,0.76944,0.76944,0.76944
0.76408,0.76408,0.76408,0.76408,0.76408,0.76408,0.76408
0.73727,0.73727,0.73727,0.73727,0.73727,0.73727,0.73727
0.7185,0.7185,0.7185,0.7185,0.7185,0.7185,0.7185
0.7185,0.7185,0.7185,0.7185,0.7185,0.7185,0.7185
0.7185,0.7185,0.7185,0.7185,0.7185,0.7185,0.7185
0.72922,0.72922,0.72922,0.72922,0.72922,0.72922,0.72922
0.71046,0.71046,0.71046,0.71046,0.71046,0.71046,0.71046
0.72118,0.72118,0.72118,0.72118,0.72118,0.72118,0.72118
0.7185,0.7185,0.7185,0.7185,0.7185,0.7185,0.7185
0.72922,0.72922,0.72922,0.72922,0.72922,0.72922,0.72922
0.7185,0.7185,0.7185,0.7185,0.7185,0.7185,0.7185
0.68633,0.68633,0.68633,0.68633,0.68633,0.68633,0.68633
0.71582,0.71582,0.71582,0.71582,0.71582,0.71582,0.71582
0.80697,0.80697,0.80697,0.80697,0.80697,0.80697,0.80697
0.81233,0.81233,0.81233,0.81233,0.81233,0.81233,0.81233
0.82038,0.82038,0.82038,0.82038,0.82038,0.82038,0.82038
0.8445,0.8445,0.8445,0.8445,0.8445,0.8445,0.8445
0.82038,0.82038,0.82038,0.82038,0.82038,0.82038,0.82038
0.79357,0.79357,0.79357,0.79357,0.79357,0.79357,0.79357
0.7882,0.7882,0.7882,0.7882,0.7882,0.7882,0.7882
0.77212,0.77212,0.77212,0.77212,0.77212,0.77212,0.77212
0.7319,0.7319,0.7319,0.7319,0.7319,0.7319,0.7319
0.71046,0.71046,0.71046,0.71046,0.71046,0.71046,0.71046
0.70509,0.70509,0.70509,0.70509,0.70509,0.70509,0.70509
0.68901,0.68901,0.68901,0.68901,0.68901,0.68901,0.68901
0.67828,0.67828,0.67828,0.67828,0.67828,0.67828,0.67828
0.6756,0.6756,0.6756,0.6756,0.6756,0.6756,0.6756
0.66756,0.66756,0.66756,0.66756,0.66756,0.66756,0.66756
0.68097,0.68097,0.68097,0.68097,0.68097,0.68097,0.68097
0.68365,0.68365,0.68365,0.68365,0.68365,0.68365,0.68365
0.70509,0.70509,0.70509,0.70509,0.70509,0.70509,0.70509
0.72118,0.72118,0.72118,0.72118,0.72118,0.72118,0.72118
0.74263,0.74263,0.74263,0.74263,0.74263,0.74263,0.74263
0.76408,0.76408,0.76408,0.76408,0.76408,0.76408,0.76408
0.78016,0.78016,0.78016,0.78016,0.78016,0.78016,0.78016
0.79625,0.79625,0.79625,0.79625,0.79625,0.79625,0.79625
0.79893,0.79893,0.79893,0.79893,0.79893,0.79893,0.79893
0.7882,0.7882,0.7882,0.7882,0.7882,0.7882,0.7882
0.7882,0.7882,0.7882,0.7882,0.7882,0.7882,0.7882
0.80697,0.80697,0.80697,0.80697,0.80697,0.80697,0.80697
0.82574,0.82574,0.82574,0.82574,0.82574,0.82574,0.82574
0.79357,0.79357,0.79357,0.79357,0.79357,0.79357,0.79357
0.7748,0.7748,0.7748,0.7748,0.7748,0.7748,0.7748
0.73995,0.73995,0.73995,0.73995,0.73995,0.73995,0.73995
0.72386,0.72386,0.72386,0.72386,0.72386,0.72386,0.72386
0.70509,0.70509,0.70509,0.70509,0.70509,0.70509,0.70509
0.69169,0.69169,0.69169,0.69169,0.69169,0.69169,0.69169
0.68901,0.68901,0.68901,0.68901,0.68901,0.68901,0.68901
0.96476,0.960886663390489,0.959360867158542,0.939903943759304,0.941286415993967,0.997011624917885,0.944716548285955
0.97593,0.969236857567942,0.96373007959154,0.944107197921861,0.952764477603497,0.995718599369507,0.946284157623283
0.97727,0.976052387480939,0.96707489793771,0.949392612451096,0.960109024258845,0.99428712599267,0.951532209805119
0.98222,0.976953230869666,0.965886756347796,0.946755771423095,0.96849789878434,0.995819980991159,0.960552947277846
0.99513,0.984805178864446,0.970964214476292,0.956937718275131,0.976043462225472,0.999882389580879,0.966037642665974
1.0102,0.993218016921537,0.976756356720526,0.978402643418375,0.978379481948569,1.00276686119543,0.976985945235717
1.0214,1.00310727445508,1.00243370541829,1.00235555235322,0.977493309619231,1.0181237543264,0.997473065403381
1.0162,1.00102504580193,1.01358085352427,0.992209041006013,0.99688166563874,1.03653149810784,1.00640969860687
0.99911,1.0069315509656,1.02579372256374,0.993377663069889,0.981509803730046,1.04362445076388,1.00527039349191
0.963,0.995383806658143,1.01285222136002,0.986535823001366,0.983285246200829,1.01825743490547,0.988031295951962
0.93235,0.97336218412659,0.98546032195711,0.969117871624855,0.968118493980697,0.99039867570225,0.952377810871988
0.91344,0.987868571003924,0.993881871441562,0.98865136500523,0.956330067398498,0.984805959335146,0.932697943950721
0.90045,0.972124399824857,0.975987396377049,0.97956642137496,0.962093035534916,0.977500765418192,0.967375787335467
0.88312,0.932232845204539,0.932230914593477,0.941000373129178,0.843555469360422,0.962081709986354,0.949415008922526
0.86702,0.912855461834857,0.901014971149239,0.948855834658057,0.911316900092105,0.964868365421234,0.932988382439569
0.85273,0.953721542541726,0.925477602222406,0.979370204640968,0.912075618074631,0.970594817006733,0.878534834867437
0.84208,0.941402631172339,0.915195628608249,0.97762218115612,0.835122120247506,0.961966376829287,0.909339334105711
0.85258,0.927559316043183,0.903179639721308,0.954206043132111,0.860467458178518,0.973724994531542,0.934144167900896
0.86367,0.929918042291885,0.900709037301065,0.949081201818812,0.869023941543826,0.949053499463472,0.913840337343895
0.86703,0.942482672884764,0.921410634072968,0.954323418747359,0.864985464828999,0.940078988259928,0.92316487643679
0.86927,0.949450014984611,0.920066397553805,0.954696025721321,0.875309871322466,0.951311171636396,0.917587574033046
0.87817,0.954810910649864,0.925928406113522,0.957787201809443,0.87997036070636,0.955860118384184,0.930196127382475
0.88579,0.964246028230511,0.934566507064092,0.958453435129826,0.909963993589367,0.964187665959684,0.940772250666942
0.88967,0.967598125894337,0.938347820088752,0.957474989894088,0.931975494134385,0.965099842109397,0.951001274933093
