small_1,small_de_2,all_3,all_de_4,small_5,small_de_6,all_7,all_de_8,small_9,small_de_10,all_11,all_de_12,small_13,small_de_14,all_15,all_de_16,small_17,small_de_18,all_19,all_de_20,small_21,small_de_22,all_23,all_de_24,small_25,small_de_26,all_27,all_de_28,original
0.757842302322388,0.972035944461823,0.790095806121826,0.959659278392792,0.95966762304306,0.936974585056305,0.925524234771729,0.931585073471069,0.960026383399963,0.919878542423248,0.932509958744049,0.919872581958771,0.959903836250305,0.91987007856369,0.931203842163086,0.919937133789062,0.957548022270203,0.919822633266449,0.935928702354431,0.91982239484787,0.9555424451828,0.919822335243225,0.934807419776917,0.919822335243225,0.960779011249542,0.93679541349411,0.924145817756653,0.932277500629425,0.95878
0.855271697044373,0.971894860267639,0.886397898197174,0.9607013463974,0.964273631572723,0.944572329521179,0.930088520050049,0.940762639045715,0.964480042457581,0.928252756595612,0.93785572052002,0.928253293037415,0.964684009552002,0.928245961666107,0.936063170433044,0.928296148777008,0.962981998920441,0.928197622299194,0.94126307964325,0.928197383880615,0.961132287979126,0.92819732427597,0.940843045711517,0.928197383880615,0.965067088603973,0.944400310516357,0.929316997528076,0.941489100456238,0.97661
0.90972900390625,0.969947814941406,0.933158874511719,0.957717478275299,0.969408869743347,0.949595630168915,0.93702507019043,0.939269602298737,0.970087349414825,0.932365477085114,0.944678783416748,0.932364046573639,0.970271110534668,0.932364165782928,0.943140864372253,0.932409882545471,0.969459772109985,0.93231189250946,0.947548747062683,0.932311832904816,0.967763185501099,0.932311654090881,0.946384429931641,0.932311654090881,0.970052003860474,0.949430644512177,0.936020135879517,0.939848840236664,0.98205
0.939707040786743,0.973392486572266,0.956710338592529,0.960975289344788,0.970468580722809,0.956279456615448,0.943370938301086,0.947354137897491,0.970672845840454,0.940965890884399,0.950035870075226,0.940962433815002,0.971137881278992,0.940960586071014,0.948535680770874,0.941007971763611,0.970159292221069,0.940911173820496,0.953140139579773,0.940911114215851,0.968432784080505,0.940910935401917,0.951845347881317,0.940910935401917,0.97098982334137,0.956100404262543,0.942363381385803,0.947819650173187,0.9937
0.959012269973755,0.970445334911346,0.970290243625641,0.958260238170624,0.973767101764679,0.955586314201355,0.950939416885376,0.948374569416046,0.973439574241638,0.942542314529419,0.956863284111023,0.942538142204285,0.974204182624817,0.942532777786255,0.955376029014587,0.942584037780762,0.973010718822479,0.942486524581909,0.960047423839569,0.94248640537262,0.971251845359802,0.94248628616333,0.95863276720047,0.94248628616333,0.974179983139038,0.955402076244354,0.950127422809601,0.94843989610672,1.0027
0.972796320915222,0.985275983810425,0.982127904891968,0.974735796451569,0.97358101606369,0.972771465778351,0.964668154716492,0.969655215740204,0.974249482154846,0.96149080991745,0.970353722572327,0.961496472358704,0.974799692630768,0.961489975452423,0.968942880630493,0.961532533168793,0.975632905960083,0.961439073085785,0.973186492919922,0.961438894271851,0.974763691425323,0.961438775062561,0.972368001937866,0.961438775062561,0.973533034324646,0.972633361816406,0.96434485912323,0.970147907733917,1.0219
0.974647164344788,0.997619092464447,0.988625407218933,0.988838732242584,0.966923177242279,0.984908819198608,0.973814308643341,0.983382523059845,0.968045353889465,0.978075861930847,0.978995501995087,0.978081166744232,0.968020439147949,0.978071570396423,0.977382063865662,0.97810560464859,0.968315124511719,0.978024065494537,0.980634570121765,0.978023946285248,0.967479109764099,0.978023767471313,0.979767024517059,0.978023767471313,0.967257916927338,0.984794557094574,0.973516345024109,0.983780026435852,1.0443
0.977251648902893,0.998921513557434,0.99082088470459,0.992640137672424,0.969223499298096,0.986214101314545,0.980606555938721,0.986694812774658,0.970101237297058,0.984306395053864,0.984401106834412,0.984306693077087,0.969708919525146,0.984295010566711,0.982947170734406,0.984337270259857,0.968406736850739,0.984252631664276,0.984750866889954,0.984252512454987,0.967186689376831,0.984252333641052,0.983870565891266,0.984252393245697,0.970173895359039,0.986046850681305,0.980574011802673,0.98713630437851,1.022
0.979288458824158,0.989245653152466,0.987170159816742,0.984127700328827,0.97946435213089,0.982936561107635,0.976362943649292,0.980633020401001,0.979625165462494,0.97783762216568,0.98172652721405,0.977839946746826,0.979597806930542,0.977825999259949,0.980236113071442,0.977868139743805,0.977940738201141,0.977783381938934,0.982045829296112,0.977783143520355,0.976681172847748,0.97778308391571,0.981562614440918,0.97778308391571,0.980342268943787,0.982755661010742,0.976255059242249,0.981146275997162,0.99028
0.971435844898224,0.967095673084259,0.976568639278412,0.963061392307281,0.972093105316162,0.962005496025085,0.964418530464172,0.959600150585175,0.972489297389984,0.958867013454437,0.972323000431061,0.958871960639954,0.972215831279755,0.95885568857193,0.970347166061401,0.95889151096344,0.970720410346985,0.958813786506653,0.973354339599609,0.958813667297363,0.96981418132782,0.958813428878784,0.972799360752106,0.958813428878784,0.972947955131531,0.96184629201889,0.964334011077881,0.959964096546173,0.94652
0.96245265007019,0.947930335998535,0.960260689258575,0.943387567996979,0.970257103443146,0.94592672586441,0.950338423252106,0.940060794353485,0.970312714576721,0.942183196544647,0.95772922039032,0.942185699939728,0.969876706600189,0.942169725894928,0.95565390586853,0.942204833030701,0.967126488685608,0.942128777503967,0.958233773708344,0.942128658294678,0.965888261795044,0.942128419876099,0.957505762577057,0.942128419876099,0.971503496170044,0.945732057094574,0.950358033180237,0.940297424793243,0.92917
0.950195610523224,0.931110143661499,0.941584885120392,0.925904154777527,0.960521221160889,0.92998331785202,0.935195446014404,0.925531148910522,0.960660457611084,0.928041636943817,0.941571712493896,0.928042471408844,0.959811091423035,0.928025126457214,0.939947843551636,0.92806202173233,0.956074833869934,0.927986264228821,0.94192099571228,0.927986145019531,0.954670488834381,0.927985906600952,0.940969228744507,0.927985966205597,0.96216344833374,0.929753243923187,0.935078561306,0.925678372383118,0.91435
0.937348365783691,0.915153324604034,0.921484708786011,0.90767776966095,0.94889235496521,0.916331112384796,0.914935290813446,0.906267821788788,0.949507713317871,0.914421916007996,0.921855449676514,0.914422810077667,0.948073029518127,0.914406716823578,0.920127630233765,0.91444343328476,0.943668007850647,0.914367020130157,0.922773838043213,0.914366841316223,0.942168116569519,0.914366602897644,0.92180335521698,0.914366662502289,0.950944781303406,0.916085779666901,0.914469599723816,0.906270563602448,0.90451
0.921210169792175,0.903911352157593,0.900158107280731,0.89309686422348,0.931969225406647,0.902945399284363,0.890776038169861,0.890227794647217,0.93317836523056,0.905802309513092,0.899016201496124,0.9057976603508,0.930926263332367,0.905782282352448,0.89717173576355,0.905813992023468,0.925261259078979,0.905746638774872,0.900776505470276,0.905746519565582,0.923419833183289,0.905746281147003,0.899411380290985,0.905746340751648,0.934700787067413,0.902728974819183,0.889649212360382,0.890497803688049,0.88754
0.904758810997009,0.895106971263885,0.880641400814056,0.880706787109375,0.910400629043579,0.890808582305908,0.871423006057739,0.878511905670166,0.912613809108734,0.89980560541153,0.879084646701813,0.8997962474823,0.909480094909668,0.899787604808807,0.877321720123291,0.899812877178192,0.903378546237946,0.899752736091614,0.880146205425262,0.899752557277679,0.901510834693909,0.899752378463745,0.878711879253387,0.89975243806839,0.913590669631958,0.890710830688477,0.870580673217773,0.878940343856812,0.86259
0.890137016773224,0.88268905878067,0.862904667854309,0.864817976951599,0.89161479473114,0.87931627035141,0.851940870285034,0.862957954406738,0.894110023975372,0.889889717102051,0.8589928150177,0.88987123966217,0.890242695808411,0.889862596988678,0.857357978820801,0.889880836009979,0.882286071777344,0.889833450317383,0.85920774936676,0.889833271503448,0.879805743694305,0.889833092689514,0.857588231563568,0.889833152294159,0.895596027374268,0.879178464412689,0.851059079170227,0.863203346729279,0.84637
0.892820119857788,0.873308420181274,0.855799973011017,0.852136552333832,0.89897882938385,0.876902222633362,0.850110411643982,0.854065835475922,0.901369035243988,0.880596697330475,0.85736358165741,0.880574345588684,0.897586584091187,0.880569338798523,0.856211066246033,0.880596101284027,0.88930869102478,0.880538403987885,0.856329202651978,0.880538403987885,0.886464893817902,0.880538105964661,0.855125784873962,0.880538165569305,0.903109788894653,0.876715362071991,0.849294781684875,0.854232370853424,0.83935
0.893610835075378,0.865419387817383,0.856265187263489,0.844043552875519,0.896231532096863,0.868676543235779,0.855471074581146,0.849844932556152,0.898467779159546,0.873384177684784,0.86503678560257,0.873368203639984,0.894794583320618,0.873358488082886,0.863841533660889,0.873386740684509,0.886507272720337,0.873326599597931,0.863050103187561,0.873326778411865,0.883668184280396,0.873326301574707,0.861812233924866,0.873326361179352,0.900279402732849,0.868471741676331,0.854169011116028,0.849716424942017,0.83353
0.893971681594849,0.864870071411133,0.860823750495911,0.845067381858826,0.891832709312439,0.866503000259399,0.865503430366516,0.852944135665894,0.89439058303833,0.874216854572296,0.875613689422607,0.874208688735962,0.890857100486755,0.874194741249084,0.873830199241638,0.874218821525574,0.88385546207428,0.874161660671234,0.872464299201965,0.874161839485168,0.88148033618927,0.874161303043365,0.871137619018555,0.874161303043365,0.895420670509338,0.866337537765503,0.865142107009888,0.852576017379761,0.8274
0.898285746574402,0.867178857326508,0.867337584495544,0.849713683128357,0.892867922782898,0.869651615619659,0.87340635061264,0.861717164516449,0.895088911056519,0.877736806869507,0.882150530815125,0.87773334980011,0.89220142364502,0.877716720104218,0.880659461021423,0.87773460149765,0.886679887771606,0.877682745456696,0.879093110561371,0.877682864665985,0.884882092475891,0.877682387828827,0.878052353858948,0.877682387828827,0.895670056343079,0.869509339332581,0.873752892017365,0.861861944198608,0.83399
0.904825687408447,0.873984515666962,0.87661612033844,0.857356190681458,0.898280143737793,0.880873084068298,0.882346630096436,0.870753765106201,0.901606917381287,0.88393223285675,0.890463292598724,0.883933961391449,0.89903461933136,0.883927822113037,0.889390051364899,0.883941829204559,0.897211730480194,0.883883416652679,0.888217329978943,0.883883476257324,0.896594285964966,0.883883059024811,0.887779057025909,0.883883118629456,0.899974465370178,0.880811512470245,0.88289475440979,0.871169626712799,0.839
0.909621119499207,0.883884429931641,0.886410593986511,0.867581486701965,0.90081799030304,0.891647696495056,0.889649271965027,0.878610491752625,0.905243575572968,0.892653465270996,0.896735489368439,0.892657816410065,0.902816534042358,0.892661809921265,0.895919919013977,0.892672717571259,0.904142498970032,0.892609477043152,0.896531879901886,0.892609596252441,0.904556393623352,0.892609119415283,0.896611511707306,0.892609179019928,0.901620984077454,0.891665577888489,0.889759302139282,0.878983080387115,0.85211
0.909813046455383,0.891941249370575,0.894738733768463,0.87949550151825,0.896523475646973,0.892300665378571,0.896935105323792,0.885926783084869,0.898382186889648,0.902723968029022,0.900940299034119,0.902719378471375,0.896832585334778,0.902713179588318,0.900413274765015,0.902740240097046,0.895235657691956,0.902674853801727,0.901772618293762,0.902674913406372,0.894943475723267,0.902674496173859,0.901015758514404,0.902674555778503,0.8974769115448,0.892254531383514,0.896128952503204,0.885627090930939,0.87554
0.913028240203857,0.898451030254364,0.902334809303284,0.891275644302368,0.902069747447968,0.898407936096191,0.902812004089355,0.90158885717392,0.902579188346863,0.911612272262573,0.905377566814423,0.911611795425415,0.901584982872009,0.911598265171051,0.904790163040161,0.91163831949234,0.898511350154877,0.911562383174896,0.906578660011292,0.911562144756317,0.897672772407532,0.911561965942383,0.905923008918762,0.911562085151672,0.903133869171143,0.898343145847321,0.90248167514801,0.901856899261475,0.8956
