small_1,small_de_2,all_3,all_de_4,small_5,small_de_6,all_7,all_de_8,small_9,small_de_10,all_11,all_de_12,small_13,small_de_14,all_15,all_de_16,small_17,small_de_18,all_19,all_de_20,small_21,small_de_22,all_23,all_de_24,small_25,small_de_26,all_27,all_de_28,original
0.905691921710968,0.907405257225037,0.901687383651733,0.91850745677948,0.902029633522034,0.907586753368378,0.901329457759857,0.918728530406952,0.905367136001587,0.907430231571198,0.910564303398132,0.918635785579681,0.912961959838867,0.90740031003952,0.90439373254776,0.918479382991791,0.900998115539551,0.907232105731964,0.911375284194946,0.918363749980927,0.905271828174591,0.907346427440643,0.91356885433197,0.918189346790314,0.889689087867737,0.907307803630829,0.89174896478653,0.918518543243408,0.89648
0.907778024673462,0.912429511547089,0.903151154518127,0.913128793239594,0.904098272323608,0.912616074085236,0.906439423561096,0.91333395242691,0.907441973686218,0.912461459636688,0.914141297340393,0.913176298141479,0.915309607982635,0.912428259849548,0.906886637210846,0.913127601146698,0.903118968009949,0.912252485752106,0.907941997051239,0.913003265857697,0.907095015048981,0.912372767925262,0.908157229423523,0.912917017936707,0.891754448413849,0.912337124347687,0.893446803092957,0.913021266460419,0.89692
0.907276690006256,0.913020730018616,0.916869521141052,0.914970993995667,0.90335488319397,0.913210570812225,0.921201050281525,0.915128767490387,0.908471465110779,0.913056194782257,0.926804900169373,0.914935231208801,0.919659018516541,0.91302216053009,0.920364201068878,0.914924204349518,0.905828416347504,0.912842869758606,0.913528680801392,0.91478830575943,0.908442556858063,0.912964642047882,0.91292279958725,0.914737164974213,0.896947860717773,0.912923872470856,0.907993972301483,0.914855360984802,0.90453
0.919086098670959,0.927630007266998,0.927117466926575,0.92712539434433,0.91555643081665,0.927814543247223,0.928416132926941,0.92725658416748,0.916902899742126,0.927659690380096,0.933750748634338,0.926780879497528,0.922477006912231,0.927627086639404,0.929210066795349,0.926951825618744,0.910869240760803,0.927454173564911,0.921620488166809,0.926888406276703,0.914311230182648,0.927572011947632,0.921782791614532,0.927007675170898,0.896085917949677,0.927537322044373,0.918465495109558,0.926901698112488,0.92145
0.932368516921997,0.934407591819763,0.938841223716736,0.928860366344452,0.92901474237442,0.934587240219116,0.940211057662964,0.929097473621368,0.928076148033142,0.93442964553833,0.945460081100464,0.928696811199188,0.930819630622864,0.934401988983154,0.94103080034256,0.928758144378662,0.920002996921539,0.934236228466034,0.930631220340729,0.928730428218842,0.923380255699158,0.934351801872253,0.931283295154572,0.928835868835449,0.901317298412323,0.9343141913414,0.93048369884491,0.928766667842865,0.92894
0.949459850788116,0.960244297981262,0.954279184341431,0.945267558097839,0.946056962013245,0.96041476726532,0.959151327610016,0.945647835731506,0.944430828094482,0.960255265235901,0.964725494384766,0.945551753044128,0.947116076946259,0.960230708122253,0.958368599414825,0.945352435112,0.93565559387207,0.960077285766602,0.943231999874115,0.945297002792358,0.938985109329224,0.960179567337036,0.942615509033203,0.94524085521698,0.915280342102051,0.960140645503998,0.94708377122879,0.945424556732178,0.93448
0.947537839412689,0.977323651313782,0.964197635650635,0.96773099899292,0.944058179855347,0.977494239807129,0.967910528182983,0.96818596124649,0.94316041469574,0.97733348608017,0.974315881729126,0.968170762062073,0.946459174156189,0.977311372756958,0.968097507953644,0.96792060136795,0.934840083122253,0.977158844470978,0.956638932228088,0.967844188213348,0.939068496227264,0.977263331413269,0.955788731575012,0.967678666114807,0.915528357028961,0.97722065448761,0.956672787666321,0.9679034948349,0.94881
0.955223321914673,0.985193252563477,0.972617864608765,0.976608455181122,0.951435148715973,0.985359311103821,0.975959777832031,0.977023422718048,0.952874898910522,0.985199451446533,0.983465552330017,0.977104783058167,0.960065424442291,0.985177099704742,0.977153480052948,0.976781785488129,0.946445167064667,0.985032975673676,0.965492367744446,0.976680099964142,0.951660811901093,0.985126614570618,0.964451193809509,0.976438581943512,0.930551707744598,0.985083639621735,0.964838981628418,0.976844787597656,0.96281
0.961292862892151,0.977941632270813,0.968021512031555,0.972297549247742,0.957302927970886,0.978106379508972,0.974602997303009,0.972640156745911,0.96019971370697,0.977951169013977,0.982518196105957,0.972610473632812,0.969593226909637,0.977921426296234,0.974687695503235,0.972431480884552,0.954818308353424,0.977777183055878,0.964047491550446,0.972299337387085,0.961287200450897,0.977862596511841,0.962926268577576,0.972068846225739,0.940962791442871,0.977832853794098,0.959473490715027,0.972347795963287,0.96261
0.954102575778961,0.954924941062927,0.955637574195862,0.950765430927277,0.950026750564575,0.955093383789062,0.964919090270996,0.951058864593506,0.95411217212677,0.954942405223846,0.972869157791138,0.950854361057281,0.964364886283875,0.954905927181244,0.964048683643341,0.950827360153198,0.949557065963745,0.954755842685699,0.954335927963257,0.950711786746979,0.957355678081512,0.95484185218811,0.951885938644409,0.950560748577118,0.937678575515747,0.954821586608887,0.946389734745026,0.950705170631409,0.96479
0.94774717092514,0.938121438026428,0.943585515022278,0.934193789958954,0.943498551845551,0.938289046287537,0.951005518436432,0.934401869773865,0.94927990436554,0.938140273094177,0.957991480827332,0.934034049510956,0.961713790893555,0.938099920749664,0.951192796230316,0.934119880199432,0.946134686470032,0.937949776649475,0.941374778747559,0.934034883975983,0.95411491394043,0.938030242919922,0.939219951629639,0.933993518352509,0.936871290206909,0.938015222549438,0.933577179908752,0.934059143066406,0.97011
0.937525153160095,0.922403752803802,0.930072069168091,0.916409194469452,0.933118581771851,0.922570407390594,0.934884965419769,0.916628897190094,0.940881848335266,0.922424733638763,0.940313935279846,0.916374683380127,0.955666184425354,0.922378718852997,0.935953736305237,0.916373133659363,0.939430832862854,0.922228515148163,0.925192475318909,0.916273295879364,0.947897672653198,0.922300457954407,0.923646450042725,0.916185855865479,0.933511912822723,0.922291815280914,0.919562995433807,0.916325390338898,0.97062
0.925383985042572,0.909812986850739,0.917537569999695,0.898533165454865,0.920998454093933,0.909977376461029,0.920250415802002,0.898822426795959,0.929523348808289,0.909832417964935,0.924244523048401,0.898527383804321,0.944489717483521,0.909785568714142,0.921846985816956,0.898528099060059,0.928719401359558,0.909638106822968,0.908763408660889,0.898457527160645,0.938028752803802,0.909705817699432,0.907082557678223,0.898401498794556,0.924521267414093,0.909700334072113,0.906944394111633,0.898504018783569,0.97593
0.904977798461914,0.895550131797791,0.906305551528931,0.884859561920166,0.900658369064331,0.895720839500427,0.907204926013947,0.885196089744568,0.91004467010498,0.895576477050781,0.909683465957642,0.885015606880188,0.92477822303772,0.895529508590698,0.908945262432098,0.884940803050995,0.90998637676239,0.895375311374664,0.89291775226593,0.884858727455139,0.920244872570038,0.895453631877899,0.891226887702942,0.884757876396179,0.907910585403442,0.895445883274078,0.896197855472565,0.884863913059235,0.96852
0.885459721088409,0.884578347206116,0.89248251914978,0.873745143413544,0.881263256072998,0.884756565093994,0.891989529132843,0.874117434024811,0.891128659248352,0.8846116065979,0.893783688545227,0.87406986951828,0.905138194561005,0.884567737579346,0.893950343132019,0.873896181583405,0.891539812088013,0.884407758712769,0.8767951130867,0.873789370059967,0.902761936187744,0.884502112865448,0.875441908836365,0.873619079589844,0.891136229038239,0.884489238262177,0.882977068424225,0.873844623565674,0.93836
0.865428447723389,0.873267590999603,0.881068468093872,0.864384770393372,0.86132937669754,0.873443067073822,0.88102114200592,0.864701688289642,0.871896147727966,0.873299658298492,0.882840752601624,0.864605605602264,0.885541558265686,0.873251914978027,0.88248473405838,0.864482581615448,0.872980833053589,0.873092710971832,0.864612936973572,0.864368319511414,0.885070741176605,0.873178482055664,0.863758087158203,0.864217162132263,0.874584555625916,0.873171031475067,0.872646570205688,0.86441695690155,0.89961
0.85568368434906,0.861882328987122,0.874470233917236,0.853136539459229,0.851414382457733,0.862059891223907,0.879251539707184,0.853407680988312,0.864097476005554,0.861916363239288,0.881577610969543,0.853292167186737,0.880771696567535,0.861869633197784,0.877974987030029,0.853178977966309,0.8671795129776,0.861710667610168,0.856127858161926,0.853062808513641,0.878907859325409,0.861797153949738,0.854611933231354,0.852947473526001,0.872441947460175,0.861782848834991,0.867412090301514,0.853170692920685,0.87192
0.852656364440918,0.855035185813904,0.866680979728699,0.846723616123199,0.848323702812195,0.855214178562164,0.875403344631195,0.847001016139984,0.862074136734009,0.855069041252136,0.878316283226013,0.846813678741455,0.880667328834534,0.855027139186859,0.871508061885834,0.846750020980835,0.866330027580261,0.854871332645416,0.849084794521332,0.846652805805206,0.877628743648529,0.854962050914764,0.846334338188171,0.846587955951691,0.873713195323944,0.854938447475433,0.860064029693604,0.846726059913635,0.8487
0.862750649452209,0.859985649585724,0.862301707267761,0.845424473285675,0.858598828315735,0.860160052776337,0.874360382556915,0.845729649066925,0.870847225189209,0.860017240047455,0.879045486450195,0.845635771751404,0.887612521648407,0.859972417354584,0.869093716144562,0.845512866973877,0.87386816740036,0.859822571277618,0.848510265350342,0.845399677753448,0.885926902294159,0.859903573989868,0.84530246257782,0.845288217067719,0.87924998998642,0.85988837480545,0.855896949768066,0.845453441143036,0.8452
0.867580771446228,0.861986815929413,0.864422202110291,0.849075436592102,0.863636672496796,0.862165212631226,0.881890892982483,0.849442422389984,0.873097956180573,0.86201936006546,0.886961817741394,0.849045157432556,0.886198103427887,0.861977159976959,0.873813450336456,0.849152684211731,0.873731195926666,0.861818730831146,0.853566706180573,0.849096477031708,0.883842766284943,0.861911535263062,0.850100636482239,0.849139630794525,0.874085962772369,0.861891746520996,0.858126401901245,0.848962008953094,0.84617
0.856802821159363,0.854964435100555,0.881568908691406,0.853104889392853,0.852090716362,0.85515695810318,0.902758121490479,0.853423237800598,0.867169618606567,0.855006098747253,0.9063481092453,0.853294372558594,0.89037811756134,0.854968667030334,0.891798973083496,0.853217959403992,0.873117387294769,0.854792892932892,0.865543186664581,0.853112459182739,0.877952933311462,0.854904592037201,0.86050546169281,0.853072643280029,0.881126880645752,0.854854702949524,0.876239776611328,0.853095948696136,0.85111
0.855939865112305,0.85783588886261,0.894773125648499,0.86446750164032,0.85093230009079,0.858035624027252,0.912763237953186,0.864674866199493,0.868033051490784,0.857882857322693,0.915118217468262,0.864714980125427,0.89520001411438,0.857847213745117,0.903270304203033,0.864551723003387,0.875937223434448,0.857662618160248,0.875664830207825,0.864367723464966,0.878617465496063,0.857784152030945,0.871223509311676,0.864247739315033,0.886641025543213,0.857721567153931,0.889737844467163,0.864470541477203,0.85457
0.867118716239929,0.871848344802856,0.902453899383545,0.874308705329895,0.862271070480347,0.87204509973526,0.919672667980194,0.87434309720993,0.877366840839386,0.871891260147095,0.92069685459137,0.874034762382507,0.902143359184265,0.871857106685638,0.91021865606308,0.874142706394196,0.883537530899048,0.871675252914429,0.878125011920929,0.874009191989899,0.885920107364655,0.871795415878296,0.874229550361633,0.874145328998566,0.890870034694672,0.871734321117401,0.896851241588593,0.87408709526062,0.86924
0.881069183349609,0.887454092502594,0.912244915962219,0.872046411037445,0.87667715549469,0.887646615505219,0.935482323169708,0.872104585170746,0.887335658073425,0.887493669986725,0.934242129325867,0.871775031089783,0.905539453029633,0.887458264827728,0.922081649303436,0.871904850006104,0.889518260955811,0.88727879524231,0.877694547176361,0.871788203716278,0.892759144306183,0.887398302555084,0.871064066886902,0.872021853923798,0.889860868453979,0.887351930141449,0.908250272274017,0.871825277805328,0.87864
