original,trained_s_1,trained_s_2,trained_s_3,trained_b_1,trained_b_2,trained_b_3
0.63807,0.63807,0.63807,0.63807,0.63807,0.63807,0.63807
0.62466,0.62466,0.62466,0.62466,0.62466,0.62466,0.62466
0.6059,0.6059,0.6059,0.6059,0.6059,0.6059,0.6059
0.59249,0.59249,0.59249,0.59249,0.59249,0.59249,0.59249
0.60322,0.60322,0.60322,0.60322,0.60322,0.60322,0.60322
0.61126,0.61126,0.61126,0.61126,0.61126,0.61126,0.61126
0.63539,0.63539,0.63539,0.63539,0.63539,0.63539,0.63539
0.67024,0.67024,0.67024,0.67024,0.67024,0.67024,0.67024
0.65952,0.65952,0.65952,0.65952,0.65952,0.65952,0.65952
0.60322,0.60322,0.60322,0.60322,0.60322,0.60322,0.60322
0.54155,0.54155,0.54155,0.54155,0.54155,0.54155,0.54155
0.56836,0.56836,0.56836,0.56836,0.56836,0.56836,0.56836
0.61662,0.61662,0.61662,0.61662,0.61662,0.61662,0.61662
0.6193,0.6193,0.6193,0.6193,0.6193,0.6193,0.6193
0.61662,0.61662,0.61662,0.61662,0.61662,0.61662,0.61662
0.6059,0.6059,0.6059,0.6059,0.6059,0.6059,0.6059
0.63271,0.63271,0.63271,0.63271,0.63271,0.63271,0.63271
0.64611,0.64611,0.64611,0.64611,0.64611,0.64611,0.64611
0.62198,0.62198,0.62198,0.62198,0.62198,0.62198,0.62198
0.58981,0.58981,0.58981,0.58981,0.58981,0.58981,0.58981
0.56032,0.56032,0.56032,0.56032,0.56032,0.56032,0.56032
0.54155,0.54155,0.54155,0.54155,0.54155,0.54155,0.54155
0.52815,0.52815,0.52815,0.52815,0.52815,0.52815,0.52815
0.52011,0.52011,0.52011,0.52011,0.52011,0.52011,0.52011
0.51743,0.51743,0.51743,0.51743,0.51743,0.51743,0.51743
0.5067,0.5067,0.5067,0.5067,0.5067,0.5067,0.5067
0.50134,0.50134,0.50134,0.50134,0.50134,0.50134,0.50134
0.50134,0.50134,0.50134,0.50134,0.50134,0.50134,0.50134
0.51475,0.51475,0.51475,0.51475,0.51475,0.51475,0.51475
0.54692,0.54692,0.54692,0.54692,0.54692,0.54692,0.54692
0.59786,0.59786,0.59786,0.59786,0.59786,0.59786,0.59786
0.67024,0.67024,0.67024,0.67024,0.67024,0.67024,0.67024
0.68633,0.68633,0.68633,0.68633,0.68633,0.68633,0.68633
0.71314,0.71314,0.71314,0.71314,0.71314,0.71314,0.71314
0.72118,0.72118,0.72118,0.72118,0.72118,0.72118,0.72118
0.73727,0.73727,0.73727,0.73727,0.73727,0.73727,0.73727
0.75067,0.75067,0.75067,0.75067,0.75067,0.75067,0.75067
0.78552,0.78552,0.78552,0.78552,0.78552,0.78552,0.78552
0.79357,0.79357,0.79357,0.79357,0.79357,0.79357,0.79357
0.73727,0.73727,0.73727,0.73727,0.73727,0.73727,0.73727
0.71582,0.71582,0.71582,0.71582,0.71582,0.71582,0.71582
0.6622,0.6622,0.6622,0.6622,0.6622,0.6622,0.6622
0.65952,0.65952,0.65952,0.65952,0.65952,0.65952,0.65952
0.65147,0.65147,0.65147,0.65147,0.65147,0.65147,0.65147
0.64075,0.64075,0.64075,0.64075,0.64075,0.64075,0.64075
0.63271,0.63271,0.63271,0.63271,0.63271,0.63271,0.63271
0.62466,0.62466,0.62466,0.62466,0.62466,0.62466,0.62466
0.61126,0.61126,0.61126,0.61126,0.61126,0.61126,0.61126
0.60054,0.60054,0.60054,0.60054,0.60054,0.60054,0.60054
0.59786,0.59786,0.59786,0.59786,0.59786,0.59786,0.59786
0.55764,0.55764,0.55764,0.55764,0.55764,0.55764,0.55764
0.54692,0.54692,0.54692,0.54692,0.54692,0.54692,0.54692
0.55228,0.55228,0.55228,0.55228,0.55228,0.55228,0.55228
0.57105,0.57105,0.57105,0.57105,0.57105,0.57105,0.57105
0.57373,0.57373,0.57373,0.57373,0.57373,0.57373,0.57373
0.563,0.563,0.563,0.563,0.563,0.563,0.563
0.60054,0.60054,0.60054,0.60054,0.60054,0.60054,0.60054
0.63539,0.63539,0.63539,0.63539,0.63539,0.63539,0.63539
0.65147,0.65147,0.65147,0.65147,0.65147,0.65147,0.65147
0.6756,0.6756,0.6756,0.6756,0.6756,0.6756,0.6756
0.69973,0.69973,0.69973,0.69973,0.69973,0.69973,0.69973
0.7319,0.7319,0.7319,0.7319,0.7319,0.7319,0.7319
0.75067,0.75067,0.75067,0.75067,0.75067,0.75067,0.75067
0.72386,0.72386,0.72386,0.72386,0.72386,0.72386,0.72386
0.67292,0.67292,0.67292,0.67292,0.67292,0.67292,0.67292
0.65147,0.65147,0.65147,0.65147,0.65147,0.65147,0.65147
0.64075,0.64075,0.64075,0.64075,0.64075,0.64075,0.64075
0.64075,0.64075,0.64075,0.64075,0.64075,0.64075,0.64075
0.63807,0.63807,0.63807,0.63807,0.63807,0.63807,0.63807
0.63003,0.63003,0.63003,0.63003,0.63003,0.63003,0.63003
0.6193,0.6193,0.6193,0.6193,0.6193,0.6193,0.6193
0.60322,0.60322,0.60322,0.60322,0.60322,0.60322,0.60322
0.59249,0.59249,0.59249,0.59249,0.59249,0.59249,0.59249
0.55496,0.55496,0.55496,0.55496,0.55496,0.55496,0.55496
0.52815,0.52815,0.52815,0.52815,0.52815,0.52815,0.52815
0.52279,0.52279,0.52279,0.52279,0.52279,0.52279,0.52279
0.54692,0.54692,0.54692,0.54692,0.54692,0.54692,0.54692
0.59249,0.59249,0.59249,0.59249,0.59249,0.59249,0.59249
0.64075,0.64075,0.64075,0.64075,0.64075,0.64075,0.64075
0.6756,0.6756,0.6756,0.6756,0.6756,0.6756,0.6756
0.69973,0.69973,0.69973,0.69973,0.69973,0.69973,0.69973
0.72386,0.72386,0.72386,0.72386,0.72386,0.72386,0.72386
0.7319,0.7319,0.7319,0.7319,0.7319,0.7319,0.7319
0.75335,0.75335,0.75335,0.75335,0.75335,0.75335,0.75335
0.75067,0.75067,0.75067,0.75067,0.75067,0.75067,0.75067
0.71046,0.71046,0.71046,0.71046,0.71046,0.71046,0.71046
0.69169,0.69169,0.69169,0.69169,0.69169,0.69169,0.69169
0.69973,0.69973,0.69973,0.69973,0.69973,0.69973,0.69973
0.73727,0.73727,0.73727,0.73727,0.73727,0.73727,0.73727
0.72386,0.72386,0.72386,0.72386,0.72386,0.72386,0.72386
0.70777,0.70777,0.70777,0.70777,0.70777,0.70777,0.70777
0.68901,0.68901,0.68901,0.68901,0.68901,0.68901,0.68901
0.68365,0.68365,0.68365,0.68365,0.68365,0.68365,0.68365
0.67292,0.67292,0.67292,0.67292,0.67292,0.67292,0.67292
0.65952,0.65952,0.65952,0.65952,0.65952,0.65952,0.65952
0.64879,0.64879,0.64879,0.64879,0.64879,0.64879,0.64879
0.64611,0.64611,0.64611,0.64611,0.64611,0.64611,0.64611
0.64075,0.64075,0.64075,0.64075,0.64075,0.64075,0.64075
0.64075,0.64075,0.64075,0.64075,0.64075,0.64075,0.64075
0.63539,0.63539,0.63539,0.63539,0.63539,0.63539,0.63539
0.63807,0.63807,0.63807,0.63807,0.63807,0.63807,0.63807
0.64343,0.64343,0.64343,0.64343,0.64343,0.64343,0.64343
0.67292,0.67292,0.67292,0.67292,0.67292,0.67292,0.67292
0.69973,0.69973,0.69973,0.69973,0.69973,0.69973,0.69973
0.72118,0.72118,0.72118,0.72118,0.72118,0.72118,0.72118
0.75603,0.75603,0.75603,0.75603,0.75603,0.75603,0.75603
0.76139,0.76139,0.76139,0.76139,0.76139,0.76139,0.76139
0.76408,0.76408,0.76408,0.76408,0.76408,0.76408,0.76408
0.76944,0.76944,0.76944,0.76944,0.76944,0.76944,0.76944
0.79625,0.79625,0.79625,0.79625,0.79625,0.79625,0.79625
0.80697,0.80697,0.80697,0.80697,0.80697,0.80697,0.80697
0.80697,0.80697,0.80697,0.80697,0.80697,0.80697,0.80697
0.78284,0.78284,0.78284,0.78284,0.78284,0.78284,0.78284
0.74799,0.74799,0.74799,0.74799,0.74799,0.74799,0.74799
0.72654,0.72654,0.72654,0.72654,0.72654,0.72654,0.72654
0.7185,0.7185,0.7185,0.7185,0.7185,0.7185,0.7185
0.69437,0.69437,0.69437,0.69437,0.69437,0.69437,0.69437
0.67292,0.67292,0.67292,0.67292,0.67292,0.67292,0.67292
0.66488,0.66488,0.66488,0.66488,0.66488,0.66488,0.66488
0.67024,0.67024,0.67024,0.67024,0.67024,0.67024,0.67024
0.63807,0.63807,0.63807,0.63807,0.63807,0.63807,0.63807
0.58981,0.58981,0.58981,0.58981,0.58981,0.58981,0.58981
0.57641,0.57641,0.57641,0.57641,0.57641,0.57641,0.57641
0.57909,0.57909,0.57909,0.57909,0.57909,0.57909,0.57909
0.59786,0.59786,0.59786,0.59786,0.59786,0.59786,0.59786
0.63271,0.63271,0.63271,0.63271,0.63271,0.63271,0.63271
0.66756,0.66756,0.66756,0.66756,0.66756,0.66756,0.66756
0.70241,0.70241,0.70241,0.70241,0.70241,0.70241,0.70241
0.72386,0.72386,0.72386,0.72386,0.72386,0.72386,0.72386
0.72922,0.72922,0.72922,0.72922,0.72922,0.72922,0.72922
0.74263,0.74263,0.74263,0.74263,0.74263,0.74263,0.74263
0.75335,0.75335,0.75335,0.75335,0.75335,0.75335,0.75335
0.76139,0.76139,0.76139,0.76139,0.76139,0.76139,0.76139
0.75603,0.75603,0.75603,0.75603,0.75603,0.75603,0.75603
0.74799,0.74799,0.74799,0.74799,0.74799,0.74799,0.74799
0.75335,0.75335,0.75335,0.75335,0.75335,0.75335,0.75335
0.73458,0.73458,0.73458,0.73458,0.73458,0.73458,0.73458
0.71046,0.71046,0.71046,0.71046,0.71046,0.71046,0.71046
0.68097,0.68097,0.68097,0.68097,0.68097,0.68097,0.68097
0.64879,0.64879,0.64879,0.64879,0.64879,0.64879,0.64879
0.6193,0.6193,0.6193,0.6193,0.6193,0.6193,0.6193
0.59517,0.59517,0.59517,0.59517,0.59517,0.59517,0.59517
0.58713,0.58713,0.58713,0.58713,0.58713,0.58713,0.58713
0.57641,0.57641,0.57641,0.57641,0.57641,0.57641,0.57641
0.56032,0.56032,0.56032,0.56032,0.56032,0.56032,0.56032
0.53887,0.53887,0.53887,0.53887,0.53887,0.53887,0.53887
0.52547,0.52547,0.52547,0.52547,0.52547,0.52547,0.52547
0.50134,0.50134,0.50134,0.50134,0.50134,0.50134,0.50134
0.5067,0.5067,0.5067,0.5067,0.5067,0.5067,0.5067
0.56032,0.56032,0.56032,0.56032,0.56032,0.56032,0.56032
0.62466,0.62466,0.62466,0.62466,0.62466,0.62466,0.62466
0.66488,0.66488,0.66488,0.66488,0.66488,0.66488,0.66488
0.68633,0.68633,0.68633,0.68633,0.68633,0.68633,0.68633
0.71046,0.71046,0.71046,0.71046,0.71046,0.71046,0.71046
0.7319,0.7319,0.7319,0.7319,0.7319,0.7319,0.7319
0.73458,0.73458,0.73458,0.73458,0.73458,0.73458,0.73458
0.65147,0.65147,0.65147,0.65147,0.65147,0.65147,0.65147
0.63807,0.63807,0.63807,0.63807,0.63807,0.63807,0.63807
0.6756,0.6756,0.6756,0.6756,0.6756,0.6756,0.6756
0.72654,0.72654,0.72654,0.72654,0.72654,0.72654,0.72654
0.73995,0.73995,0.73995,0.73995,0.73995,0.73995,0.73995
0.7319,0.7319,0.7319,0.7319,0.7319,0.7319,0.7319
0.70241,0.70241,0.70241,0.70241,0.70241,0.70241,0.70241
0.65684,0.65684,0.65684,0.65684,0.65684,0.65684,0.65684
0.62735,0.62735,0.62735,0.62735,0.62735,0.62735,0.62735
0.59249,0.59249,0.59249,0.59249,0.59249,0.59249,0.59249
0.58177,0.58177,0.58177,0.58177,0.58177,0.58177,0.58177
0.57909,0.57909,0.57909,0.57909,0.57909,0.57909,0.57909
0.58177,0.58177,0.58177,0.58177,0.58177,0.58177,0.58177
0.57373,0.57373,0.57373,0.57373,0.57373,0.57373,0.57373
0.55764,0.55764,0.55764,0.55764,0.55764,0.55764,0.55764
0.53887,0.53887,0.53887,0.53887,0.53887,0.53887,0.53887
0.51206,0.51206,0.51206,0.51206,0.51206,0.51206,0.51206
0.47721,0.47721,0.47721,0.47721,0.47721,0.47721,0.47721
0.48525,0.48525,0.48525,0.48525,0.48525,0.48525,0.48525
0.5067,0.5067,0.5067,0.5067,0.5067,0.5067,0.5067
0.52815,0.52815,0.52815,0.52815,0.52815,0.52815,0.52815
0.53351,0.53351,0.53351,0.53351,0.53351,0.53351,0.53351
0.57105,0.57105,0.57105,0.57105,0.57105,0.57105,0.57105
0.58981,0.58981,0.58981,0.58981,0.58981,0.58981,0.58981
0.6059,0.6059,0.6059,0.6059,0.6059,0.6059,0.6059
0.61662,0.61662,0.61662,0.61662,0.61662,0.61662,0.61662
0.63003,0.63003,0.63003,0.63003,0.63003,0.63003,0.63003
0.63003,0.63003,0.63003,0.63003,0.63003,0.63003,0.63003
0.62466,0.62466,0.62466,0.62466,0.62466,0.62466,0.62466
0.62198,0.62198,0.62198,0.62198,0.62198,0.62198,0.62198
0.60858,0.60858,0.60858,0.60858,0.60858,0.60858,0.60858
0.58981,0.58981,0.58981,0.58981,0.58981,0.58981,0.58981
0.57641,0.57641,0.57641,0.57641,0.57641,0.57641,0.57641
0.57373,0.57373,0.57373,0.57373,0.57373,0.57373,0.57373
0.56568,0.56568,0.56568,0.56568,0.56568,0.56568,0.56568
0.56032,0.56032,0.56032,0.56032,0.56032,0.56032,0.56032
0.55764,0.55764,0.55764,0.55764,0.55764,0.55764,0.55764
0.56032,0.56032,0.56032,0.56032,0.56032,0.56032,0.56032
0.56836,0.56836,0.56836,0.56836,0.56836,0.56836,0.56836
0.56836,0.56836,0.56836,0.56836,0.56836,0.56836,0.56836
0.56836,0.56836,0.56836,0.56836,0.56836,0.56836,0.56836
0.563,0.563,0.563,0.563,0.563,0.563,0.563
0.57641,0.57641,0.57641,0.57641,0.57641,0.57641,0.57641
0.60858,0.60858,0.60858,0.60858,0.60858,0.60858,0.60858
0.64611,0.64611,0.64611,0.64611,0.64611,0.64611,0.64611
0.67024,0.67024,0.67024,0.67024,0.67024,0.67024,0.67024
0.69705,0.69705,0.69705,0.69705,0.69705,0.69705,0.69705
0.72922,0.72922,0.72922,0.72922,0.72922,0.72922,0.72922
0.74263,0.74263,0.74263,0.74263,0.74263,0.74263,0.74263
0.75871,0.75871,0.75871,0.75871,0.75871,0.75871,0.75871
0.75067,0.75067,0.75067,0.75067,0.75067,0.75067,0.75067
0.75603,0.75603,0.75603,0.75603,0.75603,0.75603,0.75603
0.75603,0.75603,0.75603,0.75603,0.75603,0.75603,0.75603
0.74799,0.74799,0.74799,0.74799,0.74799,0.74799,0.74799
0.71582,0.71582,0.71582,0.71582,0.71582,0.71582,0.71582
0.67828,0.67828,0.67828,0.67828,0.67828,0.67828,0.67828
0.64611,0.64611,0.64611,0.64611,0.64611,0.64611,0.64611
0.62466,0.62466,0.62466,0.62466,0.62466,0.62466,0.62466
0.6193,0.6193,0.6193,0.6193,0.6193,0.6193,0.6193
0.61126,0.61126,0.61126,0.61126,0.61126,0.61126,0.61126
0.60054,0.60054,0.60054,0.60054,0.60054,0.60054,0.60054
0.59249,0.59249,0.59249,0.59249,0.59249,0.59249,0.59249
0.57105,0.57105,0.57105,0.57105,0.57105,0.57105,0.57105
0.57105,0.57105,0.57105,0.57105,0.57105,0.57105,0.57105
0.57641,0.57641,0.57641,0.57641,0.57641,0.57641,0.57641
0.58713,0.58713,0.58713,0.58713,0.58713,0.58713,0.58713
0.6622,0.6622,0.6622,0.6622,0.6622,0.6622,0.6622
0.71046,0.71046,0.71046,0.71046,0.71046,0.71046,0.71046
0.74263,0.74263,0.74263,0.74263,0.74263,0.74263,0.74263
0.77748,0.77748,0.77748,0.77748,0.77748,0.77748,0.77748
0.79088,0.79088,0.79088,0.79088,0.79088,0.79088,0.79088
0.81501,0.81501,0.81501,0.81501,0.81501,0.81501,0.81501
0.8311,0.8311,0.8311,0.8311,0.8311,0.8311,0.8311
0.83646,0.83646,0.83646,0.83646,0.83646,0.83646,0.83646
0.83378,0.83378,0.83378,0.83378,0.83378,0.83378,0.83378
0.8311,0.8311,0.8311,0.8311,0.8311,0.8311,0.8311
0.82306,0.82306,0.82306,0.82306,0.82306,0.82306,0.82306
0.79357,0.79357,0.79357,0.79357,0.79357,0.79357,0.79357
0.76944,0.76944,0.76944,0.76944,0.76944,0.76944,0.76944
0.73995,0.73995,0.73995,0.73995,0.73995,0.73995,0.73995
0.71314,0.71314,0.71314,0.71314,0.71314,0.71314,0.71314
0.67828,0.67828,0.67828,0.67828,0.67828,0.67828,0.67828
0.64343,0.64343,0.64343,0.64343,0.64343,0.64343,0.64343
0.61662,0.61662,0.61662,0.61662,0.61662,0.61662,0.61662
0.60322,0.60322,0.60322,0.60322,0.60322,0.60322,0.60322
0.58445,0.58445,0.58445,0.58445,0.58445,0.58445,0.58445
0.58713,0.58713,0.58713,0.58713,0.58713,0.58713,0.58713
0.57909,0.57909,0.57909,0.57909,0.57909,0.57909,0.57909
0.58177,0.58177,0.58177,0.58177,0.58177,0.58177,0.58177
0.61394,0.61394,0.61394,0.61394,0.61394,0.61394,0.61394
0.68097,0.68097,0.68097,0.68097,0.68097,0.68097,0.68097
0.72654,0.72654,0.72654,0.72654,0.72654,0.72654,0.72654
0.78016,0.78016,0.78016,0.78016,0.78016,0.78016,0.78016
0.80697,0.80697,0.80697,0.80697,0.80697,0.80697,0.80697
0.82842,0.82842,0.82842,0.82842,0.82842,0.82842,0.82842
0.84182,0.84182,0.84182,0.84182,0.84182,0.84182,0.84182
0.86059,0.86059,0.86059,0.86059,0.86059,0.86059,0.86059
0.87399,0.87399,0.87399,0.87399,0.87399,0.87399,0.87399
0.87936,0.87936,0.87936,0.87936,0.87936,0.87936,0.87936
0.87936,0.87936,0.87936,0.87936,0.87936,0.87936,0.87936
0.87131,0.87131,0.87131,0.87131,0.87131,0.87131,0.87131
0.86059,0.86059,0.86059,0.86059,0.86059,0.86059,0.86059
0.84987,0.84987,0.84987,0.84987,0.84987,0.84987,0.84987
0.80429,0.80429,0.80429,0.80429,0.80429,0.80429,0.80429
0.74531,0.74531,0.74531,0.74531,0.74531,0.74531,0.74531
0.71046,0.71046,0.71046,0.71046,0.71046,0.71046,0.71046
0.68633,0.68633,0.68633,0.68633,0.68633,0.68633,0.68633
0.66756,0.66756,0.66756,0.66756,0.66756,0.66756,0.66756
0.65952,0.65952,0.65952,0.65952,0.65952,0.65952,0.65952
0.65147,0.65147,0.65147,0.65147,0.65147,0.65147,0.65147
0.64075,0.64075,0.64075,0.64075,0.64075,0.64075,0.64075
0.62198,0.62198,0.62198,0.62198,0.62198,0.62198,0.62198
0.6193,0.6193,0.6193,0.6193,0.6193,0.6193,0.6193
0.67024,0.67024,0.67024,0.67024,0.67024,0.67024,0.67024
0.73995,0.73995,0.73995,0.73995,0.73995,0.73995,0.73995
0.79357,0.79357,0.79357,0.79357,0.79357,0.79357,0.79357
0.83646,0.83646,0.83646,0.83646,0.83646,0.83646,0.83646
0.86059,0.86059,0.86059,0.86059,0.86059,0.86059,0.86059
0.87936,0.87936,0.87936,0.87936,0.87936,0.87936,0.87936
0.89544,0.89544,0.89544,0.89544,0.89544,0.89544,0.89544
0.90617,0.90617,0.90617,0.90617,0.90617,0.90617,0.90617
0.92761,0.92761,0.92761,0.92761,0.92761,0.92761,0.92761
0.93029,0.93029,0.93029,0.93029,0.93029,0.93029,0.93029
0.93029,0.93029,0.93029,0.93029,0.93029,0.93029,0.93029
0.92225,0.92225,0.92225,0.92225,0.92225,0.92225,0.92225
0.90885,0.90885,0.90885,0.90885,0.90885,0.90885,0.90885
0.89544,0.89544,0.89544,0.89544,0.89544,0.89544,0.89544
0.84718,0.84718,0.84718,0.84718,0.84718,0.84718,0.84718
0.79088,0.79088,0.79088,0.79088,0.79088,0.79088,0.79088
0.76408,0.76408,0.76408,0.76408,0.76408,0.76408,0.76408
0.73727,0.73727,0.73727,0.73727,0.73727,0.73727,0.73727
0.71046,0.71046,0.71046,0.71046,0.71046,0.71046,0.71046
0.69973,0.69973,0.69973,0.69973,0.69973,0.69973,0.69973
0.69169,0.69169,0.69169,0.69169,0.69169,0.69169,0.69169
0.68097,0.68097,0.68097,0.68097,0.68097,0.68097,0.68097
0.66756,0.66756,0.66756,0.66756,0.66756,0.66756,0.66756
0.67024,0.67024,0.67024,0.67024,0.67024,0.67024,0.67024
0.69973,0.69973,0.69973,0.69973,0.69973,0.69973,0.69973
0.75871,0.75871,0.75871,0.75871,0.75871,0.75871,0.75871
0.80965,0.80965,0.80965,0.80965,0.80965,0.80965,0.80965
0.85791,0.85791,0.85791,0.85791,0.85791,0.85791,0.85791
0.89276,0.89276,0.89276,0.89276,0.89276,0.89276,0.89276
0.91689,0.91689,0.91689,0.91689,0.91689,0.91689,0.91689
0.92761,0.92761,0.92761,0.92761,0.92761,0.92761,0.92761
0.93566,0.93566,0.93566,0.93566,0.93566,0.93566,0.93566
0.97587,0.97587,0.97587,0.97587,0.97587,0.97587,0.97587
0.96783,0.96783,0.96783,0.96783,0.96783,0.96783,0.96783
0.98123,0.98123,0.98123,0.98123,0.98123,0.98123,0.98123
0.96247,0.96247,0.96247,0.96247,0.96247,0.96247,0.96247
0.95442,0.95442,0.95442,0.95442,0.95442,0.95442,0.95442
0.93566,0.93566,0.93566,0.93566,0.93566,0.93566,0.93566
0.86863,0.86863,0.86863,0.86863,0.86863,0.86863,0.86863
0.8311,0.8311,0.8311,0.8311,0.8311,0.8311,0.8311
0.80697,0.80697,0.80697,0.80697,0.80697,0.80697,0.80697
0.78552,0.78552,0.78552,0.78552,0.78552,0.78552,0.78552
0.77212,0.77212,0.77212,0.77212,0.77212,0.77212,0.77212
0.76139,0.76139,0.76139,0.76139,0.76139,0.76139,0.76139
0.75603,0.75603,0.75603,0.75603,0.75603,0.75603,0.75603
0.7319,0.7319,0.7319,0.7319,0.7319,0.7319,0.7319
0.7185,0.7185,0.7185,0.7185,0.7185,0.7185,0.7185
0.72654,0.72654,0.72654,0.72654,0.72654,0.72654,0.72654
0.73458,0.73458,0.73458,0.73458,0.73458,0.73458,0.73458
0.77748,0.77748,0.77748,0.77748,0.77748,0.77748,0.77748
0.8445,0.8445,0.8445,0.8445,0.8445,0.8445,0.8445
0.90617,0.90617,0.90617,0.90617,0.90617,0.90617,0.90617
0.93298,0.93298,0.93298,0.93298,0.93298,0.93298,0.93298
0.9437,0.9437,0.9437,0.9437,0.9437,0.9437,0.9437
0.98123,0.98123,0.98123,0.98123,0.98123,0.98123,0.98123
1,1,1,1,1,1,1
0.98928,0.98928,0.98928,0.98928,0.98928,0.98928,0.98928
0.89276,0.89276,0.89276,0.89276,0.89276,0.89276,0.89276
0.80429,0.80429,0.80429,0.80429,0.80429,0.80429,0.80429
0.87668,0.87668,0.87668,0.87668,0.87668,0.87668,0.87668
0.89812,0.89812,0.89812,0.89812,0.89812,0.89812,0.89812
0.89544,0.89544,0.89544,0.89544,0.89544,0.89544,0.89544
0.84987,0.84987,0.84987,0.84987,0.84987,0.84987,0.84987
0.81501,0.81501,0.81501,0.81501,0.81501,0.81501,0.81501
0.79893,0.79893,0.79893,0.79893,0.79893,0.79893,0.79893
0.78016,0.78016,0.78016,0.78016,0.78016,0.78016,0.78016
0.76139,0.76139,0.76139,0.76139,0.76139,0.76139,0.76139
0.73995,0.73995,0.73995,0.73995,0.73995,0.73995,0.73995
0.72118,0.72118,0.72118,0.72118,0.72118,0.72118,0.72118
0.70509,0.70509,0.70509,0.70509,0.70509,0.70509,0.70509
0.69705,0.69705,0.69705,0.69705,0.69705,0.69705,0.69705
0.69437,0.69437,0.69437,0.69437,0.69437,0.69437,0.69437
0.71582,0.71582,0.71582,0.71582,0.71582,0.71582,0.71582
0.76139,0.76139,0.76139,0.76139,0.76139,0.76139,0.76139
0.82306,0.82306,0.82306,0.82306,0.82306,0.82306,0.82306
0.8445,0.8445,0.8445,0.8445,0.8445,0.8445,0.8445
0.84182,0.84182,0.84182,0.84182,0.84182,0.84182,0.84182
0.86595,0.86595,0.86595,0.86595,0.86595,0.86595,0.86595
0.89812,0.89812,0.89812,0.89812,0.89812,0.89812,0.89812
0.91153,0.91153,0.91153,0.91153,0.91153,0.91153,0.91153
0.91957,0.91957,0.91957,0.91957,0.91957,0.91957,0.91957
0.90885,0.90885,0.90885,0.90885,0.90885,0.90885,0.90885
0.93566,0.93566,0.93566,0.93566,0.93566,0.93566,0.93566
0.92225,0.92225,0.92225,0.92225,0.92225,0.92225,0.92225
0.84182,0.84182,0.84182,0.84182,0.84182,0.84182,0.84182
0.85791,0.85791,0.85791,0.85791,0.85791,0.85791,0.85791
0.81769,0.81769,0.81769,0.81769,0.81769,0.81769,0.81769
0.79893,0.79893,0.79893,0.79893,0.79893,0.79893,0.79893
0.76676,0.76676,0.76676,0.76676,0.76676,0.76676,0.76676
0.75603,0.75603,0.75603,0.75603,0.75603,0.75603,0.75603
0.74531,0.74531,0.74531,0.74531,0.74531,0.74531,0.74531
0.70777,0.70777,0.70777,0.70777,0.70777,0.70777,0.70777
0.68365,0.68365,0.68365,0.68365,0.68365,0.68365,0.68365
0.67828,0.67828,0.67828,0.67828,0.67828,0.67828,0.67828
0.65416,0.65416,0.65416,0.65416,0.65416,0.65416,0.65416
0.62466,0.62466,0.62466,0.62466,0.62466,0.62466,0.62466
0.66488,0.66488,0.66488,0.66488,0.66488,0.66488,0.66488
0.69169,0.69169,0.69169,0.69169,0.69169,0.69169,0.69169
0.73727,0.73727,0.73727,0.73727,0.73727,0.73727,0.73727
0.76408,0.76408,0.76408,0.76408,0.76408,0.76408,0.76408
0.78552,0.78552,0.78552,0.78552,0.78552,0.78552,0.78552
0.80965,0.80965,0.80965,0.80965,0.80965,0.80965,0.80965
0.83914,0.83914,0.83914,0.83914,0.83914,0.83914,0.83914
0.84987,0.84987,0.84987,0.84987,0.84987,0.84987,0.84987
0.84718,0.84718,0.84718,0.84718,0.84718,0.84718,0.84718
0.82842,0.82842,0.82842,0.82842,0.82842,0.82842,0.82842
0.78284,0.78284,0.78284,0.78284,0.78284,0.78284,0.78284
0.78284,0.78284,0.78284,0.78284,0.78284,0.78284,0.78284
0.78552,0.78552,0.78552,0.78552,0.78552,0.78552,0.78552
0.76676,0.76676,0.76676,0.76676,0.76676,0.76676,0.76676
0.73995,0.73995,0.73995,0.73995,0.73995,0.73995,0.73995
0.7185,0.7185,0.7185,0.7185,0.7185,0.7185,0.7185
0.71046,0.71046,0.71046,0.71046,0.71046,0.71046,0.71046
0.6756,0.6756,0.6756,0.6756,0.6756,0.6756,0.6756
0.65147,0.65147,0.65147,0.65147,0.65147,0.65147,0.65147
0.64075,0.64075,0.64075,0.64075,0.64075,0.64075,0.64075
0.62735,0.62735,0.62735,0.62735,0.62735,0.62735,0.62735
0.60322,0.60322,0.60322,0.60322,0.60322,0.60322,0.60322
0.58981,0.58981,0.58981,0.58981,0.58981,0.58981,0.58981
0.59786,0.59786,0.59786,0.59786,0.59786,0.59786,0.59786
0.63271,0.63271,0.63271,0.63271,0.63271,0.63271,0.63271
0.70777,0.70777,0.70777,0.70777,0.70777,0.70777,0.70777
0.73727,0.73727,0.73727,0.73727,0.73727,0.73727,0.73727
0.76139,0.76139,0.76139,0.76139,0.76139,0.76139,0.76139
0.78552,0.78552,0.78552,0.78552,0.78552,0.78552,0.78552
0.81233,0.81233,0.81233,0.81233,0.81233,0.81233,0.81233
0.8311,0.8311,0.8311,0.8311,0.8311,0.8311,0.8311
0.84987,0.84987,0.84987,0.84987,0.84987,0.84987,0.84987
0.85255,0.85255,0.85255,0.85255,0.85255,0.85255,0.85255
0.86059,0.86059,0.86059,0.86059,0.86059,0.86059,0.86059
0.86059,0.86059,0.86059,0.86059,0.86059,0.86059,0.86059
0.84987,0.84987,0.84987,0.84987,0.84987,0.84987,0.84987
0.81769,0.81769,0.81769,0.81769,0.81769,0.81769,0.81769
0.7882,0.7882,0.7882,0.7882,0.7882,0.7882,0.7882
0.76676,0.76676,0.76676,0.76676,0.76676,0.76676,0.76676
0.75067,0.75067,0.75067,0.75067,0.75067,0.75067,0.75067
0.72922,0.72922,0.72922,0.72922,0.72922,0.72922,0.72922
0.69973,0.69973,0.69973,0.69973,0.69973,0.69973,0.69973
0.6622,0.6622,0.6622,0.6622,0.6622,0.6622,0.6622
0.65684,0.65684,0.65684,0.65684,0.65684,0.65684,0.65684
0.64343,0.64343,0.64343,0.64343,0.64343,0.64343,0.64343
0.63271,0.63271,0.63271,0.63271,0.63271,0.63271,0.63271
0.62735,0.62735,0.62735,0.62735,0.62735,0.62735,0.62735
0.64611,0.64611,0.64611,0.64611,0.64611,0.64611,0.64611
0.65147,0.65147,0.65147,0.65147,0.65147,0.65147,0.65147
0.71046,0.71046,0.71046,0.71046,0.71046,0.71046,0.71046
0.74799,0.74799,0.74799,0.74799,0.74799,0.74799,0.74799
0.78284,0.78284,0.78284,0.78284,0.78284,0.78284,0.78284
0.82306,0.82306,0.82306,0.82306,0.82306,0.82306,0.82306
0.85523,0.85523,0.85523,0.85523,0.85523,0.85523,0.85523
0.87399,0.87399,0.87399,0.87399,0.87399,0.87399,0.87399
0.8874,0.8874,0.8874,0.8874,0.8874,0.8874,0.8874
0.89812,0.89812,0.89812,0.89812,0.89812,0.89812,0.89812
0.89544,0.89544,0.89544,0.89544,0.89544,0.89544,0.89544
0.8874,0.8874,0.8874,0.8874,0.8874,0.8874,0.8874
0.87131,0.87131,0.87131,0.87131,0.87131,0.87131,0.87131
0.84718,0.84718,0.84718,0.84718,0.84718,0.84718,0.84718
0.81769,0.81769,0.81769,0.81769,0.81769,0.81769,0.81769
0.77748,0.77748,0.77748,0.77748,0.77748,0.77748,0.77748
0.75335,0.75335,0.75335,0.75335,0.75335,0.75335,0.75335
0.73727,0.73727,0.73727,0.73727,0.73727,0.73727,0.73727
0.7319,0.7319,0.7319,0.7319,0.7319,0.7319,0.7319
0.7319,0.7319,0.7319,0.7319,0.7319,0.7319,0.7319
0.72386,0.72386,0.72386,0.72386,0.72386,0.72386,0.72386
0.71046,0.71046,0.71046,0.71046,0.71046,0.71046,0.71046
0.69437,0.69437,0.69437,0.69437,0.69437,0.69437,0.69437
0.67828,0.67828,0.67828,0.67828,0.67828,0.67828,0.67828
0.6756,0.6756,0.6756,0.6756,0.6756,0.6756,0.6756
0.67292,0.67292,0.67292,0.67292,0.67292,0.67292,0.67292
0.70777,0.70777,0.70777,0.70777,0.70777,0.70777,0.70777
0.73995,0.73995,0.73995,0.73995,0.73995,0.73995,0.73995
0.76408,0.76408,0.76408,0.76408,0.76408,0.76408,0.76408
0.81769,0.81769,0.81769,0.81769,0.81769,0.81769,0.81769
0.85523,0.85523,0.85523,0.85523,0.85523,0.85523,0.85523
0.89008,0.89008,0.89008,0.89008,0.89008,0.89008,0.89008
0.91957,0.91957,0.91957,0.91957,0.91957,0.91957,0.91957
0.91689,0.91689,0.91689,0.91689,0.91689,0.91689,0.91689
0.92493,0.92493,0.92493,0.92493,0.92493,0.92493,0.92493
0.93566,0.93566,0.93566,0.93566,0.93566,0.93566,0.93566
0.92493,0.92493,0.92493,0.92493,0.92493,0.92493,0.92493
0.8874,0.8874,0.8874,0.8874,0.8874,0.8874,0.8874
0.85255,0.85255,0.85255,0.85255,0.85255,0.85255,0.85255
0.83378,0.83378,0.83378,0.83378,0.83378,0.83378,0.83378
0.82306,0.82306,0.82306,0.82306,0.82306,0.82306,0.82306
0.79625,0.79625,0.79625,0.79625,0.79625,0.79625,0.79625
0.76676,0.76676,0.76676,0.76676,0.76676,0.76676,0.76676
0.75335,0.75335,0.75335,0.75335,0.75335,0.75335,0.75335
0.74263,0.74263,0.74263,0.74263,0.74263,0.74263,0.74263
0.72654,0.72654,0.72654,0.72654,0.72654,0.72654,0.72654
0.69973,0.69973,0.69973,0.69973,0.69973,0.69973,0.69973
0.67828,0.67828,0.67828,0.67828,0.67828,0.67828,0.67828
0.6622,0.6622,0.6622,0.6622,0.6622,0.6622,0.6622
0.69437,0.69437,0.69437,0.69437,0.69437,0.69437,0.69437
0.72386,0.72386,0.72386,0.72386,0.72386,0.72386,0.72386
0.76676,0.76676,0.76676,0.76676,0.76676,0.76676,0.76676
0.78552,0.78552,0.78552,0.78552,0.78552,0.78552,0.78552
0.82842,0.82842,0.82842,0.82842,0.82842,0.82842,0.82842
0.86327,0.86327,0.86327,0.86327,0.86327,0.86327,0.86327
0.87936,0.87936,0.87936,0.87936,0.87936,0.87936,0.87936
0.89008,0.89008,0.89008,0.89008,0.89008,0.89008,0.89008
0.90349,0.90349,0.90349,0.90349,0.90349,0.90349,0.90349
0.90617,0.90617,0.90617,0.90617,0.90617,0.90617,0.90617
0.88472,0.88472,0.88472,0.88472,0.88472,0.88472,0.88472
0.83378,0.83378,0.83378,0.83378,0.83378,0.83378,0.83378
0.82574,0.82574,0.82574,0.82574,0.82574,0.82574,0.82574
0.81501,0.81501,0.81501,0.81501,0.81501,0.81501,0.81501
0.81233,0.81233,0.81233,0.81233,0.81233,0.81233,0.81233
0.79357,0.79357,0.79357,0.79357,0.79357,0.79357,0.79357
0.77748,0.77748,0.77748,0.77748,0.77748,0.77748,0.77748
0.76408,0.76408,0.76408,0.76408,0.76408,0.76408,0.76408
0.74531,0.74531,0.74531,0.74531,0.74531,0.74531,0.74531
0.72118,0.72118,0.72118,0.72118,0.72118,0.72118,0.72118
0.70241,0.70241,0.70241,0.70241,0.70241,0.70241,0.70241
0.69169,0.69169,0.69169,0.69169,0.69169,0.69169,0.69169
0.67828,0.67828,0.67828,0.67828,0.67828,0.67828,0.67828
0.66488,0.66488,0.66488,0.66488,0.66488,0.66488,0.66488
0.68365,0.68365,0.68365,0.68365,0.68365,0.68365,0.68365
0.73458,0.73458,0.73458,0.73458,0.73458,0.73458,0.73458
0.78284,0.78284,0.78284,0.78284,0.78284,0.78284,0.78284
0.82306,0.82306,0.82306,0.82306,0.82306,0.82306,0.82306
0.85255,0.85255,0.85255,0.85255,0.85255,0.85255,0.85255
0.88204,0.88204,0.88204,0.88204,0.88204,0.88204,0.88204
0.90617,0.90617,0.90617,0.90617,0.90617,0.90617,0.90617
0.90885,0.90885,0.90885,0.90885,0.90885,0.90885,0.90885
0.93566,0.93566,0.93566,0.93566,0.93566,0.93566,0.93566
0.94638,0.94638,0.94638,0.94638,0.94638,0.94638,0.94638
0.94906,0.94906,0.94906,0.94906,0.94906,0.94906,0.94906
0.93029,0.93029,0.93029,0.93029,0.93029,0.93029,0.93029
0.80161,0.80161,0.80161,0.80161,0.80161,0.80161,0.80161
0.74263,0.74263,0.74263,0.74263,0.74263,0.74263,0.74263
0.78016,0.78016,0.78016,0.78016,0.78016,0.78016,0.78016
0.78016,0.78016,0.78016,0.78016,0.78016,0.78016,0.78016
0.76408,0.76408,0.76408,0.76408,0.76408,0.76408,0.76408
0.75067,0.75067,0.75067,0.75067,0.75067,0.75067,0.75067
0.73458,0.73458,0.73458,0.73458,0.73458,0.73458,0.73458
0.72654,0.72654,0.72654,0.72654,0.72654,0.72654,0.72654
0.70241,0.70241,0.70241,0.70241,0.70241,0.70241,0.70241
0.68633,0.68633,0.68633,0.68633,0.68633,0.68633,0.68633
0.67828,0.67828,0.67828,0.67828,0.67828,0.67828,0.67828
0.67828,0.67828,0.67828,0.67828,0.67828,0.67828,0.67828
0.70777,0.70777,0.70777,0.70777,0.70777,0.70777,0.70777
0.73727,0.73727,0.73727,0.73727,0.73727,0.73727,0.73727
0.76408,0.76408,0.76408,0.76408,0.76408,0.76408,0.76408
0.79088,0.79088,0.79088,0.79088,0.79088,0.79088,0.79088
0.83378,0.83378,0.83378,0.83378,0.83378,0.83378,0.83378
0.84987,0.84987,0.84987,0.84987,0.84987,0.84987,0.84987
0.8445,0.8445,0.8445,0.8445,0.8445,0.8445,0.8445
0.86327,0.86327,0.86327,0.86327,0.86327,0.86327,0.86327
0.87936,0.87936,0.87936,0.87936,0.87936,0.87936,0.87936
0.8874,0.8874,0.8874,0.8874,0.8874,0.8874,0.8874
0.89008,0.89008,0.89008,0.89008,0.89008,0.89008,0.89008
0.86863,0.86863,0.86863,0.86863,0.86863,0.86863,0.86863
0.83646,0.83646,0.83646,0.83646,0.83646,0.83646,0.83646
0.78284,0.78284,0.78284,0.78284,0.78284,0.78284,0.78284
0.72922,0.72922,0.72922,0.72922,0.72922,0.72922,0.72922
0.69973,0.69973,0.69973,0.69973,0.69973,0.69973,0.69973
0.70241,0.70241,0.70241,0.70241,0.70241,0.70241,0.70241
0.70241,0.70241,0.70241,0.70241,0.70241,0.70241,0.70241
0.68901,0.68901,0.68901,0.68901,0.68901,0.68901,0.68901
0.66756,0.66756,0.66756,0.66756,0.66756,0.66756,0.66756
0.6622,0.6622,0.6622,0.6622,0.6622,0.6622,0.6622
0.65684,0.65684,0.65684,0.65684,0.65684,0.65684,0.65684
0.6622,0.6622,0.6622,0.6622,0.6622,0.6622,0.6622
0.65416,0.65416,0.65416,0.65416,0.65416,0.65416,0.65416
0.65416,0.65416,0.65416,0.65416,0.65416,0.65416,0.65416
0.67292,0.67292,0.67292,0.67292,0.67292,0.67292,0.67292
0.70241,0.70241,0.70241,0.70241,0.70241,0.70241,0.70241
0.73995,0.73995,0.73995,0.73995,0.73995,0.73995,0.73995
0.76944,0.76944,0.76944,0.76944,0.76944,0.76944,0.76944
0.78284,0.78284,0.78284,0.78284,0.78284,0.78284,0.78284
0.80161,0.80161,0.80161,0.80161,0.80161,0.80161,0.80161
0.81501,0.81501,0.81501,0.81501,0.81501,0.81501,0.81501
0.82574,0.82574,0.82574,0.82574,0.82574,0.82574,0.82574
0.82574,0.82574,0.82574,0.82574,0.82574,0.82574,0.82574
0.82842,0.82842,0.82842,0.82842,0.82842,0.82842,0.82842
0.82306,0.82306,0.82306,0.82306,0.82306,0.82306,0.82306
0.80429,0.80429,0.80429,0.80429,0.80429,0.80429,0.80429
0.7882,0.7882,0.7882,0.7882,0.7882,0.7882,0.7882
0.76408,0.76408,0.76408,0.76408,0.76408,0.76408,0.76408
0.74799,0.74799,0.74799,0.74799,0.74799,0.74799,0.74799
0.7319,0.7319,0.7319,0.7319,0.7319,0.7319,0.7319
0.69973,0.69973,0.69973,0.69973,0.69973,0.69973,0.69973
0.66756,0.66756,0.66756,0.66756,0.66756,0.66756,0.66756
0.65147,0.65147,0.65147,0.65147,0.65147,0.65147,0.65147
0.63271,0.63271,0.63271,0.63271,0.63271,0.63271,0.63271
0.62466,0.62466,0.62466,0.62466,0.62466,0.62466,0.62466
0.61662,0.61662,0.61662,0.61662,0.61662,0.61662,0.61662
0.63271,0.63271,0.63271,0.63271,0.63271,0.63271,0.63271
0.66488,0.66488,0.66488,0.66488,0.66488,0.66488,0.66488
0.73458,0.73458,0.73458,0.73458,0.73458,0.73458,0.73458
0.7748,0.7748,0.7748,0.7748,0.7748,0.7748,0.7748
0.79893,0.79893,0.79893,0.79893,0.79893,0.79893,0.79893
0.8311,0.8311,0.8311,0.8311,0.8311,0.8311,0.8311
0.85791,0.85791,0.85791,0.85791,0.85791,0.85791,0.85791
0.86863,0.86863,0.86863,0.86863,0.86863,0.86863,0.86863
0.8874,0.8874,0.8874,0.8874,0.8874,0.8874,0.8874
0.89812,0.89812,0.89812,0.89812,0.89812,0.89812,0.89812
0.9008,0.9008,0.9008,0.9008,0.9008,0.9008,0.9008
0.87668,0.87668,0.87668,0.87668,0.87668,0.87668,0.87668
0.87131,0.87131,0.87131,0.87131,0.87131,0.87131,0.87131
0.80161,0.80161,0.80161,0.80161,0.80161,0.80161,0.80161
0.76676,0.76676,0.76676,0.76676,0.76676,0.76676,0.76676
0.74531,0.74531,0.74531,0.74531,0.74531,0.74531,0.74531
0.72386,0.72386,0.72386,0.72386,0.72386,0.72386,0.72386
0.72386,0.72386,0.72386,0.72386,0.72386,0.72386,0.72386
0.69169,0.69169,0.69169,0.69169,0.69169,0.69169,0.69169
0.6756,0.6756,0.6756,0.6756,0.6756,0.6756,0.6756
0.68365,0.68365,0.68365,0.68365,0.68365,0.68365,0.68365
0.68097,0.68097,0.68097,0.68097,0.68097,0.68097,0.68097
0.68097,0.68097,0.68097,0.68097,0.68097,0.68097,0.68097
0.68633,0.68633,0.68633,0.68633,0.68633,0.68633,0.68633
0.66488,0.66488,0.66488,0.66488,0.66488,0.66488,0.66488
0.67828,0.67828,0.67828,0.67828,0.67828,0.67828,0.67828
0.71046,0.71046,0.71046,0.71046,0.71046,0.71046,0.71046
0.7748,0.7748,0.7748,0.7748,0.7748,0.7748,0.7748
0.80161,0.80161,0.80161,0.80161,0.80161,0.80161,0.80161
0.83646,0.83646,0.83646,0.83646,0.83646,0.83646,0.83646
0.85523,0.85523,0.85523,0.85523,0.85523,0.85523,0.85523
0.87668,0.87668,0.87668,0.87668,0.87668,0.87668,0.87668
0.87936,0.87936,0.87936,0.87936,0.87936,0.87936,0.87936
0.90617,0.90617,0.90617,0.90617,0.90617,0.90617,0.90617
0.90617,0.90617,0.90617,0.90617,0.90617,0.90617,0.90617
0.90885,0.90885,0.90885,0.90885,0.90885,0.90885,0.90885
0.91421,0.91421,0.91421,0.91421,0.91421,0.91421,0.91421
0.90617,0.90617,0.90617,0.90617,0.90617,0.90617,0.90617
0.86059,0.86059,0.86059,0.86059,0.86059,0.86059,0.86059
0.83378,0.83378,0.83378,0.83378,0.83378,0.83378,0.83378
0.81233,0.81233,0.81233,0.81233,0.81233,0.81233,0.81233
0.78016,0.78016,0.78016,0.78016,0.78016,0.78016,0.78016
0.77212,0.77212,0.77212,0.77212,0.77212,0.77212,0.77212
0.7185,0.7185,0.7185,0.7185,0.7185,0.7185,0.7185
0.70241,0.70241,0.70241,0.70241,0.70241,0.70241,0.70241
0.68097,0.68097,0.68097,0.68097,0.68097,0.68097,0.68097
0.66488,0.66488,0.66488,0.66488,0.66488,0.66488,0.66488
0.6622,0.6622,0.6622,0.6622,0.6622,0.6622,0.6622
0.67024,0.67024,0.67024,0.67024,0.67024,0.67024,0.67024
0.69169,0.69169,0.69169,0.69169,0.69169,0.69169,0.69169
0.75871,0.75871,0.75871,0.75871,0.75871,0.75871,0.75871
0.78016,0.78016,0.78016,0.78016,0.78016,0.78016,0.78016
0.80697,0.80697,0.80697,0.80697,0.80697,0.80697,0.80697
0.82842,0.82842,0.82842,0.82842,0.82842,0.82842,0.82842
0.85523,0.85523,0.85523,0.85523,0.85523,0.85523,0.85523
0.87936,0.87936,0.87936,0.87936,0.87936,0.87936,0.87936
0.89008,0.89008,0.89008,0.89008,0.89008,0.89008,0.89008
0.89812,0.89812,0.89812,0.89812,0.89812,0.89812,0.89812
0.89812,0.89812,0.89812,0.89812,0.89812,0.89812,0.89812
0.88472,0.88472,0.88472,0.88472,0.88472,0.88472,0.88472
0.86595,0.86595,0.86595,0.86595,0.86595,0.86595,0.86595
0.82306,0.82306,0.82306,0.82306,0.82306,0.82306,0.82306
0.79357,0.79357,0.79357,0.79357,0.79357,0.79357,0.79357
0.7882,0.7882,0.7882,0.7882,0.7882,0.7882,0.7882
0.76944,0.76944,0.76944,0.76944,0.76944,0.76944,0.76944
0.75335,0.75335,0.75335,0.75335,0.75335,0.75335,0.75335
0.73458,0.73458,0.73458,0.73458,0.73458,0.73458,0.73458
0.71582,0.71582,0.71582,0.71582,0.71582,0.71582,0.71582
0.68901,0.68901,0.68901,0.68901,0.68901,0.68901,0.68901
0.67828,0.67828,0.67828,0.67828,0.67828,0.67828,0.67828
0.65952,0.65952,0.65952,0.65952,0.65952,0.65952,0.65952
0.65416,0.65416,0.65416,0.65416,0.65416,0.65416,0.65416
0.64879,0.64879,0.64879,0.64879,0.64879,0.64879,0.64879
0.68365,0.68365,0.68365,0.68365,0.68365,0.68365,0.68365
0.7319,0.7319,0.7319,0.7319,0.7319,0.7319,0.7319
0.79625,0.79625,0.79625,0.79625,0.79625,0.79625,0.79625
0.81233,0.81233,0.81233,0.81233,0.81233,0.81233,0.81233
0.85523,0.85523,0.85523,0.85523,0.85523,0.85523,0.85523
0.87399,0.87399,0.87399,0.87399,0.87399,0.87399,0.87399
0.87668,0.87668,0.87668,0.87668,0.87668,0.87668,0.87668
0.85523,0.85523,0.85523,0.85523,0.85523,0.85523,0.85523
0.84987,0.84987,0.84987,0.84987,0.84987,0.84987,0.84987
0.88204,0.88204,0.88204,0.88204,0.88204,0.88204,0.88204
0.90885,0.90885,0.90885,0.90885,0.90885,0.90885,0.90885
0.89812,0.89812,0.89812,0.89812,0.89812,0.89812,0.89812
0.89812,0.89812,0.89812,0.89812,0.89812,0.89812,0.89812
0.87936,0.87936,0.87936,0.87936,0.87936,0.87936,0.87936
0.85523,0.85523,0.85523,0.85523,0.85523,0.85523,0.85523
0.82306,0.82306,0.82306,0.82306,0.82306,0.82306,0.82306
0.80429,0.80429,0.80429,0.80429,0.80429,0.80429,0.80429
0.7882,0.7882,0.7882,0.7882,0.7882,0.7882,0.7882
0.7748,0.7748,0.7748,0.7748,0.7748,0.7748,0.7748
0.75603,0.75603,0.75603,0.75603,0.75603,0.75603,0.75603
0.72922,0.72922,0.72922,0.72922,0.72922,0.72922,0.72922
0.71046,0.71046,0.71046,0.71046,0.71046,0.71046,0.71046
0.68633,0.68633,0.68633,0.68633,0.68633,0.68633,0.68633
0.68633,0.68633,0.68633,0.68633,0.68633,0.68633,0.68633
0.71046,0.71046,0.71046,0.71046,0.71046,0.71046,0.71046
0.75871,0.75871,0.75871,0.75871,0.75871,0.75871,0.75871
0.79893,0.79893,0.79893,0.79893,0.79893,0.79893,0.79893
0.8311,0.8311,0.8311,0.8311,0.8311,0.8311,0.8311
0.85791,0.85791,0.85791,0.85791,0.85791,0.85791,0.85791
0.89008,0.89008,0.89008,0.89008,0.89008,0.89008,0.89008
0.90885,0.90885,0.90885,0.90885,0.90885,0.90885,0.90885
0.93566,0.93566,0.93566,0.93566,0.93566,0.93566,0.93566
0.94906,0.94906,0.94906,0.94906,0.94906,0.94906,0.94906
0.94638,0.94638,0.94638,0.94638,0.94638,0.94638,0.94638
0.9437,0.9437,0.9437,0.9437,0.9437,0.9437,0.9437
0.9437,0.9437,0.9437,0.9437,0.9437,0.9437,0.9437
0.93298,0.93298,0.93298,0.93298,0.93298,0.93298,0.93298
0.91957,0.91957,0.91957,0.91957,0.91957,0.91957,0.91957
0.88472,0.88472,0.88472,0.88472,0.88472,0.88472,0.88472
0.84987,0.84987,0.84987,0.84987,0.84987,0.84987,0.84987
0.82574,0.82574,0.82574,0.82574,0.82574,0.82574,0.82574
0.82306,0.82306,0.82306,0.82306,0.82306,0.82306,0.82306
0.80429,0.80429,0.80429,0.80429,0.80429,0.80429,0.80429
0.93118,0.910301859262652,0.954433131509421,0.90555269990664,0.914506254171528,0.922751311600643,0.855410579647202
0.94617,0.923243933870819,0.970968990447501,0.918966621944163,0.909873773624153,0.919408055136441,0.867325717427234
0.9572,0.934937879214967,0.975101181213055,0.932461154279243,0.928422155853509,0.926911801521015,0.888366707728894
0.96525,0.958312315533415,0.979137429574098,0.955838006931076,0.914201565764064,0.946633858988363,0.910900831570956
0.94641,0.950795258166691,0.986500226355377,0.947675033285106,0.9020634482298,0.943160871324595,0.916848030095097
0.91568,1.0098831635328,0.997540403683308,0.994279314521077,0.871440154258902,0.980988173598993,0.924871347850102
0.8889,0.974110565402171,0.975336331040727,0.949300265865597,0.862252950942452,0.97099033282938,0.954937800348423
0.87058,0.960028230391262,0.952090473065998,0.938903213819451,0.808120133112111,0.966757539828017,0.933374158543342
0.85722,0.963718289769134,0.936313601143618,0.953478096896401,0.841332447810891,0.970475359424149,0.938558426188722
0.85273,0.961951942355933,0.930974199021972,0.974849165289447,0.846991048193771,0.941249610821022,0.938072857506862
0.863,0.945029711079866,0.911256875386222,0.994256777685212,0.810313013972139,0.932972676299577,0.917900598658254
0.87593,0.914906802201582,0.892656957680237,0.96750919628729,0.832393388582749,0.927792338103422,0.905872332472485
0.87815,0.915801541295385,0.873837332046569,0.950135572206379,0.835176023442545,0.92852452919831,0.892508122853717
0.86478,0.921066855509072,0.861497331646244,0.963451370324136,0.891098945835553,0.931827108158368,0.892483656841355
0.85098,0.930485021747557,0.849608063057484,0.905220646238831,0.895275383960741,0.911995127748964,0.886680476433032
0.84513,0.932504726555955,0.852692175366363,0.888863980515399,0.861889264868759,0.899240557296891,0.885107261607806
0.8429,0.932370951175479,0.84721018934407,0.887902033135982,0.908238990071916,0.900218202553066,0.880136709317686
0.83934,0.931374914668104,0.877309761977435,0.890494435325045,0.952278701042923,0.891454211509667,0.86343349917659
0.84382,0.927733622340012,0.89077103663695,0.890952499042761,0.936024564059213,0.866300061408129,0.854171976712414
0.85495,0.923210472448502,0.912133081973446,0.895364505734547,0.947907284704698,0.871328099952357,0.853357833142855
0.87284,0.92292581197092,0.918353313709195,0.893236542097423,0.942242312372745,0.86493886523985,0.837103765081378
0.88975,0.922759334236684,0.919032168988358,0.890245733273126,0.955095898336805,0.879737780721005,0.825461927577007
0.90228,0.92427631047791,0.924586827930054,0.885576411405635,0.940902067684314,0.891042772473511,0.825378595021854
0.90988,0.915494619696961,0.947346312881428,0.885925256889193,0.907578182443096,0.900859666053948,0.851232616761562
