original,trained_s_1,trained_s_2,trained_s_3,trained_b_1,trained_b_2,trained_b_3
0.51743,0.51743,0.51743,0.51743,0.51743,0.51743,0.51743
0.5067,0.5067,0.5067,0.5067,0.5067,0.5067,0.5067
0.50134,0.50134,0.50134,0.50134,0.50134,0.50134,0.50134
0.50134,0.50134,0.50134,0.50134,0.50134,0.50134,0.50134
0.51475,0.51475,0.51475,0.51475,0.51475,0.51475,0.51475
0.54692,0.54692,0.54692,0.54692,0.54692,0.54692,0.54692
0.59786,0.59786,0.59786,0.59786,0.59786,0.59786,0.59786
0.67024,0.67024,0.67024,0.67024,0.67024,0.67024,0.67024
0.68633,0.68633,0.68633,0.68633,0.68633,0.68633,0.68633
0.71314,0.71314,0.71314,0.71314,0.71314,0.71314,0.71314
0.72118,0.72118,0.72118,0.72118,0.72118,0.72118,0.72118
0.73727,0.73727,0.73727,0.73727,0.73727,0.73727,0.73727
0.75067,0.75067,0.75067,0.75067,0.75067,0.75067,0.75067
0.78552,0.78552,0.78552,0.78552,0.78552,0.78552,0.78552
0.79357,0.79357,0.79357,0.79357,0.79357,0.79357,0.79357
0.73727,0.73727,0.73727,0.73727,0.73727,0.73727,0.73727
0.71582,0.71582,0.71582,0.71582,0.71582,0.71582,0.71582
0.6622,0.6622,0.6622,0.6622,0.6622,0.6622,0.6622
0.65952,0.65952,0.65952,0.65952,0.65952,0.65952,0.65952
0.65147,0.65147,0.65147,0.65147,0.65147,0.65147,0.65147
0.64075,0.64075,0.64075,0.64075,0.64075,0.64075,0.64075
0.63271,0.63271,0.63271,0.63271,0.63271,0.63271,0.63271
0.62466,0.62466,0.62466,0.62466,0.62466,0.62466,0.62466
0.61126,0.61126,0.61126,0.61126,0.61126,0.61126,0.61126
0.60054,0.60054,0.60054,0.60054,0.60054,0.60054,0.60054
0.59786,0.59786,0.59786,0.59786,0.59786,0.59786,0.59786
0.55764,0.55764,0.55764,0.55764,0.55764,0.55764,0.55764
0.54692,0.54692,0.54692,0.54692,0.54692,0.54692,0.54692
0.55228,0.55228,0.55228,0.55228,0.55228,0.55228,0.55228
0.57105,0.57105,0.57105,0.57105,0.57105,0.57105,0.57105
0.57373,0.57373,0.57373,0.57373,0.57373,0.57373,0.57373
0.563,0.563,0.563,0.563,0.563,0.563,0.563
0.60054,0.60054,0.60054,0.60054,0.60054,0.60054,0.60054
0.63539,0.63539,0.63539,0.63539,0.63539,0.63539,0.63539
0.65147,0.65147,0.65147,0.65147,0.65147,0.65147,0.65147
0.6756,0.6756,0.6756,0.6756,0.6756,0.6756,0.6756
0.69973,0.69973,0.69973,0.69973,0.69973,0.69973,0.69973
0.7319,0.7319,0.7319,0.7319,0.7319,0.7319,0.7319
0.75067,0.75067,0.75067,0.75067,0.75067,0.75067,0.75067
0.72386,0.72386,0.72386,0.72386,0.72386,0.72386,0.72386
0.67292,0.67292,0.67292,0.67292,0.67292,0.67292,0.67292
0.65147,0.65147,0.65147,0.65147,0.65147,0.65147,0.65147
0.64075,0.64075,0.64075,0.64075,0.64075,0.64075,0.64075
0.64075,0.64075,0.64075,0.64075,0.64075,0.64075,0.64075
0.63807,0.63807,0.63807,0.63807,0.63807,0.63807,0.63807
0.63003,0.63003,0.63003,0.63003,0.63003,0.63003,0.63003
0.6193,0.6193,0.6193,0.6193,0.6193,0.6193,0.6193
0.60322,0.60322,0.60322,0.60322,0.60322,0.60322,0.60322
0.59249,0.59249,0.59249,0.59249,0.59249,0.59249,0.59249
0.55496,0.55496,0.55496,0.55496,0.55496,0.55496,0.55496
0.52815,0.52815,0.52815,0.52815,0.52815,0.52815,0.52815
0.52279,0.52279,0.52279,0.52279,0.52279,0.52279,0.52279
0.54692,0.54692,0.54692,0.54692,0.54692,0.54692,0.54692
0.59249,0.59249,0.59249,0.59249,0.59249,0.59249,0.59249
0.64075,0.64075,0.64075,0.64075,0.64075,0.64075,0.64075
0.6756,0.6756,0.6756,0.6756,0.6756,0.6756,0.6756
0.69973,0.69973,0.69973,0.69973,0.69973,0.69973,0.69973
0.72386,0.72386,0.72386,0.72386,0.72386,0.72386,0.72386
0.7319,0.7319,0.7319,0.7319,0.7319,0.7319,0.7319
0.75335,0.75335,0.75335,0.75335,0.75335,0.75335,0.75335
0.75067,0.75067,0.75067,0.75067,0.75067,0.75067,0.75067
0.71046,0.71046,0.71046,0.71046,0.71046,0.71046,0.71046
0.69169,0.69169,0.69169,0.69169,0.69169,0.69169,0.69169
0.69973,0.69973,0.69973,0.69973,0.69973,0.69973,0.69973
0.73727,0.73727,0.73727,0.73727,0.73727,0.73727,0.73727
0.72386,0.72386,0.72386,0.72386,0.72386,0.72386,0.72386
0.70777,0.70777,0.70777,0.70777,0.70777,0.70777,0.70777
0.68901,0.68901,0.68901,0.68901,0.68901,0.68901,0.68901
0.68365,0.68365,0.68365,0.68365,0.68365,0.68365,0.68365
0.67292,0.67292,0.67292,0.67292,0.67292,0.67292,0.67292
0.65952,0.65952,0.65952,0.65952,0.65952,0.65952,0.65952
0.64879,0.64879,0.64879,0.64879,0.64879,0.64879,0.64879
0.64611,0.64611,0.64611,0.64611,0.64611,0.64611,0.64611
0.64075,0.64075,0.64075,0.64075,0.64075,0.64075,0.64075
0.64075,0.64075,0.64075,0.64075,0.64075,0.64075,0.64075
0.63539,0.63539,0.63539,0.63539,0.63539,0.63539,0.63539
0.63807,0.63807,0.63807,0.63807,0.63807,0.63807,0.63807
0.64343,0.64343,0.64343,0.64343,0.64343,0.64343,0.64343
0.67292,0.67292,0.67292,0.67292,0.67292,0.67292,0.67292
0.69973,0.69973,0.69973,0.69973,0.69973,0.69973,0.69973
0.72118,0.72118,0.72118,0.72118,0.72118,0.72118,0.72118
0.75603,0.75603,0.75603,0.75603,0.75603,0.75603,0.75603
0.76139,0.76139,0.76139,0.76139,0.76139,0.76139,0.76139
0.76408,0.76408,0.76408,0.76408,0.76408,0.76408,0.76408
0.76944,0.76944,0.76944,0.76944,0.76944,0.76944,0.76944
0.79625,0.79625,0.79625,0.79625,0.79625,0.79625,0.79625
0.80697,0.80697,0.80697,0.80697,0.80697,0.80697,0.80697
0.80697,0.80697,0.80697,0.80697,0.80697,0.80697,0.80697
0.78284,0.78284,0.78284,0.78284,0.78284,0.78284,0.78284
0.74799,0.74799,0.74799,0.74799,0.74799,0.74799,0.74799
0.72654,0.72654,0.72654,0.72654,0.72654,0.72654,0.72654
0.7185,0.7185,0.7185,0.7185,0.7185,0.7185,0.7185
0.69437,0.69437,0.69437,0.69437,0.69437,0.69437,0.69437
0.67292,0.67292,0.67292,0.67292,0.67292,0.67292,0.67292
0.66488,0.66488,0.66488,0.66488,0.66488,0.66488,0.66488
0.67024,0.67024,0.67024,0.67024,0.67024,0.67024,0.67024
0.63807,0.63807,0.63807,0.63807,0.63807,0.63807,0.63807
0.58981,0.58981,0.58981,0.58981,0.58981,0.58981,0.58981
0.57641,0.57641,0.57641,0.57641,0.57641,0.57641,0.57641
0.57909,0.57909,0.57909,0.57909,0.57909,0.57909,0.57909
0.59786,0.59786,0.59786,0.59786,0.59786,0.59786,0.59786
0.63271,0.63271,0.63271,0.63271,0.63271,0.63271,0.63271
0.66756,0.66756,0.66756,0.66756,0.66756,0.66756,0.66756
0.70241,0.70241,0.70241,0.70241,0.70241,0.70241,0.70241
0.72386,0.72386,0.72386,0.72386,0.72386,0.72386,0.72386
0.72922,0.72922,0.72922,0.72922,0.72922,0.72922,0.72922
0.74263,0.74263,0.74263,0.74263,0.74263,0.74263,0.74263
0.75335,0.75335,0.75335,0.75335,0.75335,0.75335,0.75335
0.76139,0.76139,0.76139,0.76139,0.76139,0.76139,0.76139
0.75603,0.75603,0.75603,0.75603,0.75603,0.75603,0.75603
0.74799,0.74799,0.74799,0.74799,0.74799,0.74799,0.74799
0.75335,0.75335,0.75335,0.75335,0.75335,0.75335,0.75335
0.73458,0.73458,0.73458,0.73458,0.73458,0.73458,0.73458
0.71046,0.71046,0.71046,0.71046,0.71046,0.71046,0.71046
0.68097,0.68097,0.68097,0.68097,0.68097,0.68097,0.68097
0.64879,0.64879,0.64879,0.64879,0.64879,0.64879,0.64879
0.6193,0.6193,0.6193,0.6193,0.6193,0.6193,0.6193
0.59517,0.59517,0.59517,0.59517,0.59517,0.59517,0.59517
0.58713,0.58713,0.58713,0.58713,0.58713,0.58713,0.58713
0.57641,0.57641,0.57641,0.57641,0.57641,0.57641,0.57641
0.56032,0.56032,0.56032,0.56032,0.56032,0.56032,0.56032
0.53887,0.53887,0.53887,0.53887,0.53887,0.53887,0.53887
0.52547,0.52547,0.52547,0.52547,0.52547,0.52547,0.52547
0.50134,0.50134,0.50134,0.50134,0.50134,0.50134,0.50134
0.5067,0.5067,0.5067,0.5067,0.5067,0.5067,0.5067
0.56032,0.56032,0.56032,0.56032,0.56032,0.56032,0.56032
0.62466,0.62466,0.62466,0.62466,0.62466,0.62466,0.62466
0.66488,0.66488,0.66488,0.66488,0.66488,0.66488,0.66488
0.68633,0.68633,0.68633,0.68633,0.68633,0.68633,0.68633
0.71046,0.71046,0.71046,0.71046,0.71046,0.71046,0.71046
0.7319,0.7319,0.7319,0.7319,0.7319,0.7319,0.7319
0.73458,0.73458,0.73458,0.73458,0.73458,0.73458,0.73458
0.65147,0.65147,0.65147,0.65147,0.65147,0.65147,0.65147
0.63807,0.63807,0.63807,0.63807,0.63807,0.63807,0.63807
0.6756,0.6756,0.6756,0.6756,0.6756,0.6756,0.6756
0.72654,0.72654,0.72654,0.72654,0.72654,0.72654,0.72654
0.73995,0.73995,0.73995,0.73995,0.73995,0.73995,0.73995
0.7319,0.7319,0.7319,0.7319,0.7319,0.7319,0.7319
0.70241,0.70241,0.70241,0.70241,0.70241,0.70241,0.70241
0.65684,0.65684,0.65684,0.65684,0.65684,0.65684,0.65684
0.62735,0.62735,0.62735,0.62735,0.62735,0.62735,0.62735
0.59249,0.59249,0.59249,0.59249,0.59249,0.59249,0.59249
0.58177,0.58177,0.58177,0.58177,0.58177,0.58177,0.58177
0.57909,0.57909,0.57909,0.57909,0.57909,0.57909,0.57909
0.58177,0.58177,0.58177,0.58177,0.58177,0.58177,0.58177
0.57373,0.57373,0.57373,0.57373,0.57373,0.57373,0.57373
0.55764,0.55764,0.55764,0.55764,0.55764,0.55764,0.55764
0.53887,0.53887,0.53887,0.53887,0.53887,0.53887,0.53887
0.51206,0.51206,0.51206,0.51206,0.51206,0.51206,0.51206
0.47721,0.47721,0.47721,0.47721,0.47721,0.47721,0.47721
0.48525,0.48525,0.48525,0.48525,0.48525,0.48525,0.48525
0.5067,0.5067,0.5067,0.5067,0.5067,0.5067,0.5067
0.52815,0.52815,0.52815,0.52815,0.52815,0.52815,0.52815
0.53351,0.53351,0.53351,0.53351,0.53351,0.53351,0.53351
0.57105,0.57105,0.57105,0.57105,0.57105,0.57105,0.57105
0.58981,0.58981,0.58981,0.58981,0.58981,0.58981,0.58981
0.6059,0.6059,0.6059,0.6059,0.6059,0.6059,0.6059
0.61662,0.61662,0.61662,0.61662,0.61662,0.61662,0.61662
0.63003,0.63003,0.63003,0.63003,0.63003,0.63003,0.63003
0.63003,0.63003,0.63003,0.63003,0.63003,0.63003,0.63003
0.62466,0.62466,0.62466,0.62466,0.62466,0.62466,0.62466
0.62198,0.62198,0.62198,0.62198,0.62198,0.62198,0.62198
0.60858,0.60858,0.60858,0.60858,0.60858,0.60858,0.60858
0.58981,0.58981,0.58981,0.58981,0.58981,0.58981,0.58981
0.57641,0.57641,0.57641,0.57641,0.57641,0.57641,0.57641
0.57373,0.57373,0.57373,0.57373,0.57373,0.57373,0.57373
0.56568,0.56568,0.56568,0.56568,0.56568,0.56568,0.56568
0.56032,0.56032,0.56032,0.56032,0.56032,0.56032,0.56032
0.55764,0.55764,0.55764,0.55764,0.55764,0.55764,0.55764
0.56032,0.56032,0.56032,0.56032,0.56032,0.56032,0.56032
0.56836,0.56836,0.56836,0.56836,0.56836,0.56836,0.56836
0.56836,0.56836,0.56836,0.56836,0.56836,0.56836,0.56836
0.56836,0.56836,0.56836,0.56836,0.56836,0.56836,0.56836
0.563,0.563,0.563,0.563,0.563,0.563,0.563
0.57641,0.57641,0.57641,0.57641,0.57641,0.57641,0.57641
0.60858,0.60858,0.60858,0.60858,0.60858,0.60858,0.60858
0.64611,0.64611,0.64611,0.64611,0.64611,0.64611,0.64611
0.67024,0.67024,0.67024,0.67024,0.67024,0.67024,0.67024
0.69705,0.69705,0.69705,0.69705,0.69705,0.69705,0.69705
0.72922,0.72922,0.72922,0.72922,0.72922,0.72922,0.72922
0.74263,0.74263,0.74263,0.74263,0.74263,0.74263,0.74263
0.75871,0.75871,0.75871,0.75871,0.75871,0.75871,0.75871
0.75067,0.75067,0.75067,0.75067,0.75067,0.75067,0.75067
0.75603,0.75603,0.75603,0.75603,0.75603,0.75603,0.75603
0.75603,0.75603,0.75603,0.75603,0.75603,0.75603,0.75603
0.74799,0.74799,0.74799,0.74799,0.74799,0.74799,0.74799
0.71582,0.71582,0.71582,0.71582,0.71582,0.71582,0.71582
0.67828,0.67828,0.67828,0.67828,0.67828,0.67828,0.67828
0.64611,0.64611,0.64611,0.64611,0.64611,0.64611,0.64611
0.62466,0.62466,0.62466,0.62466,0.62466,0.62466,0.62466
0.6193,0.6193,0.6193,0.6193,0.6193,0.6193,0.6193
0.61126,0.61126,0.61126,0.61126,0.61126,0.61126,0.61126
0.60054,0.60054,0.60054,0.60054,0.60054,0.60054,0.60054
0.59249,0.59249,0.59249,0.59249,0.59249,0.59249,0.59249
0.57105,0.57105,0.57105,0.57105,0.57105,0.57105,0.57105
0.57105,0.57105,0.57105,0.57105,0.57105,0.57105,0.57105
0.57641,0.57641,0.57641,0.57641,0.57641,0.57641,0.57641
0.58713,0.58713,0.58713,0.58713,0.58713,0.58713,0.58713
0.6622,0.6622,0.6622,0.6622,0.6622,0.6622,0.6622
0.71046,0.71046,0.71046,0.71046,0.71046,0.71046,0.71046
0.74263,0.74263,0.74263,0.74263,0.74263,0.74263,0.74263
0.77748,0.77748,0.77748,0.77748,0.77748,0.77748,0.77748
0.79088,0.79088,0.79088,0.79088,0.79088,0.79088,0.79088
0.81501,0.81501,0.81501,0.81501,0.81501,0.81501,0.81501
0.8311,0.8311,0.8311,0.8311,0.8311,0.8311,0.8311
0.83646,0.83646,0.83646,0.83646,0.83646,0.83646,0.83646
0.83378,0.83378,0.83378,0.83378,0.83378,0.83378,0.83378
0.8311,0.8311,0.8311,0.8311,0.8311,0.8311,0.8311
0.82306,0.82306,0.82306,0.82306,0.82306,0.82306,0.82306
0.79357,0.79357,0.79357,0.79357,0.79357,0.79357,0.79357
0.76944,0.76944,0.76944,0.76944,0.76944,0.76944,0.76944
0.73995,0.73995,0.73995,0.73995,0.73995,0.73995,0.73995
0.71314,0.71314,0.71314,0.71314,0.71314,0.71314,0.71314
0.67828,0.67828,0.67828,0.67828,0.67828,0.67828,0.67828
0.64343,0.64343,0.64343,0.64343,0.64343,0.64343,0.64343
0.61662,0.61662,0.61662,0.61662,0.61662,0.61662,0.61662
0.60322,0.60322,0.60322,0.60322,0.60322,0.60322,0.60322
0.58445,0.58445,0.58445,0.58445,0.58445,0.58445,0.58445
0.58713,0.58713,0.58713,0.58713,0.58713,0.58713,0.58713
0.57909,0.57909,0.57909,0.57909,0.57909,0.57909,0.57909
0.58177,0.58177,0.58177,0.58177,0.58177,0.58177,0.58177
0.61394,0.61394,0.61394,0.61394,0.61394,0.61394,0.61394
0.68097,0.68097,0.68097,0.68097,0.68097,0.68097,0.68097
0.72654,0.72654,0.72654,0.72654,0.72654,0.72654,0.72654
0.78016,0.78016,0.78016,0.78016,0.78016,0.78016,0.78016
0.80697,0.80697,0.80697,0.80697,0.80697,0.80697,0.80697
0.82842,0.82842,0.82842,0.82842,0.82842,0.82842,0.82842
0.84182,0.84182,0.84182,0.84182,0.84182,0.84182,0.84182
0.86059,0.86059,0.86059,0.86059,0.86059,0.86059,0.86059
0.87399,0.87399,0.87399,0.87399,0.87399,0.87399,0.87399
0.87936,0.87936,0.87936,0.87936,0.87936,0.87936,0.87936
0.87936,0.87936,0.87936,0.87936,0.87936,0.87936,0.87936
0.87131,0.87131,0.87131,0.87131,0.87131,0.87131,0.87131
0.86059,0.86059,0.86059,0.86059,0.86059,0.86059,0.86059
0.84987,0.84987,0.84987,0.84987,0.84987,0.84987,0.84987
0.80429,0.80429,0.80429,0.80429,0.80429,0.80429,0.80429
0.74531,0.74531,0.74531,0.74531,0.74531,0.74531,0.74531
0.71046,0.71046,0.71046,0.71046,0.71046,0.71046,0.71046
0.68633,0.68633,0.68633,0.68633,0.68633,0.68633,0.68633
0.66756,0.66756,0.66756,0.66756,0.66756,0.66756,0.66756
0.65952,0.65952,0.65952,0.65952,0.65952,0.65952,0.65952
0.65147,0.65147,0.65147,0.65147,0.65147,0.65147,0.65147
0.64075,0.64075,0.64075,0.64075,0.64075,0.64075,0.64075
0.62198,0.62198,0.62198,0.62198,0.62198,0.62198,0.62198
0.6193,0.6193,0.6193,0.6193,0.6193,0.6193,0.6193
0.67024,0.67024,0.67024,0.67024,0.67024,0.67024,0.67024
0.73995,0.73995,0.73995,0.73995,0.73995,0.73995,0.73995
0.79357,0.79357,0.79357,0.79357,0.79357,0.79357,0.79357
0.83646,0.83646,0.83646,0.83646,0.83646,0.83646,0.83646
0.86059,0.86059,0.86059,0.86059,0.86059,0.86059,0.86059
0.87936,0.87936,0.87936,0.87936,0.87936,0.87936,0.87936
0.89544,0.89544,0.89544,0.89544,0.89544,0.89544,0.89544
0.90617,0.90617,0.90617,0.90617,0.90617,0.90617,0.90617
0.92761,0.92761,0.92761,0.92761,0.92761,0.92761,0.92761
0.93029,0.93029,0.93029,0.93029,0.93029,0.93029,0.93029
0.93029,0.93029,0.93029,0.93029,0.93029,0.93029,0.93029
0.92225,0.92225,0.92225,0.92225,0.92225,0.92225,0.92225
0.90885,0.90885,0.90885,0.90885,0.90885,0.90885,0.90885
0.89544,0.89544,0.89544,0.89544,0.89544,0.89544,0.89544
0.84718,0.84718,0.84718,0.84718,0.84718,0.84718,0.84718
0.79088,0.79088,0.79088,0.79088,0.79088,0.79088,0.79088
0.76408,0.76408,0.76408,0.76408,0.76408,0.76408,0.76408
0.73727,0.73727,0.73727,0.73727,0.73727,0.73727,0.73727
0.71046,0.71046,0.71046,0.71046,0.71046,0.71046,0.71046
0.69973,0.69973,0.69973,0.69973,0.69973,0.69973,0.69973
0.69169,0.69169,0.69169,0.69169,0.69169,0.69169,0.69169
0.68097,0.68097,0.68097,0.68097,0.68097,0.68097,0.68097
0.66756,0.66756,0.66756,0.66756,0.66756,0.66756,0.66756
0.67024,0.67024,0.67024,0.67024,0.67024,0.67024,0.67024
0.69973,0.69973,0.69973,0.69973,0.69973,0.69973,0.69973
0.75871,0.75871,0.75871,0.75871,0.75871,0.75871,0.75871
0.80965,0.80965,0.80965,0.80965,0.80965,0.80965,0.80965
0.85791,0.85791,0.85791,0.85791,0.85791,0.85791,0.85791
0.89276,0.89276,0.89276,0.89276,0.89276,0.89276,0.89276
0.91689,0.91689,0.91689,0.91689,0.91689,0.91689,0.91689
0.92761,0.92761,0.92761,0.92761,0.92761,0.92761,0.92761
0.93566,0.93566,0.93566,0.93566,0.93566,0.93566,0.93566
0.97587,0.97587,0.97587,0.97587,0.97587,0.97587,0.97587
0.96783,0.96783,0.96783,0.96783,0.96783,0.96783,0.96783
0.98123,0.98123,0.98123,0.98123,0.98123,0.98123,0.98123
0.96247,0.96247,0.96247,0.96247,0.96247,0.96247,0.96247
0.95442,0.95442,0.95442,0.95442,0.95442,0.95442,0.95442
0.93566,0.93566,0.93566,0.93566,0.93566,0.93566,0.93566
0.86863,0.86863,0.86863,0.86863,0.86863,0.86863,0.86863
0.8311,0.8311,0.8311,0.8311,0.8311,0.8311,0.8311
0.80697,0.80697,0.80697,0.80697,0.80697,0.80697,0.80697
0.78552,0.78552,0.78552,0.78552,0.78552,0.78552,0.78552
0.77212,0.77212,0.77212,0.77212,0.77212,0.77212,0.77212
0.76139,0.76139,0.76139,0.76139,0.76139,0.76139,0.76139
0.75603,0.75603,0.75603,0.75603,0.75603,0.75603,0.75603
0.7319,0.7319,0.7319,0.7319,0.7319,0.7319,0.7319
0.7185,0.7185,0.7185,0.7185,0.7185,0.7185,0.7185
0.72654,0.72654,0.72654,0.72654,0.72654,0.72654,0.72654
0.73458,0.73458,0.73458,0.73458,0.73458,0.73458,0.73458
0.77748,0.77748,0.77748,0.77748,0.77748,0.77748,0.77748
0.8445,0.8445,0.8445,0.8445,0.8445,0.8445,0.8445
0.90617,0.90617,0.90617,0.90617,0.90617,0.90617,0.90617
0.93298,0.93298,0.93298,0.93298,0.93298,0.93298,0.93298
0.9437,0.9437,0.9437,0.9437,0.9437,0.9437,0.9437
0.98123,0.98123,0.98123,0.98123,0.98123,0.98123,0.98123
1,1,1,1,1,1,1
0.98928,0.98928,0.98928,0.98928,0.98928,0.98928,0.98928
0.89276,0.89276,0.89276,0.89276,0.89276,0.89276,0.89276
0.80429,0.80429,0.80429,0.80429,0.80429,0.80429,0.80429
0.87668,0.87668,0.87668,0.87668,0.87668,0.87668,0.87668
0.89812,0.89812,0.89812,0.89812,0.89812,0.89812,0.89812
0.89544,0.89544,0.89544,0.89544,0.89544,0.89544,0.89544
0.84987,0.84987,0.84987,0.84987,0.84987,0.84987,0.84987
0.81501,0.81501,0.81501,0.81501,0.81501,0.81501,0.81501
0.79893,0.79893,0.79893,0.79893,0.79893,0.79893,0.79893
0.78016,0.78016,0.78016,0.78016,0.78016,0.78016,0.78016
0.76139,0.76139,0.76139,0.76139,0.76139,0.76139,0.76139
0.73995,0.73995,0.73995,0.73995,0.73995,0.73995,0.73995
0.72118,0.72118,0.72118,0.72118,0.72118,0.72118,0.72118
0.70509,0.70509,0.70509,0.70509,0.70509,0.70509,0.70509
0.69705,0.69705,0.69705,0.69705,0.69705,0.69705,0.69705
0.69437,0.69437,0.69437,0.69437,0.69437,0.69437,0.69437
0.71582,0.71582,0.71582,0.71582,0.71582,0.71582,0.71582
0.76139,0.76139,0.76139,0.76139,0.76139,0.76139,0.76139
0.82306,0.82306,0.82306,0.82306,0.82306,0.82306,0.82306
0.8445,0.8445,0.8445,0.8445,0.8445,0.8445,0.8445
0.84182,0.84182,0.84182,0.84182,0.84182,0.84182,0.84182
0.86595,0.86595,0.86595,0.86595,0.86595,0.86595,0.86595
0.89812,0.89812,0.89812,0.89812,0.89812,0.89812,0.89812
0.91153,0.91153,0.91153,0.91153,0.91153,0.91153,0.91153
0.91957,0.91957,0.91957,0.91957,0.91957,0.91957,0.91957
0.90885,0.90885,0.90885,0.90885,0.90885,0.90885,0.90885
0.93566,0.93566,0.93566,0.93566,0.93566,0.93566,0.93566
0.92225,0.92225,0.92225,0.92225,0.92225,0.92225,0.92225
0.84182,0.84182,0.84182,0.84182,0.84182,0.84182,0.84182
0.85791,0.85791,0.85791,0.85791,0.85791,0.85791,0.85791
0.81769,0.81769,0.81769,0.81769,0.81769,0.81769,0.81769
0.79893,0.79893,0.79893,0.79893,0.79893,0.79893,0.79893
0.76676,0.76676,0.76676,0.76676,0.76676,0.76676,0.76676
0.75603,0.75603,0.75603,0.75603,0.75603,0.75603,0.75603
0.74531,0.74531,0.74531,0.74531,0.74531,0.74531,0.74531
0.70777,0.70777,0.70777,0.70777,0.70777,0.70777,0.70777
0.68365,0.68365,0.68365,0.68365,0.68365,0.68365,0.68365
0.67828,0.67828,0.67828,0.67828,0.67828,0.67828,0.67828
0.65416,0.65416,0.65416,0.65416,0.65416,0.65416,0.65416
0.62466,0.62466,0.62466,0.62466,0.62466,0.62466,0.62466
0.66488,0.66488,0.66488,0.66488,0.66488,0.66488,0.66488
0.69169,0.69169,0.69169,0.69169,0.69169,0.69169,0.69169
0.73727,0.73727,0.73727,0.73727,0.73727,0.73727,0.73727
0.76408,0.76408,0.76408,0.76408,0.76408,0.76408,0.76408
0.78552,0.78552,0.78552,0.78552,0.78552,0.78552,0.78552
0.80965,0.80965,0.80965,0.80965,0.80965,0.80965,0.80965
0.83914,0.83914,0.83914,0.83914,0.83914,0.83914,0.83914
0.84987,0.84987,0.84987,0.84987,0.84987,0.84987,0.84987
0.84718,0.84718,0.84718,0.84718,0.84718,0.84718,0.84718
0.82842,0.82842,0.82842,0.82842,0.82842,0.82842,0.82842
0.78284,0.78284,0.78284,0.78284,0.78284,0.78284,0.78284
0.78284,0.78284,0.78284,0.78284,0.78284,0.78284,0.78284
0.78552,0.78552,0.78552,0.78552,0.78552,0.78552,0.78552
0.76676,0.76676,0.76676,0.76676,0.76676,0.76676,0.76676
0.73995,0.73995,0.73995,0.73995,0.73995,0.73995,0.73995
0.7185,0.7185,0.7185,0.7185,0.7185,0.7185,0.7185
0.71046,0.71046,0.71046,0.71046,0.71046,0.71046,0.71046
0.6756,0.6756,0.6756,0.6756,0.6756,0.6756,0.6756
0.65147,0.65147,0.65147,0.65147,0.65147,0.65147,0.65147
0.64075,0.64075,0.64075,0.64075,0.64075,0.64075,0.64075
0.62735,0.62735,0.62735,0.62735,0.62735,0.62735,0.62735
0.60322,0.60322,0.60322,0.60322,0.60322,0.60322,0.60322
0.58981,0.58981,0.58981,0.58981,0.58981,0.58981,0.58981
0.59786,0.59786,0.59786,0.59786,0.59786,0.59786,0.59786
0.63271,0.63271,0.63271,0.63271,0.63271,0.63271,0.63271
0.70777,0.70777,0.70777,0.70777,0.70777,0.70777,0.70777
0.73727,0.73727,0.73727,0.73727,0.73727,0.73727,0.73727
0.76139,0.76139,0.76139,0.76139,0.76139,0.76139,0.76139
0.78552,0.78552,0.78552,0.78552,0.78552,0.78552,0.78552
0.81233,0.81233,0.81233,0.81233,0.81233,0.81233,0.81233
0.8311,0.8311,0.8311,0.8311,0.8311,0.8311,0.8311
0.84987,0.84987,0.84987,0.84987,0.84987,0.84987,0.84987
0.85255,0.85255,0.85255,0.85255,0.85255,0.85255,0.85255
0.86059,0.86059,0.86059,0.86059,0.86059,0.86059,0.86059
0.86059,0.86059,0.86059,0.86059,0.86059,0.86059,0.86059
0.84987,0.84987,0.84987,0.84987,0.84987,0.84987,0.84987
0.81769,0.81769,0.81769,0.81769,0.81769,0.81769,0.81769
0.7882,0.7882,0.7882,0.7882,0.7882,0.7882,0.7882
0.76676,0.76676,0.76676,0.76676,0.76676,0.76676,0.76676
0.75067,0.75067,0.75067,0.75067,0.75067,0.75067,0.75067
0.72922,0.72922,0.72922,0.72922,0.72922,0.72922,0.72922
0.69973,0.69973,0.69973,0.69973,0.69973,0.69973,0.69973
0.6622,0.6622,0.6622,0.6622,0.6622,0.6622,0.6622
0.65684,0.65684,0.65684,0.65684,0.65684,0.65684,0.65684
0.64343,0.64343,0.64343,0.64343,0.64343,0.64343,0.64343
0.63271,0.63271,0.63271,0.63271,0.63271,0.63271,0.63271
0.62735,0.62735,0.62735,0.62735,0.62735,0.62735,0.62735
0.64611,0.64611,0.64611,0.64611,0.64611,0.64611,0.64611
0.65147,0.65147,0.65147,0.65147,0.65147,0.65147,0.65147
0.71046,0.71046,0.71046,0.71046,0.71046,0.71046,0.71046
0.74799,0.74799,0.74799,0.74799,0.74799,0.74799,0.74799
0.78284,0.78284,0.78284,0.78284,0.78284,0.78284,0.78284
0.82306,0.82306,0.82306,0.82306,0.82306,0.82306,0.82306
0.85523,0.85523,0.85523,0.85523,0.85523,0.85523,0.85523
0.87399,0.87399,0.87399,0.87399,0.87399,0.87399,0.87399
0.8874,0.8874,0.8874,0.8874,0.8874,0.8874,0.8874
0.89812,0.89812,0.89812,0.89812,0.89812,0.89812,0.89812
0.89544,0.89544,0.89544,0.89544,0.89544,0.89544,0.89544
0.8874,0.8874,0.8874,0.8874,0.8874,0.8874,0.8874
0.87131,0.87131,0.87131,0.87131,0.87131,0.87131,0.87131
0.84718,0.84718,0.84718,0.84718,0.84718,0.84718,0.84718
0.81769,0.81769,0.81769,0.81769,0.81769,0.81769,0.81769
0.77748,0.77748,0.77748,0.77748,0.77748,0.77748,0.77748
0.75335,0.75335,0.75335,0.75335,0.75335,0.75335,0.75335
0.73727,0.73727,0.73727,0.73727,0.73727,0.73727,0.73727
0.7319,0.7319,0.7319,0.7319,0.7319,0.7319,0.7319
0.7319,0.7319,0.7319,0.7319,0.7319,0.7319,0.7319
0.72386,0.72386,0.72386,0.72386,0.72386,0.72386,0.72386
0.71046,0.71046,0.71046,0.71046,0.71046,0.71046,0.71046
0.69437,0.69437,0.69437,0.69437,0.69437,0.69437,0.69437
0.67828,0.67828,0.67828,0.67828,0.67828,0.67828,0.67828
0.6756,0.6756,0.6756,0.6756,0.6756,0.6756,0.6756
0.67292,0.67292,0.67292,0.67292,0.67292,0.67292,0.67292
0.70777,0.70777,0.70777,0.70777,0.70777,0.70777,0.70777
0.73995,0.73995,0.73995,0.73995,0.73995,0.73995,0.73995
0.76408,0.76408,0.76408,0.76408,0.76408,0.76408,0.76408
0.81769,0.81769,0.81769,0.81769,0.81769,0.81769,0.81769
0.85523,0.85523,0.85523,0.85523,0.85523,0.85523,0.85523
0.89008,0.89008,0.89008,0.89008,0.89008,0.89008,0.89008
0.91957,0.91957,0.91957,0.91957,0.91957,0.91957,0.91957
0.91689,0.91689,0.91689,0.91689,0.91689,0.91689,0.91689
0.92493,0.92493,0.92493,0.92493,0.92493,0.92493,0.92493
0.93566,0.93566,0.93566,0.93566,0.93566,0.93566,0.93566
0.92493,0.92493,0.92493,0.92493,0.92493,0.92493,0.92493
0.8874,0.8874,0.8874,0.8874,0.8874,0.8874,0.8874
0.85255,0.85255,0.85255,0.85255,0.85255,0.85255,0.85255
0.83378,0.83378,0.83378,0.83378,0.83378,0.83378,0.83378
0.82306,0.82306,0.82306,0.82306,0.82306,0.82306,0.82306
0.79625,0.79625,0.79625,0.79625,0.79625,0.79625,0.79625
0.76676,0.76676,0.76676,0.76676,0.76676,0.76676,0.76676
0.75335,0.75335,0.75335,0.75335,0.75335,0.75335,0.75335
0.74263,0.74263,0.74263,0.74263,0.74263,0.74263,0.74263
0.72654,0.72654,0.72654,0.72654,0.72654,0.72654,0.72654
0.69973,0.69973,0.69973,0.69973,0.69973,0.69973,0.69973
0.67828,0.67828,0.67828,0.67828,0.67828,0.67828,0.67828
0.6622,0.6622,0.6622,0.6622,0.6622,0.6622,0.6622
0.69437,0.69437,0.69437,0.69437,0.69437,0.69437,0.69437
0.72386,0.72386,0.72386,0.72386,0.72386,0.72386,0.72386
0.76676,0.76676,0.76676,0.76676,0.76676,0.76676,0.76676
0.78552,0.78552,0.78552,0.78552,0.78552,0.78552,0.78552
0.82842,0.82842,0.82842,0.82842,0.82842,0.82842,0.82842
0.86327,0.86327,0.86327,0.86327,0.86327,0.86327,0.86327
0.87936,0.87936,0.87936,0.87936,0.87936,0.87936,0.87936
0.89008,0.89008,0.89008,0.89008,0.89008,0.89008,0.89008
0.90349,0.90349,0.90349,0.90349,0.90349,0.90349,0.90349
0.90617,0.90617,0.90617,0.90617,0.90617,0.90617,0.90617
0.88472,0.88472,0.88472,0.88472,0.88472,0.88472,0.88472
0.83378,0.83378,0.83378,0.83378,0.83378,0.83378,0.83378
0.82574,0.82574,0.82574,0.82574,0.82574,0.82574,0.82574
0.81501,0.81501,0.81501,0.81501,0.81501,0.81501,0.81501
0.81233,0.81233,0.81233,0.81233,0.81233,0.81233,0.81233
0.79357,0.79357,0.79357,0.79357,0.79357,0.79357,0.79357
0.77748,0.77748,0.77748,0.77748,0.77748,0.77748,0.77748
0.76408,0.76408,0.76408,0.76408,0.76408,0.76408,0.76408
0.74531,0.74531,0.74531,0.74531,0.74531,0.74531,0.74531
0.72118,0.72118,0.72118,0.72118,0.72118,0.72118,0.72118
0.70241,0.70241,0.70241,0.70241,0.70241,0.70241,0.70241
0.69169,0.69169,0.69169,0.69169,0.69169,0.69169,0.69169
0.67828,0.67828,0.67828,0.67828,0.67828,0.67828,0.67828
0.66488,0.66488,0.66488,0.66488,0.66488,0.66488,0.66488
0.68365,0.68365,0.68365,0.68365,0.68365,0.68365,0.68365
0.73458,0.73458,0.73458,0.73458,0.73458,0.73458,0.73458
0.78284,0.78284,0.78284,0.78284,0.78284,0.78284,0.78284
0.82306,0.82306,0.82306,0.82306,0.82306,0.82306,0.82306
0.85255,0.85255,0.85255,0.85255,0.85255,0.85255,0.85255
0.88204,0.88204,0.88204,0.88204,0.88204,0.88204,0.88204
0.90617,0.90617,0.90617,0.90617,0.90617,0.90617,0.90617
0.90885,0.90885,0.90885,0.90885,0.90885,0.90885,0.90885
0.93566,0.93566,0.93566,0.93566,0.93566,0.93566,0.93566
0.94638,0.94638,0.94638,0.94638,0.94638,0.94638,0.94638
0.94906,0.94906,0.94906,0.94906,0.94906,0.94906,0.94906
0.93029,0.93029,0.93029,0.93029,0.93029,0.93029,0.93029
0.80161,0.80161,0.80161,0.80161,0.80161,0.80161,0.80161
0.74263,0.74263,0.74263,0.74263,0.74263,0.74263,0.74263
0.78016,0.78016,0.78016,0.78016,0.78016,0.78016,0.78016
0.78016,0.78016,0.78016,0.78016,0.78016,0.78016,0.78016
0.76408,0.76408,0.76408,0.76408,0.76408,0.76408,0.76408
0.75067,0.75067,0.75067,0.75067,0.75067,0.75067,0.75067
0.73458,0.73458,0.73458,0.73458,0.73458,0.73458,0.73458
0.72654,0.72654,0.72654,0.72654,0.72654,0.72654,0.72654
0.70241,0.70241,0.70241,0.70241,0.70241,0.70241,0.70241
0.68633,0.68633,0.68633,0.68633,0.68633,0.68633,0.68633
0.67828,0.67828,0.67828,0.67828,0.67828,0.67828,0.67828
0.67828,0.67828,0.67828,0.67828,0.67828,0.67828,0.67828
0.70777,0.70777,0.70777,0.70777,0.70777,0.70777,0.70777
0.73727,0.73727,0.73727,0.73727,0.73727,0.73727,0.73727
0.76408,0.76408,0.76408,0.76408,0.76408,0.76408,0.76408
0.79088,0.79088,0.79088,0.79088,0.79088,0.79088,0.79088
0.83378,0.83378,0.83378,0.83378,0.83378,0.83378,0.83378
0.84987,0.84987,0.84987,0.84987,0.84987,0.84987,0.84987
0.8445,0.8445,0.8445,0.8445,0.8445,0.8445,0.8445
0.86327,0.86327,0.86327,0.86327,0.86327,0.86327,0.86327
0.87936,0.87936,0.87936,0.87936,0.87936,0.87936,0.87936
0.8874,0.8874,0.8874,0.8874,0.8874,0.8874,0.8874
0.89008,0.89008,0.89008,0.89008,0.89008,0.89008,0.89008
0.86863,0.86863,0.86863,0.86863,0.86863,0.86863,0.86863
0.83646,0.83646,0.83646,0.83646,0.83646,0.83646,0.83646
0.78284,0.78284,0.78284,0.78284,0.78284,0.78284,0.78284
0.72922,0.72922,0.72922,0.72922,0.72922,0.72922,0.72922
0.69973,0.69973,0.69973,0.69973,0.69973,0.69973,0.69973
0.70241,0.70241,0.70241,0.70241,0.70241,0.70241,0.70241
0.70241,0.70241,0.70241,0.70241,0.70241,0.70241,0.70241
0.68901,0.68901,0.68901,0.68901,0.68901,0.68901,0.68901
0.66756,0.66756,0.66756,0.66756,0.66756,0.66756,0.66756
0.6622,0.6622,0.6622,0.6622,0.6622,0.6622,0.6622
0.65684,0.65684,0.65684,0.65684,0.65684,0.65684,0.65684
0.6622,0.6622,0.6622,0.6622,0.6622,0.6622,0.6622
0.65416,0.65416,0.65416,0.65416,0.65416,0.65416,0.65416
0.65416,0.65416,0.65416,0.65416,0.65416,0.65416,0.65416
0.67292,0.67292,0.67292,0.67292,0.67292,0.67292,0.67292
0.70241,0.70241,0.70241,0.70241,0.70241,0.70241,0.70241
0.73995,0.73995,0.73995,0.73995,0.73995,0.73995,0.73995
0.76944,0.76944,0.76944,0.76944,0.76944,0.76944,0.76944
0.78284,0.78284,0.78284,0.78284,0.78284,0.78284,0.78284
0.80161,0.80161,0.80161,0.80161,0.80161,0.80161,0.80161
0.81501,0.81501,0.81501,0.81501,0.81501,0.81501,0.81501
0.82574,0.82574,0.82574,0.82574,0.82574,0.82574,0.82574
0.82574,0.82574,0.82574,0.82574,0.82574,0.82574,0.82574
0.82842,0.82842,0.82842,0.82842,0.82842,0.82842,0.82842
0.82306,0.82306,0.82306,0.82306,0.82306,0.82306,0.82306
0.80429,0.80429,0.80429,0.80429,0.80429,0.80429,0.80429
0.7882,0.7882,0.7882,0.7882,0.7882,0.7882,0.7882
0.76408,0.76408,0.76408,0.76408,0.76408,0.76408,0.76408
0.74799,0.74799,0.74799,0.74799,0.74799,0.74799,0.74799
0.7319,0.7319,0.7319,0.7319,0.7319,0.7319,0.7319
0.69973,0.69973,0.69973,0.69973,0.69973,0.69973,0.69973
0.66756,0.66756,0.66756,0.66756,0.66756,0.66756,0.66756
0.65147,0.65147,0.65147,0.65147,0.65147,0.65147,0.65147
0.63271,0.63271,0.63271,0.63271,0.63271,0.63271,0.63271
0.62466,0.62466,0.62466,0.62466,0.62466,0.62466,0.62466
0.61662,0.61662,0.61662,0.61662,0.61662,0.61662,0.61662
0.63271,0.63271,0.63271,0.63271,0.63271,0.63271,0.63271
0.66488,0.66488,0.66488,0.66488,0.66488,0.66488,0.66488
0.73458,0.73458,0.73458,0.73458,0.73458,0.73458,0.73458
0.7748,0.7748,0.7748,0.7748,0.7748,0.7748,0.7748
0.79893,0.79893,0.79893,0.79893,0.79893,0.79893,0.79893
0.8311,0.8311,0.8311,0.8311,0.8311,0.8311,0.8311
0.85791,0.85791,0.85791,0.85791,0.85791,0.85791,0.85791
0.86863,0.86863,0.86863,0.86863,0.86863,0.86863,0.86863
0.8874,0.8874,0.8874,0.8874,0.8874,0.8874,0.8874
0.89812,0.89812,0.89812,0.89812,0.89812,0.89812,0.89812
0.9008,0.9008,0.9008,0.9008,0.9008,0.9008,0.9008
0.87668,0.87668,0.87668,0.87668,0.87668,0.87668,0.87668
0.87131,0.87131,0.87131,0.87131,0.87131,0.87131,0.87131
0.80161,0.80161,0.80161,0.80161,0.80161,0.80161,0.80161
0.76676,0.76676,0.76676,0.76676,0.76676,0.76676,0.76676
0.74531,0.74531,0.74531,0.74531,0.74531,0.74531,0.74531
0.72386,0.72386,0.72386,0.72386,0.72386,0.72386,0.72386
0.72386,0.72386,0.72386,0.72386,0.72386,0.72386,0.72386
0.69169,0.69169,0.69169,0.69169,0.69169,0.69169,0.69169
0.6756,0.6756,0.6756,0.6756,0.6756,0.6756,0.6756
0.68365,0.68365,0.68365,0.68365,0.68365,0.68365,0.68365
0.68097,0.68097,0.68097,0.68097,0.68097,0.68097,0.68097
0.68097,0.68097,0.68097,0.68097,0.68097,0.68097,0.68097
0.68633,0.68633,0.68633,0.68633,0.68633,0.68633,0.68633
0.66488,0.66488,0.66488,0.66488,0.66488,0.66488,0.66488
0.67828,0.67828,0.67828,0.67828,0.67828,0.67828,0.67828
0.71046,0.71046,0.71046,0.71046,0.71046,0.71046,0.71046
0.7748,0.7748,0.7748,0.7748,0.7748,0.7748,0.7748
0.80161,0.80161,0.80161,0.80161,0.80161,0.80161,0.80161
0.83646,0.83646,0.83646,0.83646,0.83646,0.83646,0.83646
0.85523,0.85523,0.85523,0.85523,0.85523,0.85523,0.85523
0.87668,0.87668,0.87668,0.87668,0.87668,0.87668,0.87668
0.87936,0.87936,0.87936,0.87936,0.87936,0.87936,0.87936
0.90617,0.90617,0.90617,0.90617,0.90617,0.90617,0.90617
0.90617,0.90617,0.90617,0.90617,0.90617,0.90617,0.90617
0.90885,0.90885,0.90885,0.90885,0.90885,0.90885,0.90885
0.91421,0.91421,0.91421,0.91421,0.91421,0.91421,0.91421
0.90617,0.90617,0.90617,0.90617,0.90617,0.90617,0.90617
0.86059,0.86059,0.86059,0.86059,0.86059,0.86059,0.86059
0.83378,0.83378,0.83378,0.83378,0.83378,0.83378,0.83378
0.81233,0.81233,0.81233,0.81233,0.81233,0.81233,0.81233
0.78016,0.78016,0.78016,0.78016,0.78016,0.78016,0.78016
0.77212,0.77212,0.77212,0.77212,0.77212,0.77212,0.77212
0.7185,0.7185,0.7185,0.7185,0.7185,0.7185,0.7185
0.70241,0.70241,0.70241,0.70241,0.70241,0.70241,0.70241
0.68097,0.68097,0.68097,0.68097,0.68097,0.68097,0.68097
0.66488,0.66488,0.66488,0.66488,0.66488,0.66488,0.66488
0.6622,0.6622,0.6622,0.6622,0.6622,0.6622,0.6622
0.67024,0.67024,0.67024,0.67024,0.67024,0.67024,0.67024
0.69169,0.69169,0.69169,0.69169,0.69169,0.69169,0.69169
0.75871,0.75871,0.75871,0.75871,0.75871,0.75871,0.75871
0.78016,0.78016,0.78016,0.78016,0.78016,0.78016,0.78016
0.80697,0.80697,0.80697,0.80697,0.80697,0.80697,0.80697
0.82842,0.82842,0.82842,0.82842,0.82842,0.82842,0.82842
0.85523,0.85523,0.85523,0.85523,0.85523,0.85523,0.85523
0.87936,0.87936,0.87936,0.87936,0.87936,0.87936,0.87936
0.89008,0.89008,0.89008,0.89008,0.89008,0.89008,0.89008
0.89812,0.89812,0.89812,0.89812,0.89812,0.89812,0.89812
0.89812,0.89812,0.89812,0.89812,0.89812,0.89812,0.89812
0.88472,0.88472,0.88472,0.88472,0.88472,0.88472,0.88472
0.86595,0.86595,0.86595,0.86595,0.86595,0.86595,0.86595
0.82306,0.82306,0.82306,0.82306,0.82306,0.82306,0.82306
0.79357,0.79357,0.79357,0.79357,0.79357,0.79357,0.79357
0.7882,0.7882,0.7882,0.7882,0.7882,0.7882,0.7882
0.76944,0.76944,0.76944,0.76944,0.76944,0.76944,0.76944
0.75335,0.75335,0.75335,0.75335,0.75335,0.75335,0.75335
0.73458,0.73458,0.73458,0.73458,0.73458,0.73458,0.73458
0.71582,0.71582,0.71582,0.71582,0.71582,0.71582,0.71582
0.68901,0.68901,0.68901,0.68901,0.68901,0.68901,0.68901
0.67828,0.67828,0.67828,0.67828,0.67828,0.67828,0.67828
0.65952,0.65952,0.65952,0.65952,0.65952,0.65952,0.65952
0.65416,0.65416,0.65416,0.65416,0.65416,0.65416,0.65416
0.64879,0.64879,0.64879,0.64879,0.64879,0.64879,0.64879
0.68365,0.68365,0.68365,0.68365,0.68365,0.68365,0.68365
0.7319,0.7319,0.7319,0.7319,0.7319,0.7319,0.7319
0.79625,0.79625,0.79625,0.79625,0.79625,0.79625,0.79625
0.81233,0.81233,0.81233,0.81233,0.81233,0.81233,0.81233
0.85523,0.85523,0.85523,0.85523,0.85523,0.85523,0.85523
0.87399,0.87399,0.87399,0.87399,0.87399,0.87399,0.87399
0.87668,0.87668,0.87668,0.87668,0.87668,0.87668,0.87668
0.85523,0.85523,0.85523,0.85523,0.85523,0.85523,0.85523
0.84987,0.84987,0.84987,0.84987,0.84987,0.84987,0.84987
0.88204,0.88204,0.88204,0.88204,0.88204,0.88204,0.88204
0.90885,0.90885,0.90885,0.90885,0.90885,0.90885,0.90885
0.89812,0.89812,0.89812,0.89812,0.89812,0.89812,0.89812
0.89812,0.89812,0.89812,0.89812,0.89812,0.89812,0.89812
0.87936,0.87936,0.87936,0.87936,0.87936,0.87936,0.87936
0.85523,0.85523,0.85523,0.85523,0.85523,0.85523,0.85523
0.82306,0.82306,0.82306,0.82306,0.82306,0.82306,0.82306
0.80429,0.80429,0.80429,0.80429,0.80429,0.80429,0.80429
0.7882,0.7882,0.7882,0.7882,0.7882,0.7882,0.7882
0.7748,0.7748,0.7748,0.7748,0.7748,0.7748,0.7748
0.75603,0.75603,0.75603,0.75603,0.75603,0.75603,0.75603
0.72922,0.72922,0.72922,0.72922,0.72922,0.72922,0.72922
0.71046,0.71046,0.71046,0.71046,0.71046,0.71046,0.71046
0.68633,0.68633,0.68633,0.68633,0.68633,0.68633,0.68633
0.68633,0.68633,0.68633,0.68633,0.68633,0.68633,0.68633
0.71046,0.71046,0.71046,0.71046,0.71046,0.71046,0.71046
0.75871,0.75871,0.75871,0.75871,0.75871,0.75871,0.75871
0.79893,0.79893,0.79893,0.79893,0.79893,0.79893,0.79893
0.8311,0.8311,0.8311,0.8311,0.8311,0.8311,0.8311
0.85791,0.85791,0.85791,0.85791,0.85791,0.85791,0.85791
0.89008,0.89008,0.89008,0.89008,0.89008,0.89008,0.89008
0.90885,0.90885,0.90885,0.90885,0.90885,0.90885,0.90885
0.93566,0.93566,0.93566,0.93566,0.93566,0.93566,0.93566
0.94906,0.94906,0.94906,0.94906,0.94906,0.94906,0.94906
0.94638,0.94638,0.94638,0.94638,0.94638,0.94638,0.94638
0.9437,0.9437,0.9437,0.9437,0.9437,0.9437,0.9437
0.9437,0.9437,0.9437,0.9437,0.9437,0.9437,0.9437
0.93298,0.93298,0.93298,0.93298,0.93298,0.93298,0.93298
0.91957,0.91957,0.91957,0.91957,0.91957,0.91957,0.91957
0.88472,0.88472,0.88472,0.88472,0.88472,0.88472,0.88472
0.84987,0.84987,0.84987,0.84987,0.84987,0.84987,0.84987
0.82574,0.82574,0.82574,0.82574,0.82574,0.82574,0.82574
0.82306,0.82306,0.82306,0.82306,0.82306,0.82306,0.82306
0.80429,0.80429,0.80429,0.80429,0.80429,0.80429,0.80429
0.76408,0.76408,0.76408,0.76408,0.76408,0.76408,0.76408
0.72922,0.72922,0.72922,0.72922,0.72922,0.72922,0.72922
0.72118,0.72118,0.72118,0.72118,0.72118,0.72118,0.72118
0.69705,0.69705,0.69705,0.69705,0.69705,0.69705,0.69705
0.72386,0.72386,0.72386,0.72386,0.72386,0.72386,0.72386
0.71314,0.71314,0.71314,0.71314,0.71314,0.71314,0.71314
0.7748,0.7748,0.7748,0.7748,0.7748,0.7748,0.7748
0.82842,0.82842,0.82842,0.82842,0.82842,0.82842,0.82842
0.85255,0.85255,0.85255,0.85255,0.85255,0.85255,0.85255
0.88472,0.88472,0.88472,0.88472,0.88472,0.88472,0.88472
0.91421,0.91421,0.91421,0.91421,0.91421,0.91421,0.91421
0.93029,0.93029,0.93029,0.93029,0.93029,0.93029,0.93029
0.9437,0.9437,0.9437,0.9437,0.9437,0.9437,0.9437
0.95442,0.95442,0.95442,0.95442,0.95442,0.95442,0.95442
0.96247,0.96247,0.96247,0.96247,0.96247,0.96247,0.96247
0.9571,0.9571,0.9571,0.9571,0.9571,0.9571,0.9571
0.94102,0.94102,0.94102,0.94102,0.94102,0.94102,0.94102
0.92493,0.92493,0.92493,0.92493,0.92493,0.92493,0.92493
0.89544,0.89544,0.89544,0.89544,0.89544,0.89544,0.89544
0.86863,0.86863,0.86863,0.86863,0.86863,0.86863,0.86863
0.84987,0.84987,0.84987,0.84987,0.84987,0.84987,0.84987
0.8311,0.8311,0.8311,0.8311,0.8311,0.8311,0.8311
0.80965,0.80965,0.80965,0.80965,0.80965,0.80965,0.80965
0.76408,0.76408,0.76408,0.76408,0.76408,0.76408,0.76408
0.91299,0.899284507158373,0.920426905439684,0.962957056184317,0.921511589732817,0.933545539217425,0.899859704945232
0.91984,0.914724858872477,0.927691098803383,0.970929708134521,0.911116346751115,0.936410281270359,0.91273969485567
0.93221,0.939635017827241,0.942689992426637,0.975944541719734,0.916225952155203,0.942544912229718,0.943003186710573
0.95183,0.957258318934398,0.954954765036788,0.962058662867286,0.925831986801981,0.943837509038835,0.956468119711293
0.96434,0.983580001355299,0.977041836042349,0.961601958177022,0.932142417041005,0.945064298649825,0.966617329244161
0.98177,0.997412618258176,0.98946898161576,0.983658620262061,0.951677590419864,0.952015045204459,0.975918331574928
0.99682,0.963922599941353,0.972341358362935,1.02314523222995,0.950272296275896,0.959331399220285,0.983057182593507
0.99783,0.92378306677598,0.958176397905389,1.01382401060744,0.949297267636818,0.963107219556981,0.967558593390806
0.98354,0.900687944322045,0.960011810082062,0.982195903564837,0.945793073779007,0.962367184276188,0.958640110927507
0.96476,0.86847293297917,0.946387694938133,0.945578270349716,0.904016106199566,0.938704127867415,0.937661896056372
0.94604,0.773770292098525,0.932133864330854,0.904536510626314,0.893692607529859,0.922034302368632,0.940007346252818
0.92011,0.749025597240382,0.928231341776249,0.890052230931124,0.88378873407381,0.897968624973555,0.880991345039389
0.89472,0.749624436369236,0.90547481556938,0.868722811667217,0.870798352055911,0.867935915962205,0.869293049876031
0.8728,0.753650067791661,0.904397427666196,0.87057521422178,0.864135161335933,0.846943305162017,0.862776353650194
0.88711,0.753064146069357,0.893824653985155,0.863216015952701,0.866047094543775,0.830879475411861,0.866707415189947
0.87827,0.756169661887561,0.880342131378824,0.855250469902106,0.887134146484304,0.847498521873945,0.820517894552086
0.8634,0.756848731424156,0.881474215463423,0.847563809094766,0.899912421780917,0.866894698671944,0.809315048033098
0.8413,0.794726678567745,0.878706799447819,0.850009347117266,0.922953502345104,0.88243936065827,0.822437808834193
0.81027,0.838590013681483,0.876770853248526,0.846816625094844,0.9391808550097,0.888469059296436,0.820830097798493
0.79067,0.868645172713879,0.874094230621299,0.853578677771274,0.911248376438456,0.893854018067467,0.816811628492122
0.78326,0.882282946907741,0.884366629720389,0.861102381150626,0.866319222229892,0.897996481499124,0.802614124116765
0.80672,0.887611912294867,0.890121765612205,0.860342389409186,0.878108423091295,0.907267722753893,0.778116504797145
0.84864,0.902242000474231,0.897767388875001,0.870883014299476,0.889848772332098,0.916981396945508,0.906575261185938
0.88264,0.919083762919167,0.912595273041146,0.891200512475923,0.890621448059099,0.919201500946559,0.887539948270964
