small_1,small_de_2,all_3,all_de_4,small_5,small_de_6,all_7,all_de_8,small_9,small_de_10,all_11,all_de_12,small_13,small_de_14,all_15,all_de_16,small_17,small_de_18,all_19,all_de_20,small_21,small_de_22,all_23,all_de_24,small_25,small_de_26,all_27,all_de_28,original
0.719637155532837,2.800626039505,0.651198029518127,2.46174216270447,1.0717236995697,0.906587302684784,0.960101664066315,0.908128440380096,1.012371301651,0.915129363536835,0.98917430639267,0.915858447551727,1.03725814819336,0.924790561199188,0.98480749130249,0.925719439983368,1.05878043174744,0.925234496593475,0.981510519981384,0.91644161939621,1.06259250640869,0.935404479503632,0.987821936607361,0.93275660276413,1.07809400558472,0.902458846569061,0.980710327625275,0.909195125102997,0.93847
0.846829533576965,1.77493393421173,0.812108874320984,1.45935118198395,1.0937694311142,0.94170731306076,0.976551055908203,0.901600062847137,1.03441691398621,0.948568522930145,1.00701546669006,0.911714255809784,1.06028616428375,0.956996142864227,1.00238263607025,0.924098193645477,1.08118283748627,0.958267867565155,1.0005886554718,0.916701018810272,1.08553338050842,0.968053996562958,1.00482320785522,0.939359366893768,1.10001337528229,0.938022315502167,0.997754693031311,0.907652080059052,0.93532
0.935855567455292,1.31935775279999,0.917798042297363,1.17008674144745,1.10351014137268,0.989350616931915,1.00638508796692,0.935155212879181,1.04825711250305,0.992040455341339,1.03171396255493,0.94868928194046,1.07407104969025,0.998790562152863,1.02673244476318,0.957485496997833,1.09319257736206,0.998217880725861,1.02422511577606,0.952758133411407,1.09762644767761,1.01003873348236,1.02992701530457,0.977263271808624,1.10890650749207,0.986807644367218,1.02658700942993,0.942234337329865,0.93536
0.987799286842346,1.07127869129181,0.982228875160217,1.05455696582794,1.08875942230225,0.907532870769501,1.00766336917877,0.911864936351776,1.0278115272522,0.915294349193573,1.03654861450195,0.928281962871552,1.05575942993164,0.924432456493378,1.03021645545959,0.936285197734833,1.07763123512268,0.925581157207489,1.03053534030914,0.934312522411346,1.08193612098694,0.941852748394012,1.03730344772339,0.958812415599823,1.09453940391541,0.904163539409637,1.02610874176025,0.918943107128143,0.9471
1.02970242500305,1.01347017288208,1.0224392414093,1.02913570404053,1.10553050041199,0.923762321472168,1.01288425922394,0.920624256134033,1.03839731216431,0.934876441955566,1.04359030723572,0.935645580291748,1.06600153446198,0.945066928863525,1.03713130950928,0.944940567016602,1.08947479724884,0.949858665466309,1.03601455688477,0.943842887878418,1.09437417984009,0.964412212371826,1.04267501831055,0.963420867919922,1.11309456825256,0.919614791870117,1.03532099723816,0.926414966583252,0.95976
1.05999326705933,1.08555662631989,1.048828125,1.06689751148224,1.11289238929749,1.06182014942169,1.02572107315063,0.981501638889313,1.04978764057159,1.06933653354645,1.05310797691345,0.989601194858551,1.07567119598389,1.07946932315826,1.04757690429688,0.999785006046295,1.09735250473022,1.08009922504425,1.04496455192566,0.997219622135162,1.1021876335144,1.09402334690094,1.05006992816925,1.00986969470978,1.12021207809448,1.05841219425201,1.04843175411224,0.982963144779205,0.9811
1.08236312866211,1.11399328708649,1.06525695323944,1.07906973361969,1.12126815319061,1.11238062381744,1.03359913825989,1.00299561023712,1.05842328071594,1.11642849445343,1.05604648590088,1.00933706760406,1.08578252792358,1.12714111804962,1.05085492134094,1.01633322238922,1.10751080513,1.12200796604156,1.04814529418945,1.01566755771637,1.1122887134552,1.13727533817291,1.05410122871399,1.02350628376007,1.12799763679504,1.10967838764191,1.05204880237579,0.997727513313293,0.99827
1.10116577148438,1.1111387014389,1.07866179943085,1.09321296215057,1.1362407207489,1.0856693983078,1.03038203716278,1.01276433467865,1.07307481765747,1.0907324552536,1.05860364437103,1.02146518230438,1.10158169269562,1.10192286968231,1.05176794528961,1.03003633022308,1.12368965148926,1.09766328334808,1.05080580711365,1.02704274654388,1.12817478179932,1.11106860637665,1.06011462211609,1.03356826305389,1.14261889457703,1.08288323879242,1.05016255378723,1.0089920759201,1.0157
1.10668742656708,1.04724633693695,1.08367931842804,1.06446588039398,1.11977291107178,1.00772798061371,1.0195574760437,0.996823191642761,1.06545925140381,1.01007831096649,1.0514657497406,1.00098979473114,1.09491658210754,1.02152526378632,1.04460310935974,1.01012074947357,1.11503481864929,1.0130695104599,1.04728758335114,1.00423943996429,1.11832165718079,1.0284241437912,1.06162858009338,1.0059140920639,1.12338137626648,1.00547254085541,1.03743207454681,0.993241190910339,1.0188
1.10267281532288,0.960671246051788,1.07467567920685,0.999459087848663,1.08153736591339,0.908519566059113,1.00029993057251,0.954370319843292,1.03683066368103,0.907426655292511,1.03147006034851,0.955460369586945,1.06542086601257,0.918474018573761,1.0259895324707,0.961358368396759,1.08319711685181,0.906736195087433,1.03188705444336,0.956332981586456,1.08536171913147,0.922766029834747,1.04915404319763,0.954114735126495,1.08279478549957,0.906962692737579,1.01428174972534,0.947068989276886,1.0112
1.11229038238525,0.921429634094238,1.06293606758118,0.953200340270996,1.10563349723816,0.865289211273193,0.991474270820618,0.918056964874268,1.05301976203918,0.864055633544922,1.02431571483612,0.919063568115234,1.085972905159,0.876206398010254,1.01717901229858,0.930248737335205,1.10673689842224,0.860757350921631,1.02707839012146,0.916191577911377,1.10927224159241,0.875635147094727,1.04275965690613,0.91643762588501,1.10726356506348,0.863373279571533,1.00724601745605,0.914783477783203,1.002
1.11252331733704,0.918307244777679,1.05066454410553,0.95481151342392,1.09839797019958,0.818200528621674,0.983266711235046,0.915653645992279,1.03831779956818,0.82453864812851,1.01524996757507,0.919254243373871,1.07094049453735,0.839613854885101,1.0092568397522,0.930948197841644,1.09447121620178,0.827050626277924,1.01729464530945,0.917836129665375,1.09717035293579,0.838355481624603,1.03143227100372,0.923398911952972,1.10186839103699,0.814267098903656,1.00204968452454,0.914883077144623,0.99723
1.11597692966461,0.942328095436096,1.04101252555847,0.977126240730286,1.10517704486847,0.845638871192932,0.981486439704895,0.927540421485901,1.0412118434906,0.852929711341858,1.0112681388855,0.935712933540344,1.07478785514832,0.869093060493469,1.00518262386322,0.946247220039368,1.09966444969177,0.854053139686584,1.01532030105591,0.938884377479553,1.1025755405426,0.863716721534729,1.03115713596344,0.949904561042786,1.10926365852356,0.841153740882874,0.997356653213501,0.931616902351379,0.92969
1.10494661331177,0.959869086742401,1.02610015869141,0.987623870372772,1.06221461296082,0.844529330730438,0.978981375694275,0.926486194133759,0.997259140014648,0.855291068553925,1.00863993167877,0.936331927776337,1.02583849430084,0.872380435466766,1.00360155105591,0.944317519664764,1.05124425888062,0.860250651836395,1.0111471414566,0.942152678966522,1.05383336544037,0.866313636302948,1.02172708511353,0.950510680675507,1.06812226772308,0.838789641857147,0.994378745555878,0.927168071269989,0.85242
1.09899878501892,1.04952776432037,1.01230955123901,1.01357185840607,1.04548096656799,0.974160730838776,0.965256571769714,0.93450790643692,0.976571917533875,0.982793867588043,0.99710738658905,0.946653425693512,1.00233483314514,0.999256670475006,0.990879774093628,0.96051698923111,1.02893543243408,0.983504831790924,0.999751567840576,0.952897131443024,1.0316960811615,0.984865248203278,1.00648820400238,0.963964521884918,1.05331969261169,0.968434393405914,0.979393005371094,0.937842428684235,0.84312
1.09399771690369,1.01992535591125,1.00198650360107,0.9947669506073,1.03231799602509,0.94465708732605,0.949922204017639,0.911407232284546,0.967208504676819,0.952387571334839,0.983943521976471,0.921133279800415,0.992316484451294,0.967879056930542,0.977137207984924,0.928339719772339,1.01771652698517,0.953380823135376,0.985799491405487,0.933499574661255,1.02026009559631,0.953066110610962,0.990404725074768,0.942028284072876,1.03941035270691,0.939045667648315,0.9632728099823,0.907413244247437,0.80963
1.09148561954498,0.983283996582031,0.997508406639099,0.968448638916016,1.03266227245331,0.875018119812012,0.933303713798523,0.882763862609863,0.956403017044067,0.88818359375,0.971071779727936,0.892295837402344,0.980993390083313,0.904699325561523,0.96410608291626,0.899786472320557,1.00994026660919,0.894753932952881,0.969303011894226,0.903458595275879,1.01321601867676,0.893336772918701,0.975147128105164,0.90766429901123,1.04268836975098,0.86837100982666,0.950912356376648,0.879708290100098,0.7997
1.08963751792908,0.951915800571442,0.995730042457581,0.94244772195816,1.0346782207489,0.817364275455475,0.927014112472534,0.862812101840973,0.952128946781158,0.833924353122711,0.969422161579132,0.865957796573639,0.977081179618835,0.851557314395905,0.96146833896637,0.874784052371979,1.00806605815887,0.843290865421295,0.965789318084717,0.872789442539215,1.01178169250488,0.843609869480133,0.970801472663879,0.869538843631744,1.0461266040802,0.809869349002838,0.948008418083191,0.855311930179596,0.80934
1.08973062038422,0.935098648071289,0.996721625328064,0.945461750030518,1.04677581787109,0.799477100372314,0.930887818336487,0.853440761566162,0.951028108596802,0.815526485443115,0.979244887828827,0.858524322509766,0.976216077804565,0.831302642822266,0.969409823417664,0.86643648147583,1.01145720481873,0.826725006103516,0.968400835990906,0.86733865737915,1.01595544815063,0.826835155487061,0.972849488258362,0.869111061096191,1.06141757965088,0.792415618896484,0.960840106010437,0.846408843994141,0.85133
1.08789491653442,0.90449047088623,0.997401475906372,0.923408508300781,1.04451966285706,0.79401969909668,0.923237979412079,0.828325748443604,0.95414525270462,0.804093360900879,0.978391289710999,0.831456661224365,0.978757500648499,0.817285060882568,0.967858672142029,0.838712215423584,1.01205682754517,0.810825347900391,0.964298963546753,0.841304779052734,1.01636338233948,0.814824104309082,0.969545900821686,0.8426833152771,1.05808877944946,0.78851842880249,0.958335280418396,0.8207106590271,0.89331
1.08879041671753,0.906337916851044,0.997853517532349,0.91244238615036,1.04924142360687,0.819558322429657,0.925633907318115,0.831405341625214,0.962067544460297,0.824993312358856,0.983181059360504,0.832873046398163,0.987008690834045,0.836139857769012,0.972243368625641,0.839857280254364,1.01906788349152,0.827717483043671,0.966564774513245,0.838686168193817,1.02336776256561,0.835466086864471,0.972927093505859,0.837951838970184,1.06197416782379,0.815566718578339,0.963045001029968,0.821358382701874,0.93589
1.092036485672,0.941357314586639,0.999383091926575,0.934244334697723,1.05922496318817,0.860441386699677,0.931991696357727,0.868092238903046,0.972013711929321,0.865004241466522,0.991517007350922,0.869963824748993,0.996552705764771,0.875187575817108,0.980534553527832,0.879951655864716,1.02825152873993,0.868389308452606,0.973177433013916,0.873192489147186,1.03277945518494,0.877247035503387,0.977942049503326,0.875317275524139,1.07222819328308,0.856718719005585,0.972539305686951,0.861470401287079,0.92515
1.09713101387024,0.950193405151367,1.00279116630554,0.942838668823242,1.069500207901,0.848520278930664,0.948442697525024,0.888570785522461,0.988372385501862,0.857292652130127,1.00297212600708,0.889962673187256,1.01426863670349,0.868208408355713,0.993097364902496,0.900906085968018,1.04364013671875,0.865705013275146,0.985873281955719,0.891621589660645,1.0482063293457,0.874735832214355,0.99053966999054,0.897274971008301,1.08065390586853,0.844033718109131,0.986391305923462,0.885709762573242,0.92505
1.10573542118073,0.980992913246155,1.00802981853485,0.960046410560608,1.08271086215973,0.879108071327209,0.966679096221924,0.891247868537903,1.00852394104004,0.889325737953186,1.0171617269516,0.895093560218811,1.03564715385437,0.900123238563538,1.00806856155396,0.905776619911194,1.0622866153717,0.900208115577698,1.00057113170624,0.899038434028625,1.06691777706146,0.909291386604309,1.00575828552246,0.910147786140442,1.09189033508301,0.874436974525452,1.00265336036682,0.889723420143127,0.94735
