small_1,small_de_2,all_3,all_de_4,small_5,small_de_6,all_7,all_de_8,small_9,small_de_10,all_11,all_de_12,small_13,small_de_14,all_15,all_de_16,small_17,small_de_18,all_19,all_de_20,small_21,small_de_22,all_23,all_de_24,small_25,small_de_26,all_27,all_de_28,original
1.02088344097137,1.02349650859833,0.922944843769073,0.996393144130707,0.995075821876526,1.02356135845184,0.905797302722931,0.996529936790466,0.978479504585266,0.972606122493744,0.931411027908325,0.977085888385773,0.997940897941589,0.972308337688446,0.942031562328339,0.990053057670593,1.00021743774414,0.972306847572327,0.969604849815369,0.972306847572327,1.00736260414124,0.972306728363037,0.971910536289215,0.972306847572327,1.00433933734894,1.02346873283386,0.915028214454651,0.998029887676239,0.97199
1.06042683124542,1.07047867774963,0.941997230052948,1.0038229227066,1.03643620014191,1.07054054737091,0.928423702716827,1.00391018390656,1.02076649665833,0.980460286140442,0.949350237846375,0.990297555923462,1.04002904891968,0.980150997638702,0.95813512802124,0.998721420764923,1.04241120815277,0.979921102523804,0.98315441608429,0.979921102523804,1.04888486862183,0.979920983314514,0.985258102416992,0.979921102523804,1.04476654529572,1.07045340538025,0.935971617698669,1.00402557849884,1.004
1.05086946487427,1.05614233016968,0.961680889129639,1.00127410888672,1.02784883975983,1.05620586872101,0.95005601644516,1.00164997577667,1.01140344142914,0.986950755119324,0.967274129390717,1.00626754760742,1.03046548366547,0.986662268638611,0.975277245044708,1.0085631608963,1.03174138069153,0.986563622951508,0.996119558811188,0.986563622951508,1.03849947452545,0.986563563346863,0.999694347381592,0.986563622951508,1.03593504428864,1.0561192035675,0.954892456531525,0.999669671058655,0.96271
1.04394507408142,1.04436409473419,0.971024334430695,1.01765072345734,1.02348577976227,1.04442775249481,0.957100570201874,1.01749539375305,1.00732028484344,0.99579131603241,0.983222603797913,1.02803981304169,1.02507472038269,0.995529592037201,0.988812625408173,1.02785408496857,1.02517151832581,0.995542585849762,1.01247000694275,0.995542645454407,1.0317257642746,0.995542526245117,1.01629567146301,0.995542526245117,1.03072476387024,1.04434418678284,0.96309632062912,1.01570510864258,0.9501
1.04382705688477,1.0349258184433,0.970062971115112,1.02211046218872,1.02229821681976,1.03499042987823,0.955184936523438,1.02228593826294,1.00562739372253,0.999351263046265,0.988374054431915,1.02665674686432,1.02402448654175,0.999084949493408,0.990465342998505,1.02938771247864,1.02431833744049,0.999174356460571,1.01519191265106,0.999174416065216,1.03112864494324,0.999174296855927,1.019486784935,0.999174296855927,1.02992725372314,1.03490400314331,0.961125373840332,1.02169370651245,0.90774
1.05462408065796,1.05414664745331,0.956890940666199,1.02824461460114,1.03089725971222,1.05421185493469,0.94190901517868,1.02839779853821,1.01357817649841,1.01679980754852,0.983312845230103,1.02862763404846,1.03335499763489,1.01650333404541,0.979177057743073,1.03334808349609,1.0344260931015,1.01659119129181,1.00563776493073,1.01659107208252,1.04155874252319,1.01659107208252,1.01035475730896,1.01659107208252,1.03923940658569,1.05412209033966,0.946409583091736,1.02769112586975,0.94777
1.02904117107391,1.04452109336853,0.938511490821838,1.02172553539276,1.01004099845886,1.04458570480347,0.926348090171814,1.02189362049103,0.994571447372437,1.0323885679245,0.973154902458191,1.02610015869141,1.01086616516113,1.03213906288147,0.961621761322021,1.02956068515778,1.01051414012909,1.03235113620758,0.986832439899445,1.03235113620758,1.01687479019165,1.03235113620758,0.994291186332703,1.03235113620758,1.01686811447144,1.04450047016144,0.926518023014069,1.0214616060257,0.94863
1.03280067443848,1.05387306213379,0.923506617546082,1.02018761634827,1.00964260101318,1.05393826961517,0.90951669216156,1.02070391178131,0.993315517902374,1.03692042827606,0.962771117687225,1.02151703834534,1.01166164875031,1.03662538528442,0.947744369506836,1.02727460861206,1.01286351680756,1.03682112693787,0.974199175834656,1.03682112693787,1.01977908611298,1.03682100772858,0.982402920722961,1.03682112693787,1.01791787147522,1.05384755134583,0.909941256046295,1.01969051361084,0.93333
1.02716457843781,1.04023373126984,0.907456755638123,1.00774204730988,1.00477492809296,1.04029726982117,0.89338219165802,1.00794148445129,0.989639580249786,1.03064167499542,0.951142847537994,1.00894856452942,1.0068416595459,1.03033685684204,0.933282613754272,1.01368117332458,1.00838184356689,1.03054225444794,0.963081121444702,1.03054213523865,1.01487946510315,1.03054201602936,0.971004962921143,1.03054225444794,1.01279044151306,1.04020488262177,0.89313006401062,1.00701475143433,0.91381
1.01656782627106,1.01360929012299,0.897262215614319,0.984662234783173,0.994175553321838,1.013671875,0.88442450761795,0.985015094280243,0.979425191879272,1.01030457019806,0.937371134757996,0.983243048191071,0.996115803718567,1.00998950004578,0.921848833560944,0.989477634429932,0.997799396514893,1.01021897792816,0.950546622276306,1.01021897792816,1.00423407554626,1.01021885871887,0.959794759750366,1.01021897792816,1.00225627422333,1.0135794878006,0.883235156536102,0.984605133533478,0.91717
0.997875809669495,0.981749355792999,0.885980486869812,0.960422813892365,0.97418475151062,0.981813669204712,0.872048735618591,0.960916757583618,0.958711624145508,0.991220057010651,0.919620752334595,0.960706114768982,0.975793838500977,0.99091112613678,0.909421920776367,0.967245519161224,0.977456390857697,0.991218328475952,0.940244019031525,0.991218268871307,0.98434442281723,0.991218090057373,0.948619484901428,0.991218268871307,0.982869982719421,0.981717765331268,0.872390031814575,0.959728360176086,0.91548
0.985597848892212,0.959928214550018,0.882458865642548,0.943965375423431,0.965174794197083,0.95999014377594,0.868925511837006,0.944078028202057,0.951352715492249,0.972075819969177,0.906628489494324,0.939059555530548,0.965997815132141,0.971770405769348,0.903465986251831,0.948289096355438,0.966985285282135,0.972076177597046,0.933419227600098,0.972076117992401,0.973160982131958,0.972075998783112,0.939915418624878,0.972076117992401,0.972760140895844,0.959899544715881,0.86990362405777,0.943565487861633,0.93449
0.973689317703247,0.955896258354187,0.877099394798279,0.939854681491852,0.954544842243195,0.955956399440765,0.862954258918762,0.940193891525269,0.94212543964386,0.962163925170898,0.893558144569397,0.927979052066803,0.955259680747986,0.961833357810974,0.896005570888519,0.941242814064026,0.956418514251709,0.962096512317657,0.925567805767059,0.962096512317657,0.962074160575867,0.962096393108368,0.931124091148376,0.962096452713013,0.961722731590271,0.955867111682892,0.865030169487,0.939864456653595,0.89209
0.956389725208282,0.946154952049255,0.864898204803467,0.926997423171997,0.937418818473816,0.946213960647583,0.850173234939575,0.92730849981308,0.92607307434082,0.953544318675995,0.878027260303497,0.916863024234772,0.938178777694702,0.953199863433838,0.883084058761597,0.92943263053894,0.939795315265656,0.953459024429321,0.913544595241547,0.953458964824677,0.945137917995453,0.953458845615387,0.918869376182556,0.953458964824677,0.944618225097656,0.946124792098999,0.852897763252258,0.925974428653717,0.87281
0.937230408191681,0.941435813903809,0.854112386703491,0.924930512905121,0.917581260204315,0.941494107246399,0.839295923709869,0.925306618213654,0.90720522403717,0.950090289115906,0.864722192287445,0.914242744445801,0.91863477230072,0.949734628200531,0.871850848197937,0.926585912704468,0.921053767204285,0.949982941150665,0.902666926383972,0.949982881546021,0.92617392539978,0.949982762336731,0.907710373401642,0.949982941150665,0.925111949443817,0.941402196884155,0.842553377151489,0.924086272716522,0.85419
0.900789141654968,0.928252220153809,0.84102874994278,0.922411739826202,0.881804764270782,0.9283087849617,0.826151251792908,0.922694623470306,0.873175442218781,0.942933142185211,0.84722888469696,0.910478234291077,0.882631301879883,0.942581474781036,0.85848069190979,0.923721671104431,0.88552463054657,0.942834734916687,0.889761865139008,0.942834675312042,0.890144348144531,0.942834496498108,0.895019054412842,0.942834734916687,0.889291405677795,0.928217113018036,0.830596685409546,0.921774864196777,0.84378
0.887619733810425,0.913998425006866,0.829414010047913,0.917613744735718,0.867463767528534,0.914056360721588,0.814249098300934,0.91801244020462,0.859006524085999,0.934099912643433,0.832061648368835,0.906448602676392,0.86855286359787,0.933798849582672,0.846553683280945,0.91992199420929,0.872027575969696,0.934054374694824,0.879101455211639,0.934054374694824,0.87670636177063,0.9340540766716,0.882748007774353,0.934054374694824,0.875436544418335,0.913959264755249,0.819179058074951,0.917039573192596,0.84583
0.874792695045471,0.891340911388397,0.815228343009949,0.903574109077454,0.855400741100311,0.891398549079895,0.800025820732117,0.903978228569031,0.847750425338745,0.927285373210907,0.819724559783936,0.897741615772247,0.856305837631226,0.92699533700943,0.83210563659668,0.908513367176056,0.859809160232544,0.927320837974548,0.865975260734558,0.927320778369904,0.864209055900574,0.927320539951324,0.867818713188171,0.927320778369904,0.863167643547058,0.891300141811371,0.803986787796021,0.902454316616058,0.83857
0.873130023479462,0.88116866350174,0.807476758956909,0.891732275485992,0.857859432697296,0.881225407123566,0.794787168502808,0.891799807548523,0.851511240005493,0.925334393978119,0.815548062324524,0.888832628726959,0.857802748680115,0.925077736377716,0.823056936264038,0.896212995052338,0.860082566738129,0.925438702106476,0.853997230529785,0.925438642501831,0.863769948482513,0.925438463687897,0.856606245040894,0.925438582897186,0.864165127277374,0.881132066249847,0.796152412891388,0.891299545764923,0.83939
0.877590894699097,0.867830157279968,0.813090205192566,0.88596510887146,0.868559122085571,0.867886185646057,0.802719593048096,0.886254906654358,0.862647652626038,0.927252471446991,0.820878624916077,0.882858455181122,0.866435050964355,0.927046954631805,0.826381623744965,0.891457736492157,0.865900158882141,0.927497625350952,0.853821277618408,0.927497684955597,0.869049429893494,0.927497565746307,0.855982303619385,0.927497506141663,0.872659862041473,0.86780309677124,0.800716042518616,0.885578691959381,0.83308
0.88469660282135,0.860985636711121,0.82830798625946,0.886063039302826,0.876591324806213,0.861042022705078,0.817558825016022,0.886430442333221,0.869992733001709,0.932668268680573,0.834338188171387,0.878659725189209,0.873967051506042,0.93248575925827,0.837823867797852,0.890837430953979,0.872577905654907,0.933008313179016,0.861160576343536,0.933008372783661,0.875883817672729,0.933008313179016,0.862155377864838,0.933008193969727,0.880344688892365,0.86096179485321,0.815474927425385,0.884924411773682,0.85284
0.88893061876297,0.856096684932709,0.848423600196838,0.889572143554688,0.882542729377747,0.856152713298798,0.839259684085846,0.889666080474854,0.875895142555237,0.941631138324738,0.853914141654968,0.877873837947845,0.879340410232544,0.941470503807068,0.855151534080505,0.891916573047638,0.877093553543091,0.942066192626953,0.873468637466431,0.942066133022308,0.880296945571899,0.942066252231598,0.874562859535217,0.942066073417664,0.885674178600311,0.856075882911682,0.836765646934509,0.888451933860779,0.86536
0.884422779083252,0.848094582557678,0.8671835064888,0.888812720775604,0.879788756370544,0.848151326179504,0.860481262207031,0.889096081256866,0.872928321361542,0.95148366689682,0.868245840072632,0.873794317245483,0.875700712203979,0.951342940330505,0.870102047920227,0.889579951763153,0.872379004955292,0.952041208744049,0.881661772727966,0.952041029930115,0.875588178634644,0.952041268348694,0.883124172687531,0.95204108953476,0.882351517677307,0.848075687885284,0.856352210044861,0.888494431972504,0.88501
0.93148934841156,0.908919095993042,0.883749723434448,0.912753820419312,0.917096734046936,0.908977508544922,0.873960494995117,0.91309666633606,0.90718686580658,0.959751665592194,0.882523536682129,0.886448204517365,0.916494131088257,0.959528684616089,0.886737287044525,0.905341506004333,0.916550636291504,0.959961891174316,0.898301184177399,0.959961593151093,0.92114245891571,0.959961771965027,0.898693323135376,0.959961831569672,0.922810316085815,0.908890426158905,0.874370098114014,0.912963688373566,0.89598
