small_1,small_de_2,all_3,all_de_4,small_5,small_de_6,all_7,all_de_8,small_9,small_de_10,all_11,all_de_12,small_13,small_de_14,all_15,all_de_16,small_17,small_de_18,all_19,all_de_20,small_21,small_de_22,all_23,all_de_24,small_25,small_de_26,all_27,all_de_28,original
1.01142907142639,0.989620089530945,0.927337884902954,0.931977927684784,1.01356446743011,0.989323198795319,0.92780590057373,0.892976820468903,1.01467227935791,0.992593288421631,0.945213079452515,0.935994386672974,1.01870846748352,0.991440713405609,0.943814516067505,0.911311209201813,1.01705706119537,0.953541159629822,0.926063716411591,0.959796369075775,1.02008557319641,0.953707337379456,0.925661742687225,0.953394711017609,1.01190137863159,0.989390850067139,0.924393117427826,0.919725358486176,0.87288
1.0193053483963,0.992317378520966,0.923876404762268,0.928310751914978,1.02081942558289,0.992167115211487,0.92496383190155,0.887799799442291,1.02146005630493,0.993617057800293,0.942844152450562,0.931963443756104,1.02568745613098,0.993245244026184,0.941350102424622,0.907608270645142,1.0235857963562,0.948253750801086,0.922828257083893,0.954615712165833,1.02657675743103,0.948428094387054,0.922681331634521,0.94811087846756,1.01956522464752,0.99221259355545,0.920411765575409,0.91541463136673,0.88904
1.01701748371124,0.990680336952209,0.92157369852066,0.927485764026642,1.01808905601501,0.990291059017181,0.922714829444885,0.887485086917877,1.0177845954895,0.98998486995697,0.939568042755127,0.931569933891296,1.02208173274994,0.990328967571259,0.938741445541382,0.907390236854553,1.01918065547943,0.945744156837463,0.920853674411774,0.952044308185577,1.02144253253937,0.945919036865234,0.920413374900818,0.94560319185257,1.01734983921051,0.990635931491852,0.917883217334747,0.915178179740906,0.89464
1.01800990104675,0.991485834121704,0.917302012443542,0.926294922828674,1.0185079574585,0.991027414798737,0.919345259666443,0.885615766048431,1.01748442649841,0.989254236221313,0.93607234954834,0.931228995323181,1.0218517780304,0.990221917629242,0.935843765735626,0.906313478946686,1.01824128627777,0.94500994682312,0.916881740093231,0.951322913169861,1.01983904838562,0.945186853408813,0.916995823383331,0.944870233535767,1.01830434799194,0.99147367477417,0.914486825466156,0.913863182067871,0.8965
1.03899788856506,1.00300204753876,0.919154584407806,0.929961442947388,1.03958427906036,1.00297367572784,0.92136287689209,0.886588096618652,1.03938412666321,1.00146389007568,0.939260601997375,0.934607267379761,1.04301357269287,1.00226151943207,0.939565718173981,0.909444332122803,1.04082500934601,0.945941746234894,0.918952524662018,0.952519714832306,1.04325985908508,0.946126461029053,0.918964624404907,0.945804715156555,1.03898513317108,1.00314843654633,0.915872633457184,0.917117178440094,0.89775
1.025470495224,0.996257185935974,0.923739969730377,0.935480177402496,1.02796864509583,0.99628746509552,0.924942255020142,0.892493963241577,1.02963864803314,0.999814689159393,0.944101929664612,0.940438807010651,1.03337979316711,0.998531579971313,0.944107532501221,0.914131879806519,1.03286254405975,0.950697958469391,0.923718869686127,0.957427740097046,1.03715193271637,0.95087194442749,0.924255013465881,0.950557172298431,1.02576267719269,0.996178805828094,0.921118557453156,0.92319518327713,0.92075
1.04000508785248,1.01557326316833,0.944437861442566,0.956742882728577,1.04156231880188,1.0158087015152,0.944791078567505,0.917750895023346,1.04270648956299,1.01805257797241,0.963672757148743,0.962606012821198,1.04589986801147,1.01729500293732,0.963517725467682,0.937975823879242,1.04517602920532,0.964018762111664,0.942193210124969,0.971797227859497,1.04854035377502,0.964198231697083,0.943339645862579,0.963880479335785,1.0400493144989,1.01557075977325,0.942246794700623,0.945423722267151,0.95681
1.04449725151062,1.03149199485779,0.998056471347809,1.00908827781677,1.04664707183838,1.03199398517609,0.997280061244965,0.986596822738647,1.04860424995422,1.03781867027283,1.00816369056702,1.01217603683472,1.05081343650818,1.03565108776093,1.00691032409668,0.997338175773621,1.05139863491058,0.986668169498444,0.996590793132782,0.996205627918243,1.05471885204315,0.986843407154083,0.996345520019531,0.986544907093048,1.04463720321655,1.03129422664642,0.996299922466278,1.00263285636902,0.99224
1.06039869785309,1.05446302890778,1.04631805419922,1.05569624900818,1.06227087974548,1.05505895614624,1.04653513431549,1.04510426521301,1.06410241127014,1.06123983860016,1.05282545089722,1.05793571472168,1.06482315063477,1.05895829200745,1.04962587356567,1.05009067058563,1.06629705429077,1.00955641269684,1.04698872566223,1.02088391780853,1.06856620311737,1.00973272323608,1.04770529270172,1.00944399833679,1.06050205230713,1.05424177646637,1.04732275009155,1.05219876766205,1.0302
1.11180925369263,1.09951746463776,1.10394906997681,1.10937452316284,1.11138582229614,1.09917509555817,1.10477125644684,1.1137421131134,1.1099796295166,1.0962632894516,1.10334467887878,1.10937595367432,1.10487222671509,1.0970504283905,1.09912347793579,1.11142003536224,1.10748553276062,1.03695785999298,1.10665833950043,1.04986774921417,1.10304069519043,1.03713059425354,1.10708618164062,1.03685033321381,1.11209487915039,1.09997034072876,1.10543191432953,1.11019849777222,1.0724
1.10047268867493,1.09537827968597,1.14498889446259,1.13771188259125,1.10109949111938,1.09571695327759,1.14632034301758,1.14973497390747,1.10187959671021,1.09940803050995,1.14256358146667,1.13672602176666,1.09823894500732,1.09784495830536,1.13740181922913,1.14279913902283,1.10148024559021,1.04680013656616,1.15061688423157,1.06082272529602,1.0995272397995,1.04697096347809,1.15044891834259,1.04670786857605,1.10058343410492,1.09533786773682,1.1482720375061,1.14100778102875,1.1502
1.05270385742188,1.0807204246521,1.16476118564606,1.15422558784485,1.05412328243256,1.08179545402527,1.16479980945587,1.17574059963226,1.05671489238739,1.09226584434509,1.15933501720428,1.15301275253296,1.05835819244385,1.08873009681702,1.1559898853302,1.16369831562042,1.05906844139099,1.05591690540314,1.1696275472641,1.070427775383,1.0612325668335,1.05608999729156,1.16976487636566,1.05583441257477,1.05257320404053,1.07985508441925,1.16809368133545,1.15968060493469,1.2565
1.04609966278076,1.08389127254486,1.16964423656464,1.15508282184601,1.04630899429321,1.08450651168823,1.17079854011536,1.1825258731842,1.04732167720795,1.09070432186127,1.16166603565216,1.15424466133118,1.04937827587128,1.08890223503113,1.15902304649353,1.1690559387207,1.04814207553864,1.05862820148468,1.17545652389526,1.07293772697449,1.04855561256409,1.05880105495453,1.17428457736969,1.05854058265686,1.04598999023438,1.08310484886169,1.17429506778717,1.16240954399109,1.2322
1.0692183971405,1.10579204559326,1.16449511051178,1.15605807304382,1.06646430492401,1.10590553283691,1.16710793972015,1.18493115901947,1.06457495689392,1.10195863246918,1.15348327159882,1.15399670600891,1.06571102142334,1.10399281978607,1.1505115032196,1.17157137393951,1.06224644184113,1.05893123149872,1.17068088054657,1.07292759418488,1.05899941921234,1.0591139793396,1.16902887821198,1.05884075164795,1.06872856616974,1.10558640956879,1.16915857791901,1.16395032405853,1.2086
1.07112050056458,1.10902523994446,1.14391040802002,1.1453902721405,1.06861782073975,1.10900592803955,1.14762961864471,1.16723144054413,1.06722605228424,1.10348975658417,1.13350892066956,1.14295017719269,1.06856894493103,1.10595870018005,1.1318291425705,1.15764331817627,1.06547522544861,1.05451309680939,1.15143430233002,1.06758964061737,1.06300604343414,1.05469655990601,1.15082728862762,1.05442202091217,1.07054424285889,1.10905623435974,1.14897799491882,1.1524715423584,1.185
1.05857241153717,1.0971292257309,1.12242436408997,1.13001525402069,1.05787134170532,1.09740447998047,1.12668144702911,1.14444053173065,1.05888366699219,1.09613084793091,1.11790323257446,1.12916994094849,1.06147909164429,1.09685277938843,1.11766815185547,1.1388646364212,1.05974984169006,1.04596388339996,1.13047480583191,1.0588858127594,1.06050360202789,1.04614424705505,1.13137090206146,1.04586887359619,1.05799460411072,1.09705877304077,1.12912535667419,1.13520276546478,1.1626
1.06821393966675,1.09636986255646,1.10724461078644,1.1153621673584,1.06791174411774,1.09703159332275,1.10980081558228,1.123006939888,1.06979811191559,1.09685385227203,1.10631048679352,1.11633634567261,1.0723705291748,1.09710955619812,1.10721218585968,1.12147927284241,1.07164096832275,1.03761970996857,1.1122989654541,1.0506454706192,1.07370328903198,1.03780651092529,1.11285150051117,1.03752195835114,1.06744170188904,1.09639871120453,1.11255848407745,1.11852550506592,1.1415
1.06661307811737,1.09066808223724,1.09611868858337,1.10469663143158,1.06731629371643,1.09145843982697,1.09751582145691,1.10608792304993,1.07002735137939,1.09361243247986,1.0980179309845,1.1070636510849,1.07256162166595,1.09287977218628,1.09826815128326,1.1069483757019,1.07290303707123,1.0316915512085,1.09906315803528,1.04460465908051,1.07625579833984,1.03187763690948,1.09917545318604,1.03159427642822,1.06595361232758,1.09070408344269,1.09992957115173,1.10601222515106,1.1197
1.0773332118988,1.09568309783936,1.08738374710083,1.09872126579285,1.07733702659607,1.09670519828796,1.08887135982513,1.09450244903564,1.07961678504944,1.09721124172211,1.09360897541046,1.10272347927094,1.08196258544922,1.09715723991394,1.09342193603516,1.09755504131317,1.08205115795135,1.02858150005341,1.08829605579376,1.04167020320892,1.08499026298523,1.02877497673035,1.08915901184082,1.02848720550537,1.07645976543427,1.09583377838135,1.09007716178894,1.09749329090118,1.0973
1.12046456336975,1.11349582672119,1.07216417789459,1.08326315879822,1.11932182312012,1.11519587039948,1.07397103309631,1.06546974182129,1.12139415740967,1.11221444606781,1.08655619621277,1.08914577960968,1.12273693084717,1.11352932453156,1.08669221401215,1.07691884040833,1.12380743026733,1.01765084266663,1.07154321670532,1.0306795835495,1.12719893455505,1.01786839962006,1.07189393043518,1.01756680011749,1.11888313293457,1.11412906646729,1.07127380371094,1.07852447032928,1.0482
1.12973952293396,1.10742688179016,1.0524377822876,1.06469440460205,1.12994146347046,1.10939383506775,1.05515468120575,1.0332338809967,1.1333931684494,1.10903632640839,1.07798624038696,1.07388198375702,1.13454461097717,1.10923159122467,1.07854878902435,1.05039930343628,1.13762485980988,1.00499618053436,1.05151104927063,1.01786029338837,1.1434633731842,1.00521838665009,1.05273067951202,1.00491809844971,1.12811303138733,1.10818898677826,1.05013310909271,1.05604076385498,0.98541
1.11880767345428,1.08476793766022,1.03067302703857,1.04054057598114,1.12256741523743,1.08701407909393,1.03298246860504,1.00124216079712,1.12945580482483,1.09491300582886,1.06729936599731,1.05257177352905,1.13088917732239,1.09169745445251,1.06859242916107,1.01924777030945,1.13757610321045,0.990327179431915,1.02701187133789,1.00342893600464,1.14808964729309,0.990541517734528,1.0301376581192,0.990242898464203,1.11751842498779,1.08537316322327,1.02904748916626,1.02851903438568,0.92137
1.12177991867065,1.07687318325043,1.02180874347687,1.02110803127289,1.12508702278137,1.07896184921265,1.02055382728577,0.980906307697296,1.1309986114502,1.08432924747467,1.06096243858337,1.03435957431793,1.13245463371277,1.08214282989502,1.06314563751221,0.996693968772888,1.13853979110718,0.976003885269165,1.0103075504303,0.989455759525299,1.14866626262665,0.976223707199097,1.01300954818726,0.975914001464844,1.12049090862274,1.07764196395874,1.0157026052475,1.00658643245697,0.89277
1.13378286361694,1.07169389724731,1.01083636283875,1.00374805927277,1.14028000831604,1.07432508468628,1.0086475610733,0.951226770877838,1.14960241317749,1.08612704277039,1.05632281303406,1.01728010177612,1.15079212188721,1.08122527599335,1.05686831474304,0.973077356815338,1.16124224662781,0.962729692459106,0.9974005818367,0.976079225540161,1.1766197681427,0.962954461574554,0.998806834220886,0.962645411491394,1.132493019104,1.07260990142822,1.00240230560303,0.986260890960693,0.88034
