small_1,small_de_2,all_3,all_de_4,small_5,small_de_6,all_7,all_de_8,small_9,small_de_10,all_11,all_de_12,small_13,small_de_14,all_15,all_de_16,small_17,small_de_18,all_19,all_de_20,small_21,small_de_22,all_23,all_de_24,small_25,small_de_26,all_27,all_de_28,original
0.740135788917542,0.836236178874969,0.615846931934357,0.774022400379181,1.01061010360718,0.989479124546051,0.918126940727234,0.91127222776413,1.01715040206909,0.991104602813721,0.919530749320984,0.902936577796936,1.01694250106812,0.992076337337494,0.932801067829132,0.909805595874786,1.02035689353943,0.953472793102264,0.929531395435333,0.954213201999664,1.01995527744293,0.958891808986664,0.921340942382812,0.940406084060669,1.01211500167847,0.989322364330292,0.905352771282196,0.899201154708862,0.87288
0.838736414909363,0.874981999397278,0.756076335906982,0.829225182533264,1.0187931060791,0.992181777954102,0.914009213447571,0.907112181186676,1.02450013160706,0.99306720495224,0.915428459644318,0.898982763290405,1.02421450614929,0.993573844432831,0.928976356983185,0.90572851896286,1.02754247188568,0.948188602924347,0.926204860210419,0.948932290077209,1.02697646617889,0.953733623027802,0.918816804885864,0.936552405357361,1.01988327503204,0.99205207824707,0.90087878704071,0.893143355846405,0.88904
0.903255105018616,0.906226694583893,0.839166522026062,0.867207825183868,1.01702165603638,0.990841269493103,0.912449240684509,0.907293558120728,1.02073907852173,0.990188181400299,0.913697242736816,0.898944735527039,1.02049827575684,0.990387737751007,0.926837563514709,0.906246483325958,1.02290391921997,0.9456787109375,0.923436403274536,0.946464776992798,1.02205216884613,0.951204359531403,0.915609240531921,0.935551583766937,1.01762723922729,0.990949332714081,0.898361504077911,0.894322872161865,0.89464
0.945535659790039,0.93130499124527,0.887813925743103,0.893006503582001,1.01853609085083,0.991807997226715,0.909136831760406,0.905927777290344,1.02048921585083,0.990156888961792,0.910410583019257,0.897388160228729,1.02027034759521,0.990010321140289,0.923401176929474,0.905242681503296,1.02179718017578,0.944945514202118,0.91964590549469,0.945727586746216,1.02069902420044,0.950469434261322,0.912365317344666,0.935190200805664,1.01854610443115,0.992050170898438,0.895297646522522,0.892167866230011,0.8965
0.980781435966492,0.954039216041565,0.919183850288391,0.912123441696167,1.03880786895752,1.0029764175415,0.910560369491577,0.909122049808502,1.04256677627563,1.0023010969162,0.911563217639923,0.900228261947632,1.04222905635834,1.00213217735291,0.925341904163361,0.90732342004776,1.04501104354858,0.945880830287933,0.920587003231049,0.946611106395721,1.04433965682983,0.951623558998108,0.914317429065704,0.939116716384888,1.03943705558777,1.00296175479889,0.896022975444794,0.89354807138443,0.89775
1.00044023990631,0.972817420959473,0.940258383750916,0.928491115570068,1.02385401725769,0.995818734169006,0.91597306728363,0.914319336414337,1.03256821632385,0.998264670372009,0.916673004627228,0.905450582504272,1.03221106529236,0.999284625053406,0.930706918239594,0.912693738937378,1.03740572929382,0.950632095336914,0.925359487533569,0.951447725296021,1.03733706474304,0.956256031990051,0.918245494365692,0.943744599819183,1.02625823020935,0.995445847511292,0.901532053947449,0.900623202323914,0.92075
1.01903390884399,0.997860729694366,0.961077094078064,0.951989829540253,1.03888297080994,1.01509344577789,0.936155021190643,0.937086462974548,1.04553329944611,1.01717734336853,0.936497926712036,0.928669095039368,1.04518699645996,1.01777958869934,0.950488567352295,0.935632646083832,1.04925775527954,0.963956236839294,0.944905519485474,0.964848458766937,1.0490825176239,0.969667315483093,0.939772725105286,0.966968715190887,1.04052579402924,1.01470243930817,0.924501419067383,0.922992944717407,0.95681
1.03441512584686,1.02759253978729,0.989438056945801,0.989483118057251,1.04278016090393,1.03055810928345,0.992339313030243,0.99772185087204,1.05049777030945,1.03539144992828,0.992880523204803,0.992551743984222,1.05023288726807,1.03669250011444,1.00066757202148,0.995376825332642,1.05444884300232,0.986604154109955,0.997635900974274,0.987882077693939,1.05468595027924,0.992260456085205,0.994188368320465,1.01403772830963,1.04503679275513,1.02979469299316,0.986758708953857,0.991362810134888,0.99224
1.05201423168182,1.05576241016388,1.02268373966217,1.02969634532928,1.05862641334534,1.05342960357666,1.0443948507309,1.04943943023682,1.06488680839539,1.05870580673218,1.0450679063797,1.04711031913757,1.06473016738892,1.06004345417023,1.04810833930969,1.04895162582397,1.06791150569916,1.00949275493622,1.0480432510376,1.0112087726593,1.06836652755737,1.01516091823578,1.04754269123077,1.0584043264389,1.06082248687744,1.05259025096893,1.04386448860168,1.04574513435364,1.0302
1.08666801452637,1.09280133247375,1.062624335289,1.07781267166138,1.11142182350159,1.09998023509979,1.10472214221954,1.11058866977692,1.10569357872009,1.09708023071289,1.10651099681854,1.11182224750519,1.1061749458313,1.09676170349121,1.10430979728699,1.11018049716949,1.10202312469482,1.03689646720886,1.10694241523743,1.0389256477356,1.10250210762024,1.04265713691711,1.10779714584351,1.10807037353516,1.11186301708221,1.10031247138977,1.11091303825378,1.11356639862061,1.0724
1.10373282432556,1.10555219650269,1.100377202034,1.10683500766754,1.09919238090515,1.09482073783875,1.14938700199127,1.14313983917236,1.09898781776428,1.09767925739288,1.15105509757996,1.14565217494965,1.0992636680603,1.09849679470062,1.14637422561646,1.14312016963959,1.09789669513702,1.04673743247986,1.15051758289337,1.04910027980804,1.09872102737427,1.05238556861877,1.15136969089508,1.13331842422485,1.10048413276672,1.0943409204483,1.15541076660156,1.14809882640839,1.1502
1.0937796831131,1.1093453168869,1.12474477291107,1.12870895862579,1.0514657497406,1.07902419567108,1.17062795162201,1.16375005245209,1.05810856819153,1.08839428424835,1.17130136489868,1.16795885562897,1.05793702602386,1.09018921852112,1.16619050502777,1.16527843475342,1.06054782867432,1.05585265159607,1.16993451118469,1.05838096141815,1.06086683273315,1.06122827529907,1.17045855522156,1.14899015426636,1.05270910263062,1.07765686511993,1.17630743980408,1.17008090019226,1.2565
1.08618092536926,1.10847067832947,1.13698577880859,1.13801848888397,1.046222448349,1.08287906646729,1.17729699611664,1.16832458972931,1.04868614673615,1.08870899677277,1.17816340923309,1.1734573841095,1.04861903190613,1.08959412574768,1.1704021692276,1.1697244644165,1.04882287979126,1.05856454372406,1.17346453666687,1.06104421615601,1.04850518703461,1.06384527683258,1.17584836483002,1.15096890926361,1.04592609405518,1.08205580711365,1.18526065349579,1.17769777774811,1.2322
1.08741939067841,1.11145198345184,1.1399519443512,1.14366006851196,1.07158970832825,1.10597515106201,1.17334830760956,1.17078685760498,1.06548118591309,1.10429406166077,1.17394244670868,1.17702376842499,1.06555831432343,1.1029965877533,1.16270971298218,1.17201542854309,1.06114625930786,1.05887460708618,1.16721343994141,1.06130945682526,1.05999171733856,1.06432962417603,1.17283010482788,1.15143501758575,1.06845724582672,1.10612559318542,1.18361937999725,1.1805282831192,1.2086
1.08758926391602,1.11123669147491,1.13497126102448,1.14205038547516,1.07314252853394,1.10943591594696,1.1546618938446,1.15789902210236,1.06853687763214,1.10630631446838,1.15535235404968,1.16222822666168,1.06853353977203,1.10480451583862,1.1437269449234,1.15870690345764,1.06508612632751,1.0544570684433,1.14788520336151,1.05681204795837,1.06406664848328,1.06001973152161,1.15243422985077,1.13957583904266,1.07037758827209,1.10976624488831,1.16299784183502,1.16497015953064,1.185
1.08305668830872,1.1051698923111,1.12744295597076,1.13407480716705,1.05905425548553,1.09698855876923,1.1340616941452,1.13858187198639,1.06141567230225,1.09701013565063,1.13400137424469,1.14166724681854,1.06118667125702,1.0964697599411,1.1258544921875,1.14039409160614,1.06163120269775,1.04590582847595,1.12730145454407,1.04822468757629,1.06117033958435,1.05150175094604,1.13117051124573,1.12585198879242,1.05807709693909,1.09687077999115,1.13924849033356,1.14148688316345,1.1626
1.08359754085541,1.1003166437149,1.11918163299561,1.1241809129715,1.06796503067017,1.0958331823349,1.1155024766922,1.12065529823303,1.07287907600403,1.09730303287506,1.11451768875122,1.12206172943115,1.07250690460205,1.09696686267853,1.11099910736084,1.12204492092133,1.07467365264893,1.03756392002106,1.10916137695312,1.0397322177887,1.07453811168671,1.04334390163422,1.11275827884674,1.11516654491425,1.06774234771729,1.09541702270508,1.11849665641785,1.12027955055237,1.1415
1.08330094814301,1.09720885753632,1.11147105693817,1.11529266834259,1.0654444694519,1.08983194828033,1.10124623775482,1.10663318634033,1.07316601276398,1.09294962882996,1.10037171840668,1.10624074935913,1.07272958755493,1.09322500228882,1.09962260723114,1.10738611221313,1.07665634155273,1.03163421154022,1.09651851654053,1.03376710414886,1.07687079906464,1.03747868537903,1.09850072860718,1.10679078102112,1.06640124320984,1.08917474746704,1.10255146026611,1.1056694984436,1.1197
1.08575320243835,1.09767246246338,1.1058030128479,1.10929751396179,1.07650375366211,1.09480285644531,1.08972549438477,1.09676992893219,1.08296084403992,1.09740519523621,1.08888483047485,1.09553909301758,1.08249163627625,1.09718668460846,1.09120178222656,1.09798204898834,1.08590698242188,1.02852809429169,1.08741736412048,1.03064620494843,1.08601140975952,1.03449702262878,1.08893477916718,1.10427474975586,1.0769522190094,1.09413075447083,1.08990061283112,1.09343838691711,1.0973
1.10113477706909,1.09550285339355,1.10119760036469,1.09535145759583,1.11940562725067,1.11231529712677,1.06902313232422,1.07636952400208,1.12556314468384,1.11418402194977,1.06837689876556,1.07150948047638,1.12485837936401,1.11306536197662,1.07677209377289,1.07538115978241,1.12912917137146,1.01760709285736,1.07031631469727,1.01957809925079,1.12944257259369,1.02408730983734,1.07084858417511,1.09371793270111,1.11979293823242,1.11146807670593,1.0642021894455,1.06739950180054,1.0482
1.11286163330078,1.09097170829773,1.09605002403259,1.07839071750641,1.12707304954529,1.10577344894409,1.04662871360779,1.05066800117493,1.13807392120361,1.10976958274841,1.04608309268951,1.04288339614868,1.13717126846313,1.10940873622894,1.06121361255646,1.04998981952667,1.1447958946228,1.00495171546936,1.050461769104,1.00697839260101,1.14574217796326,1.01164364814758,1.04759573936462,1.07946920394897,1.12940871715546,1.10456109046936,1.03480052947998,1.03882694244385,0.98541
1.11995768547058,1.08130097389221,1.08897745609283,1.05506587028503,1.1129903793335,1.08221256732941,1.02165853977203,1.01954209804535,1.13455629348755,1.09176075458527,1.02066719532013,1.01000905036926,1.13342308998108,1.09349608421326,1.04339468479156,1.01801884174347,1.14722490310669,0.990276038646698,1.02875924110413,0.992173135280609,1.1494060754776,0.997015416622162,1.02385485172272,1.05951595306396,1.11924779415131,1.08025968074799,1.00780045986176,1.00660908222198,0.92137
1.12571740150452,1.07224476337433,1.08111715316772,1.03115677833557,1.1163170337677,1.07458901405334,1.00525784492493,0.996816277503967,1.13624393939972,1.08231043815613,1.00307989120483,0.988118052482605,1.13509917259216,1.08358037471771,1.03197813034058,0.994475483894348,1.14847183227539,0.975954055786133,1.0141898393631,0.977596044540405,1.15041208267212,0.982773959636688,1.0090537071228,1.04440677165985,1.12229001522064,1.07286667823792,0.990894854068756,0.984922528266907,0.89277
1.13827240467072,1.06569647789001,1.07628858089447,1.00934338569641,1.12481641769409,1.06839227676392,0.988633632659912,0.974325835704803,1.15574097633362,1.08109354972839,0.987325370311737,0.961660385131836,1.15421938896179,1.08409881591797,1.02060234546661,0.968248963356018,1.17470169067383,0.962677240371704,1.001305103302,0.964152336120605,1.17805695533752,0.969839632511139,0.994444191455841,1.02823829650879,1.13500595092773,1.06587111949921,0.970399081707001,0.959092497825623,0.88034
