small_1,small_de_2,all_3,all_de_4,small_5,small_de_6,all_7,all_de_8,small_9,small_de_10,all_11,all_de_12,small_13,small_de_14,all_15,all_de_16,small_17,small_de_18,all_19,all_de_20,small_21,small_de_22,all_23,all_de_24,small_25,small_de_26,all_27,all_de_28,original
0.799223840236664,0.88969498872757,0.666799545288086,0.793676197528839,0.872550129890442,0.866171479225159,0.881846904754639,0.878086268901825,0.87877631187439,0.87231969833374,0.869798123836517,0.879350304603577,0.872176885604858,0.873888552188873,0.86718475818634,0.879245042800903,0.873187005519867,0.932712733745575,0.876240730285645,0.930661916732788,0.872008740901947,0.932356059551239,0.863279223442078,0.931519389152527,0.872928500175476,0.866223394870758,0.875691592693329,0.876027762889862,0.83557
0.858802199363708,0.882792234420776,0.788349032402039,0.828353524208069,0.879941701889038,0.867059826850891,0.872856736183167,0.871167480945587,0.884804248809814,0.871795833110809,0.864079713821411,0.872551739215851,0.879480838775635,0.87296736240387,0.862578868865967,0.871674418449402,0.880125224590302,0.928362905979156,0.869830727577209,0.926306784152985,0.879251539707184,0.928009212017059,0.859953165054321,0.927167534828186,0.880211353302002,0.866980910301208,0.869862198829651,0.869626581668854,0.82936
0.887383282184601,0.875946819782257,0.852383255958557,0.847489714622498,0.869279980659485,0.854212462902069,0.872003674507141,0.870899558067322,0.878593325614929,0.863236844539642,0.862795293331146,0.87058824300766,0.869677424430847,0.864654064178467,0.860773205757141,0.869518220424652,0.871841430664062,0.925814747810364,0.867376446723938,0.923669040203094,0.869968771934509,0.925446927547455,0.858380913734436,0.924614489078522,0.869653820991516,0.854789316654205,0.867625415325165,0.867111146450043,0.83806
0.898456215858459,0.869960963726044,0.882350504398346,0.856389999389648,0.860570192337036,0.846811413764954,0.86897087097168,0.86798632144928,0.871646285057068,0.857988297939301,0.859540104866028,0.864883542060852,0.861173391342163,0.859779894351959,0.85800313949585,0.864904701709747,0.863879382610321,0.924217581748962,0.863113284111023,0.9220010638237,0.861595153808594,0.923843622207642,0.855579733848572,0.923004984855652,0.861035227775574,0.84761255979538,0.86397123336792,0.861090064048767,0.83806
0.902934193611145,0.868800759315491,0.89615797996521,0.863076388835907,0.871228575706482,0.856874048709869,0.866071105003357,0.863259196281433,0.878413498401642,0.864399969577789,0.857565939426422,0.860626459121704,0.871129870414734,0.865877985954285,0.85592782497406,0.861552238464355,0.872564017772675,0.924572706222534,0.859807133674622,0.92240846157074,0.871124446392059,0.924208700656891,0.853652596473694,0.923354923725128,0.871594548225403,0.85713803768158,0.861440241336823,0.858199954032898,0.83433
0.904017746448517,0.87370777130127,0.90336674451828,0.87206107378006,0.875083446502686,0.866911709308624,0.85856819152832,0.856364071369171,0.880610704421997,0.872117400169373,0.855286121368408,0.857601642608643,0.874618530273438,0.873436808586121,0.853818297386169,0.857332170009613,0.875519454479218,0.929457664489746,0.85605263710022,0.927287697792053,0.874395132064819,0.929097950458527,0.852023959159851,0.928211510181427,0.875465154647827,0.866872310638428,0.857479214668274,0.857207477092743,0.8306
0.903505682945251,0.886795282363892,0.908687114715576,0.887719869613647,0.877381265163422,0.87997168302536,0.863706827163696,0.867230474948883,0.882079720497131,0.88485449552536,0.859668135643005,0.869423270225525,0.876712203025818,0.88620537519455,0.858036518096924,0.868461728096008,0.877291917800903,0.942622125148773,0.862039685249329,0.940443694591522,0.876367330551147,0.942264437675476,0.856090784072876,0.941366612911224,0.877773761749268,0.879892826080322,0.862005412578583,0.869527280330658,0.83495
0.910919904708862,0.912239134311676,0.917198836803436,0.913925290107727,0.894623994827271,0.909761965274811,0.887619018554688,0.896357238292694,0.896672785282135,0.911574244499207,0.877151548862457,0.898993730545044,0.893465042114258,0.912719190120697,0.875011444091797,0.898517072200775,0.893267273902893,0.966556489467621,0.883791446685791,0.96444308757782,0.892830491065979,0.966203808784485,0.871439933776855,0.965324640274048,0.895110487937927,0.909328818321228,0.882150590419769,0.898371636867523,0.86106
0.938236594200134,0.942840158939362,0.94038861989975,0.947747945785522,0.94047474861145,0.950700879096985,0.936663746833801,0.949120461940765,0.939030885696411,0.943273186683655,0.918770492076874,0.949050009250641,0.939022302627563,0.942906081676483,0.915030121803284,0.949396133422852,0.937942743301392,0.99177223443985,0.929171442985535,0.989791691303253,0.938209891319275,0.991429686546326,0.909098863601685,0.990613162517548,0.941081404685974,0.949777245521545,0.92497730255127,0.94631952047348,0.89712
0.968405544757843,0.972804605960846,0.970520853996277,0.98316878080368,0.967664241790771,0.975035130977631,0.97555410861969,0.988181710243225,0.966743588447571,0.968974590301514,0.956996977329254,0.986351788043976,0.966785907745361,0.96820604801178,0.952883362770081,0.987009704113007,0.966108918190002,1.01896858215332,0.966752648353577,1.0169985294342,0.966308653354645,1.01862370967865,0.946329712867737,1.01784729957581,0.968259692192078,0.974536180496216,0.962873041629791,0.983018577098846,0.92386
0.981667578220367,0.975900232791901,0.993279695510864,0.991354703903198,0.952778100967407,0.963093340396881,0.983274817466736,0.986955463886261,0.954861164093018,0.966117441654205,0.973466753959656,0.98675537109375,0.952472686767578,0.966542601585388,0.970445513725281,0.986493170261383,0.952725172042847,1.02454912662506,0.978681921958923,1.0224826335907,0.952336847782135,1.02419137954712,0.966527104377747,1.0234237909317,0.953323364257812,0.963340938091278,0.977272629737854,0.983535528182983,0.9307
0.995543658733368,0.983400821685791,1.00980019569397,0.999627947807312,0.961188673973083,0.975192785263062,0.984736680984497,0.986698031425476,0.963781833648682,0.97527813911438,0.983921110630035,0.986713707447052,0.961140990257263,0.975162625312805,0.98156464099884,0.986927926540375,0.961526334285736,1.03293263912201,0.98327898979187,1.03074645996094,0.961154103279114,1.03258109092712,0.979270339012146,1.03177452087402,0.961694002151489,0.975359797477722,0.982970356941223,0.985665261745453,0.92324
0.989751756191254,0.979536175727844,1.01411294937134,0.99583899974823,0.937650918960571,0.963947117328644,0.974849462509155,0.970795750617981,0.941812038421631,0.970689952373505,0.979378998279572,0.97228991985321,0.937803387641907,0.971682846546173,0.978528380393982,0.972691714763641,0.938465476036072,1.03339469432831,0.975728392601013,1.03112983703613,0.937928557395935,1.03304266929626,0.977535843849182,1.03219294548035,0.937958478927612,0.964438915252686,0.97760945558548,0.973242223262787,0.91702
0.967608273029327,0.971277832984924,1.00479507446289,0.987718105316162,0.907327234745026,0.951088607311249,0.95747697353363,0.955821394920349,0.913013100624084,0.964481890201569,0.963653743267059,0.959967851638794,0.907578110694885,0.966688513755798,0.963189959526062,0.959179520606995,0.908480644226074,1.03172624111176,0.960373282432556,1.02942717075348,0.907756090164185,1.03137218952179,0.963825106620789,1.03049063682556,0.907434463500977,0.951833248138428,0.962404489517212,0.960922837257385,0.90707
0.946156978607178,0.962372660636902,0.987519264221191,0.975849509239197,0.893802762031555,0.946721851825714,0.946294546127319,0.948100030422211,0.902070879936218,0.959368109703064,0.947597563266754,0.950897097587585,0.89450991153717,0.961389362812042,0.947116017341614,0.950027644634247,0.896228790283203,1.02721655368805,0.946853518486023,1.02482056617737,0.894962012767792,1.02685904502869,0.946513891220093,1.02593266963959,0.893898844718933,0.94753634929657,0.947431087493896,0.951293110847473,0.89775
0.927466750144958,0.953168392181396,0.964135527610779,0.960633397102356,0.882967293262482,0.943096578121185,0.933135509490967,0.940308749675751,0.892962336540222,0.953451097011566,0.925577998161316,0.939536511898041,0.88390040397644,0.955070674419403,0.924954891204834,0.939344108104706,0.886275053024292,1.01959097385406,0.928976535797119,1.01713752746582,0.884495377540588,1.01922762393951,0.922869086265564,1.0182843208313,0.88315087556839,0.943844079971313,0.92908900976181,0.938308298587799,0.89339
0.914586186408997,0.94763720035553,0.942193388938904,0.948712408542633,0.885627508163452,0.945044755935669,0.917159080505371,0.927960753440857,0.89270031452179,0.951998829841614,0.905990839004517,0.927051723003387,0.885882377624512,0.953410685062408,0.904899477958679,0.92720764875412,0.887311816215515,1.01322567462921,0.911008477210999,1.01077818870544,0.886072874069214,1.01286828517914,0.902456164360046,1.01190221309662,0.88581919670105,0.945300161838531,0.910989284515381,0.926337242126465,0.88842
0.905129075050354,0.942469716072083,0.926975190639496,0.939745604991913,0.884896337985992,0.939831376075745,0.903988361358643,0.913610577583313,0.891973912715912,0.946780800819397,0.894978165626526,0.91597455739975,0.885130882263184,0.94806033372879,0.893693327903748,0.91543185710907,0.886618256568909,1.00731718540192,0.898911118507385,1.00486731529236,0.885311603546143,1.00695776939392,0.890918493270874,1.00598239898682,0.885120987892151,0.940133154392242,0.898948431015015,0.916955590248108,0.89215
0.899118423461914,0.94520491361618,0.919924795627594,0.941501259803772,0.887625813484192,0.949585855007172,0.907936215400696,0.923700988292694,0.890801072120667,0.952742993831635,0.896614134311676,0.926599144935608,0.886925101280212,0.953900635242462,0.895328640937805,0.92553573846817,0.887202978134155,1.00683856010437,0.903499841690063,1.00455617904663,0.886550962924957,1.00648295879364,0.892007350921631,1.00554251670837,0.887899279594421,0.949253082275391,0.901965796947479,0.926703691482544,0.89588
0.895915150642395,0.938859403133392,0.913882613182068,0.93363082408905,0.891732513904572,0.948994576931,0.906265020370483,0.920760631561279,0.890214323997498,0.948062121868134,0.891586363315582,0.923483192920685,0.889936089515686,0.949124038219452,0.889800786972046,0.922444343566895,0.888733386993408,0.99512779712677,0.901106357574463,0.993000388145447,0.888909995555878,0.994775414466858,0.885473966598511,0.99383956193924,0.892037272453308,0.947959423065186,0.897804081439972,0.922972857952118,0.88842
0.893380045890808,0.928021728992462,0.91216766834259,0.925734996795654,0.888160347938538,0.930231809616089,0.912849068641663,0.925902485847473,0.889013648033142,0.931529402732849,0.894202888011932,0.925951957702637,0.886871337890625,0.932549595832825,0.891804099082947,0.925305724143982,0.886494159698486,0.981426894664764,0.905989050865173,0.97943389415741,0.886151075363159,0.981066405773163,0.885726690292358,0.980182409286499,0.888504564762115,0.929615259170532,0.900912344455719,0.923404216766357,0.87101
0.891666173934937,0.915205419063568,0.90993869304657,0.915437757968903,0.891270756721497,0.919388830661774,0.907701134681702,0.918201148509979,0.89050018787384,0.918745815753937,0.887616455554962,0.917037665843964,0.889653444290161,0.919627368450165,0.885859608650208,0.917127549648285,0.888722658157349,0.965465724468231,0.900980591773987,0.963637888431549,0.888734579086304,0.96511036157608,0.880138039588928,0.964280605316162,0.891582310199738,0.918474614620209,0.896393954753876,0.913829326629639,0.86852
0.889268279075623,0.901942074298859,0.906867682933807,0.904558420181274,0.888483047485352,0.900644958019257,0.897134900093079,0.902572393417358,0.890136897563934,0.902025699615479,0.87935209274292,0.902382552623749,0.88742995262146,0.90284925699234,0.877086400985718,0.902456045150757,0.887295305728912,0.951208293437958,0.890384435653687,0.949418723583221,0.886847376823425,0.950849711894989,0.872539639472961,0.950048267841339,0.888784408569336,0.900093853473663,0.887270390987396,0.900052309036255,0.87474
0.887415170669556,0.890601873397827,0.903278470039368,0.89447557926178,0.887087762355804,0.887170374393463,0.882804393768311,0.886100172996521,0.88948780298233,0.888886392116547,0.870285391807556,0.886600494384766,0.886155605316162,0.889728188514709,0.869047522544861,0.886475503444672,0.886197805404663,0.939590752124786,0.878880977630615,0.937768280506134,0.885646402835846,0.939233183860779,0.865898251533508,0.938433706760406,0.887402594089508,0.886708796024323,0.877123832702637,0.884907424449921,0.85982
