small_1,small_de_2,all_3,all_de_4,small_5,small_de_6,all_7,all_de_8,small_9,small_de_10,all_11,all_de_12,small_13,small_de_14,all_15,all_de_16,small_17,small_de_18,all_19,all_de_20,small_21,small_de_22,all_23,all_de_24,small_25,small_de_26,all_27,all_de_28,original
0.874249696731567,0.857653737068176,0.857125520706177,0.859663069248199,0.874416828155518,0.857759475708008,0.858489871025085,0.845925629138947,0.865436136722565,0.854261100292206,0.853219985961914,0.846015334129333,0.8734210729599,0.856459975242615,0.868866205215454,0.847589492797852,0.888092219829559,0.92752480506897,0.86268538236618,0.925624370574951,0.865706503391266,0.9272540807724,0.857967734336853,0.926940202713013,0.874078691005707,0.858100116252899,0.85884165763855,0.859833359718323,0.84801
0.873219847679138,0.851691007614136,0.850596070289612,0.848968863487244,0.873330414295197,0.851763248443604,0.85162878036499,0.838189780712128,0.864738404750824,0.848768711090088,0.848283410072327,0.837597489356995,0.873096823692322,0.851047873497009,0.865171909332275,0.838499486446381,0.888062596321106,0.923104584217072,0.857619285583496,0.921011865139008,0.865285634994507,0.922831416130066,0.855387985706329,0.922424256801605,0.873039901256561,0.851919770240784,0.851212024688721,0.849280893802643,0.83122
0.876450300216675,0.847989499568939,0.851879835128784,0.847895205020905,0.876196444034576,0.847929418087006,0.853114008903503,0.83712762594223,0.868906855583191,0.844504356384277,0.8506098985672,0.837128221988678,0.876342833042145,0.846904218196869,0.868013620376587,0.838302791118622,0.890924215316772,0.921143174171448,0.859894990921021,0.919018387794495,0.868703901767731,0.92087459564209,0.858616828918457,0.920422077178955,0.875979065895081,0.848091185092926,0.852553069591522,0.847750663757324,0.81754
0.872386932373047,0.838309288024902,0.853478789329529,0.847101926803589,0.871486306190491,0.838037490844727,0.854970693588257,0.835517466068268,0.866828083992004,0.837042093276978,0.853358864784241,0.835740149021149,0.874198913574219,0.839680254459381,0.871524691581726,0.837189972400665,0.889473736286163,0.919534146785736,0.862363696098328,0.917381227016449,0.866745352745056,0.91927045583725,0.862814247608185,0.918764591217041,0.871377527713776,0.838201642036438,0.853531718254089,0.847041249275208,0.80698
0.866842746734619,0.829653203487396,0.85663104057312,0.849023401737213,0.86523973941803,0.829164683818817,0.858157634735107,0.834448873996735,0.863392770290375,0.830701947212219,0.857044816017151,0.835115194320679,0.870871007442474,0.833564043045044,0.875860691070557,0.836650609970093,0.887007236480713,0.919700562953949,0.866024255752563,0.91749495267868,0.863599896430969,0.919445097446442,0.8684321641922,0.918803572654724,0.865218341350555,0.829558432102203,0.85654753446579,0.849123239517212,0.81754
0.876434326171875,0.846238195896149,0.860672116279602,0.851510763168335,0.875787854194641,0.846019983291626,0.862551927566528,0.839491069316864,0.870134711265564,0.843796193599701,0.861907601356506,0.840864539146423,0.87750768661499,0.846435248851776,0.880794107913971,0.840837895870209,0.892315328121185,0.924597978591919,0.87200140953064,0.922323882579803,0.869863390922546,0.924328565597534,0.874911189079285,0.923602044582367,0.875672876834869,0.84589672088623,0.860874533653259,0.851136982440948,0.81817
0.873478412628174,0.852231681346893,0.865261435508728,0.85948371887207,0.872213363647461,0.851804554462433,0.866131782531738,0.848822414875031,0.868798136711121,0.851776838302612,0.86704695224762,0.849253237247467,0.875371038913727,0.854544520378113,0.884213864803314,0.850261092185974,0.890437960624695,0.937757611274719,0.875438928604126,0.935215950012207,0.868146419525146,0.937500178813934,0.879630744457245,0.936668395996094,0.872134447097778,0.852074384689331,0.864505708217621,0.858956336975098,0.81195
0.884601414203644,0.875231087207794,0.873956799507141,0.876672565937042,0.883114278316498,0.874758422374725,0.874784350395203,0.870055615901947,0.879886269569397,0.875521242618561,0.874861478805542,0.869371473789215,0.883752703666687,0.878380060195923,0.890359818935394,0.868563532829285,0.896971940994263,0.962889432907104,0.883316457271576,0.960224032402039,0.877008855342865,0.962629795074463,0.887180805206299,0.9617520570755,0.883011817932129,0.874836325645447,0.872314214706421,0.876952767372131,0.82563
0.902824282646179,0.901731073856354,0.881519198417664,0.889215767383575,0.901875376701355,0.90143084526062,0.881652474403381,0.88459974527359,0.895707011222839,0.902483701705933,0.881813645362854,0.883757591247559,0.896757781505585,0.905309557914734,0.896513044834137,0.882864773273468,0.907052218914032,0.987273573875427,0.890535414218903,0.984211623668671,0.890229105949402,0.986999809741974,0.893995940685272,0.985940456390381,0.901636123657227,0.90103155374527,0.880151987075806,0.889194548130035,0.85298
0.923460364341736,0.927156746387482,0.890856266021729,0.894128859043121,0.922488331794739,0.926891267299652,0.890427708625793,0.898047864437103,0.915136814117432,0.92841500043869,0.8936527967453,0.895613253116608,0.911587834358215,0.931240141391754,0.906314492225647,0.893594324588776,0.918361783027649,1.0133638381958,0.901360034942627,1.00979340076447,0.905811607837677,1.01308810710907,0.906069099903107,1.01191759109497,0.922125637531281,0.926497101783752,0.887412965297699,0.893280923366547,0.86293
0.916404843330383,0.919776439666748,0.898804903030396,0.890800893306732,0.915261089801788,0.919459044933319,0.898529291152954,0.895352900028229,0.909033894538879,0.927796065807343,0.902479887008667,0.892337739467621,0.906645476818085,0.93092155456543,0.914653658866882,0.890034258365631,0.914628028869629,1.01885223388672,0.910116136074066,1.01502680778503,0.900769889354706,1.01856219768524,0.915282547473907,1.01731872558594,0.914987206459045,0.91839861869812,0.894853293895721,0.890857458114624,0.8592
0.911810040473938,0.923841416835785,0.903129696846008,0.894688189029694,0.910411477088928,0.923464179039001,0.902963519096375,0.896384477615356,0.905423998832703,0.933558166027069,0.907201647758484,0.89376962184906,0.903501629829407,0.936760544776917,0.919877767562866,0.89171177148819,0.912243604660034,1.02692925930023,0.915197372436523,1.02298164367676,0.897665739059448,1.02664005756378,0.920714020729065,1.02528834342957,0.910209178924561,0.922410070896149,0.899290084838867,0.895028829574585,0.87039
0.90269809961319,0.918750166893005,0.898769378662109,0.884108304977417,0.900960206985474,0.918243825435638,0.898748636245728,0.887568652629852,0.897918999195099,0.929619967937469,0.904674172401428,0.884372353553772,0.897795975208282,0.933015584945679,0.919003248214722,0.882402896881104,0.908236026763916,1.02723240852356,0.913013935089111,1.0230575799942,0.891694366931915,1.02694475650787,0.920680642127991,1.02545237541199,0.900897026062012,0.917152762413025,0.894465923309326,0.88459986448288,0.88096
0.896387696266174,0.924551069736481,0.898444890975952,0.88674920797348,0.895265460014343,0.924227774143219,0.899084448814392,0.888609707355499,0.890451312065125,0.932891488075256,0.903870463371277,0.88613885641098,0.892780065536499,0.936083436012268,0.918464481830597,0.883853077888489,0.904389262199402,1.0253279209137,0.91264808177948,1.02135348320007,0.886086165904999,1.02503645420074,0.91960084438324,1.02362203598022,0.895193934440613,0.923161506652832,0.894519090652466,0.887263834476471,0.88345
0.89403223991394,0.933750331401825,0.896857976913452,0.891330301761627,0.893414974212646,0.933606505393982,0.897209882736206,0.891706883907318,0.886808514595032,0.936196327209473,0.900906682014465,0.889203667640686,0.89026665687561,0.938986897468567,0.914973080158234,0.886933863162994,0.90220046043396,1.02115750312805,0.909509897232056,1.0173157453537,0.883285045623779,1.02087700366974,0.915086328983307,1.01953685283661,0.893269896507263,0.933311700820923,0.893355250358582,0.891784846782684,0.87723
0.881346702575684,0.927295863628387,0.895067691802979,0.897236943244934,0.880248725414276,0.927033662796021,0.894821286201477,0.893980085849762,0.87591552734375,0.92831426858902,0.895770907402039,0.890924692153931,0.880773842334747,0.931029915809631,0.908761501312256,0.889512538909912,0.894560396671295,1.01416087150574,0.903615355491638,1.01052761077881,0.873854875564575,1.01389694213867,0.907515704631805,1.01261830329895,0.88016676902771,0.927439510822296,0.892495810985565,0.898902535438538,0.86355
0.88023829460144,0.92325234413147,0.894465923309326,0.90547513961792,0.879026293754578,0.922939300537109,0.894631743431091,0.898054480552673,0.875121712684631,0.923683285713196,0.892143726348877,0.895537972450256,0.879635095596313,0.926354825496674,0.904796302318573,0.894668996334076,0.893486499786377,1.00868368148804,0.900463283061981,1.00544929504395,0.8729088306427,1.0084240436554,0.902014076709747,1.00726735591888,0.878956019878387,0.923382639884949,0.893783628940582,0.907383799552917,0.85547
0.879501581192017,0.918967843055725,0.894756317138672,0.909505486488342,0.878205895423889,0.918614089488983,0.894977569580078,0.900465548038483,0.874605178833008,0.918761730194092,0.891816258430481,0.898286640644073,0.879176318645477,0.92144775390625,0.903863072395325,0.898444175720215,0.89312756061554,1.00399172306061,0.900086402893066,1.00102829933167,0.872454285621643,1.00373458862305,0.901038646697998,1.00269031524658,0.878133654594421,0.919097542762756,0.895033299922943,0.910731554031372,0.86915
0.880066275596619,0.915720164775848,0.894732356071472,0.910853087902069,0.878433704376221,0.915223240852356,0.895584464073181,0.903937876224518,0.876144289970398,0.915301740169525,0.893770456314087,0.901860237121582,0.880331516265869,0.918129444122314,0.905552446842194,0.902311563491821,0.894301533699036,1.00294256210327,0.901788413524628,1.00015711784363,0.873707175254822,1.00268852710724,0.90357494354248,1.001744389534,0.878431558609009,0.91559225320816,0.894855856895447,0.911262512207031,0.86169
0.882350444793701,0.90112441778183,0.892051577568054,0.900851607322693,0.880494177341461,0.900489091873169,0.893492698669434,0.895158410072327,0.879110813140869,0.900664806365967,0.893683791160583,0.893466532230377,0.883030891418457,0.903667628765106,0.906833529472351,0.893961191177368,0.896865665912628,0.991123974323273,0.901801824569702,0.988411068916321,0.87637722492218,0.990871131420135,0.905574560165405,0.989955067634583,0.880568325519562,0.900668919086456,0.891465663909912,0.900824010372162,0.83868
0.878085911273956,0.891056776046753,0.887831926345825,0.89051616191864,0.876676619052887,0.890593409538269,0.889107584953308,0.882261395454407,0.873492956161499,0.890919625759125,0.889502048492432,0.880865514278412,0.877833724021912,0.893596231937408,0.903303921222687,0.88064169883728,0.89189475774765,0.976326167583466,0.897487163543701,0.973638594150543,0.871271371841431,0.976075351238251,0.902139365673065,0.975126028060913,0.876607060432434,0.891107976436615,0.885564565658569,0.890990018844604,0.83993
0.877135157585144,0.876357614994049,0.879329562187195,0.875836849212646,0.875952959060669,0.875969767570496,0.87982165813446,0.867215812206268,0.872130632400513,0.875637471675873,0.881393313407898,0.866030156612396,0.87786078453064,0.878363966941833,0.896324574947357,0.86506313085556,0.892344534397125,0.960607171058655,0.889930725097656,0.957886457443237,0.870801448822021,0.96034848690033,0.895608365535736,0.959362983703613,0.8758864402771,0.876227140426636,0.878110527992249,0.876387059688568,0.82749
0.871431946754456,0.858044624328613,0.872490525245667,0.863036215305328,0.869744002819061,0.857532799243927,0.872706770896912,0.853960514068604,0.867997050285339,0.858616411685944,0.874523878097534,0.853164374828339,0.874123334884644,0.861454904079437,0.889907836914062,0.853720366954803,0.889474093914032,0.94714492559433,0.882317006587982,0.944445073604584,0.867155134677887,0.946891784667969,0.888845324516296,0.945921063423157,0.869734048843384,0.857962131500244,0.870924830436707,0.863972723484039,0.81754
0.875112533569336,0.848824381828308,0.860185623168945,0.847758591175079,0.87348085641861,0.848306715488434,0.861287593841553,0.841543674468994,0.871402144432068,0.848367929458618,0.864719033241272,0.840306341648102,0.876870274543762,0.851170063018799,0.882892668247223,0.839872479438782,0.891669452190399,0.935467302799225,0.873211443424225,0.932904183864594,0.869982481002808,0.935214757919312,0.881038010120392,0.934346258640289,0.873473584651947,0.848654448986053,0.857348263263702,0.847807884216309,0.81133
