small_1,small_de_2,all_3,all_de_4,small_5,small_de_6,all_7,all_de_8,small_9,small_de_10,all_11,all_de_12,small_13,small_de_14,all_15,all_de_16,small_17,small_de_18,all_19,all_de_20,small_21,small_de_22,all_23,all_de_24,small_25,small_de_26,all_27,all_de_28,original
0.721018433570862,0.837333083152771,0.675748288631439,0.768961668014526,0.855284869670868,0.865018427371979,0.820196092128754,0.818650543689728,0.858399927616119,0.88133317232132,0.821972012519836,0.819376468658447,0.870170831680298,0.879407286643982,0.821588456630707,0.819953620433807,0.866649508476257,0.914217233657837,0.822536945343018,0.914083302021027,0.873380422592163,0.914139032363892,0.822899281978607,0.91391795873642,0.857402563095093,0.865654051303864,0.821022272109985,0.816248655319214,0.85236
0.769816756248474,0.834203779697418,0.775619983673096,0.790513873100281,0.843011021614075,0.847922444343567,0.807123959064484,0.806885898113251,0.847867131233215,0.86696720123291,0.80835372209549,0.807563900947571,0.860361933708191,0.864695131778717,0.807932078838348,0.807823538780212,0.856649041175842,0.910332977771759,0.808726131916046,0.910184979438782,0.863853693008423,0.910252511501312,0.808892786502838,0.910024344921112,0.845338761806488,0.848775207996368,0.807862401008606,0.804986596107483,0.84801
0.795514822006226,0.834248006343842,0.820681095123291,0.802259802818298,0.839156031608582,0.849873542785645,0.79524040222168,0.796785354614258,0.842942237854004,0.869651079177856,0.796469628810883,0.797031223773956,0.857993841171265,0.867389261722565,0.797282218933105,0.798134624958038,0.852652788162231,0.908710956573486,0.79665195941925,0.908552825450897,0.86207389831543,0.908631801605225,0.797472476959229,0.908388495445251,0.84150218963623,0.850629270076752,0.795388638973236,0.794144630432129,0.84241
0.80692982673645,0.832661867141724,0.838588714599609,0.808126986026764,0.831374764442444,0.843521535396576,0.790850818157196,0.791044473648071,0.835931777954102,0.864762723445892,0.792957663536072,0.792622089385986,0.852117121219635,0.862307071685791,0.793619692325592,0.793567299842834,0.846213281154633,0.907756507396698,0.79297935962677,0.907590746879578,0.856523156166077,0.907676696777344,0.793615639209747,0.907425224781036,0.833969950675964,0.844360113143921,0.791633129119873,0.789344012737274,0.84801
0.812865376472473,0.833028316497803,0.843482136726379,0.811260402202606,0.834600925445557,0.846959233283997,0.78851318359375,0.789372444152832,0.838513731956482,0.867555141448975,0.790853977203369,0.789936006069183,0.855029344558716,0.865179717540741,0.791815221309662,0.790739595890045,0.848801851272583,0.907756686210632,0.791508674621582,0.907579064369202,0.859478175640106,0.90767765045166,0.791451990604401,0.907416164875031,0.837141692638397,0.847736775875092,0.788897097110748,0.786239385604858,0.84987
0.816473364830017,0.837439000606537,0.845344126224518,0.817068517208099,0.840123891830444,0.855010271072388,0.797744929790497,0.799034953117371,0.843318462371826,0.874344408512115,0.799156129360199,0.799654126167297,0.859942972660065,0.872150599956512,0.797528207302094,0.800638973712921,0.853445112705231,0.91042149066925,0.798286736011505,0.910255193710327,0.864370107650757,0.910343527793884,0.798431158065796,0.910092651844025,0.842529594898224,0.855690956115723,0.798187434673309,0.796736717224121,0.85174
0.813853204250336,0.844644844532013,0.848206102848053,0.830689787864685,0.822490572929382,0.848402619361877,0.816171646118164,0.820164024829865,0.82826042175293,0.87148654460907,0.816925287246704,0.821845352649689,0.846326589584351,0.868686437606812,0.811674118041992,0.821353077888489,0.839342355728149,0.921812772750854,0.814822316169739,0.921651661396027,0.851249933242798,0.921732127666473,0.813657224178314,0.921494841575623,0.825627505779266,0.849393010139465,0.816339790821075,0.818943440914154,0.85671
0.827251136302948,0.867741286754608,0.863386273384094,0.859578430652618,0.849494576454163,0.883367598056793,0.860245823860168,0.869761407375336,0.857283532619476,0.900278329849243,0.858530342578888,0.87083488702774,0.870188117027283,0.897508382797241,0.845996916294098,0.868996679782867,0.865899324417114,0.944217026233673,0.852997899055481,0.944081485271454,0.873809695243835,0.944139063358307,0.851101756095886,0.943925976753235,0.853734195232391,0.884274184703827,0.858974814414978,0.868424594402313,0.92199
0.870144605636597,0.905557155609131,0.899671196937561,0.901322484016418,0.928789854049683,0.945876836776733,0.920629501342773,0.932251334190369,0.936436533927917,0.947570383548737,0.917000472545624,0.932914257049561,0.939131736755371,0.945817887783051,0.899600088596344,0.931887686252594,0.939045310020447,0.97125780582428,0.910114109516144,0.971169829368591,0.939953088760376,0.971186876296997,0.907680511474609,0.971011102199554,0.933129549026489,0.946352779865265,0.919122874736786,0.931122243404388,0.99535
0.919325351715088,0.948472201824188,0.955008745193481,0.951886415481567,0.970383882522583,0.996132969856262,0.996068835258484,1.00414741039276,0.977554500102997,0.990556359291077,0.992666959762573,1.00615847110748,0.975585699081421,0.989055752754211,0.973675489425659,1.00434672832489,0.977432250976562,0.997902989387512,0.98574024438858,0.997876167297363,0.975077509880066,0.99783718585968,0.983393311500549,0.997709095478058,0.975559115409851,0.996312320232391,0.992863655090332,1.00275862216949,1.0712
0.9625204205513,0.970842182636261,0.990922331809998,0.974514782428741,0.983090400695801,1.01216375827789,0.975622832775116,0.975937068462372,0.990386664867401,1.00346899032593,0.978457987308502,0.977621614933014,0.986869335174561,1.00185143947601,0.969375550746918,0.976721227169037,0.989472150802612,1.00394928455353,0.976922750473022,1.00385355949402,0.985927939414978,1.00388586521149,0.975250124931335,1.00372898578644,0.988952338695526,1.0122481584549,0.973576188087463,0.972370564937592,1.0936
0.992831528186798,0.990281820297241,1.02163147926331,0.995783627033234,0.979538917541504,1.01628768444061,0.982717752456665,0.983660221099854,0.987062931060791,1.00864541530609,0.987469017505646,0.982802391052246,0.983772873878479,1.00694620609283,0.982645869255066,0.983005225658417,0.986287713050842,1.0120701789856,0.988511145114899,1.01195871829987,0.982911944389343,1.01200604438782,0.988372147083282,1.01185750961304,0.985226035118103,1.0164293050766,0.982803285121918,0.9791659116745,1.1122
1.00749957561493,0.997233748435974,1.03786790370941,1.00352132320404,0.968364477157593,1.01194930076599,0.975072383880615,0.97496235370636,0.974687457084656,1.00662350654602,0.981692731380463,0.974044501781464,0.972726583480835,1.00499176979065,0.981529295444489,0.975528836250305,0.97472071647644,1.01184582710266,0.984514594078064,1.01173055171967,0.972207307815552,1.0117803812027,0.985206663608551,1.01163589954376,0.973266124725342,1.01211082935333,0.975187003612518,0.969654858112335,1.1203
1.0000638961792,0.99251514673233,1.03505671024323,1.00123083591461,0.933888912200928,0.986661195755005,0.952494442462921,0.954910755157471,0.939507722854614,0.990052282810211,0.961003720760345,0.955156326293945,0.941416025161743,0.98815780878067,0.964260935783386,0.957373797893524,0.941877841949463,1.00902473926544,0.964822947978973,1.00889790058136,0.941970467567444,1.00895416736603,0.965013563632965,1.0088015794754,0.937730610370636,0.987072825431824,0.95270973443985,0.949539542198181,1.1035
0.965281009674072,0.975917458534241,1.01164734363556,0.988970458507538,0.874036431312561,0.947136342525482,0.925933003425598,0.935663282871246,0.878755331039429,0.965102970600128,0.934285938739777,0.93621563911438,0.888194143772125,0.962628662586212,0.937622904777527,0.938331305980682,0.885475873947144,1.00525367259979,0.93707537651062,1.00511741638184,0.890805602073669,1.00517535209656,0.936774730682373,1.00500643253326,0.876650750637054,0.947944164276123,0.926101744174957,0.930877983570099,1.0917
0.930174589157104,0.957785487174988,0.981262743473053,0.972157180309296,0.850014448165894,0.934303402900696,0.916769623756409,0.931437134742737,0.854541182518005,0.955169022083282,0.92225581407547,0.9322270154953,0.867034912109375,0.952606499195099,0.919699728488922,0.933643341064453,0.863036632537842,0.999172329902649,0.921351850032806,0.999045610427856,0.870482444763184,0.99909245967865,0.920540273189545,0.9989173412323,0.852319359779358,0.935178101062775,0.916423618793488,0.928060948848724,1.0675
0.903037309646606,0.943251729011536,0.94985157251358,0.955263376235962,0.845658779144287,0.929047048091888,0.906790792942047,0.924221634864807,0.850676894187927,0.949610233306885,0.908306896686554,0.924750685691833,0.863073527812958,0.947062730789185,0.899192094802856,0.924953281879425,0.859311938285828,0.994264245033264,0.904134273529053,0.994139552116394,0.866532921791077,0.994184076786041,0.902361333370209,0.99398946762085,0.848083198070526,0.929937720298767,0.906054615974426,0.923081636428833,1.0613
0.880409240722656,0.93220841884613,0.924115538597107,0.940728306770325,0.839484930038452,0.926538348197937,0.901336789131165,0.920946836471558,0.844131350517273,0.947535037994385,0.900034010410309,0.921132147312164,0.858202338218689,0.944993793964386,0.885996639728546,0.92057067155838,0.853540778160095,0.98986428976059,0.893354952335358,0.989746510982513,0.862072706222534,0.989784717559814,0.891124427318573,0.989579081535339,0.842092514038086,0.927379071712494,0.900444686412811,0.920189440250397,1.0538
0.862462759017944,0.926778614521027,0.912837266921997,0.936345934867859,0.837234735488892,0.92898166179657,0.922133803367615,0.945870220661163,0.841180324554443,0.949728727340698,0.919873058795929,0.946746647357941,0.856396615505219,0.947247684001923,0.901257157325745,0.945523500442505,0.851088047027588,0.988047480583191,0.910782992839813,0.987972974777222,0.860524654388428,0.987968802452087,0.908401191234589,0.987792074680328,0.839942932128906,0.929740905761719,0.921816349029541,0.946162700653076,1.0463
0.848881721496582,0.910893023014069,0.899547278881073,0.920162856578827,0.835887789726257,0.915416061878204,0.905752420425415,0.926417291164398,0.839996099472046,0.936076521873474,0.904149234294891,0.926903069019318,0.855563640594482,0.933555126190186,0.886948347091675,0.925593078136444,0.850052356719971,0.975169658660889,0.896310150623322,0.975081026554108,0.859784603118896,0.975090980529785,0.893718779087067,0.974907457828522,0.838712811470032,0.916194319725037,0.906031966209412,0.926569879055023,0.99846
0.835521101951599,0.890554845333099,0.884909927845001,0.899573564529419,0.825284481048584,0.890663921833038,0.882514536380768,0.899719953536987,0.830548286437988,0.913488805294037,0.880955994129181,0.899963617324829,0.847034335136414,0.910693049430847,0.865671753883362,0.898391604423523,0.841204345226288,0.960222661495209,0.874118208885193,0.960114479064941,0.851556062698364,0.960142254829407,0.871692597866058,0.959948897361755,0.828370213508606,0.891603946685791,0.882917165756226,0.89998471736908,0.95183
0.825820744037628,0.869864046573639,0.870350956916809,0.875937759876251,0.826683759689331,0.876480460166931,0.858664453029633,0.871598780155182,0.831453859806061,0.898691892623901,0.857425272464752,0.871294975280762,0.848089337348938,0.895989716053009,0.844924032688141,0.870227932929993,0.842136263847351,0.942683160305023,0.851382791996002,0.942561686038971,0.852624893188477,0.942603230476379,0.849813282489777,0.942398428916931,0.829704999923706,0.877364754676819,0.859002292156219,0.871541440486908,0.91204
0.815291404724121,0.856976330280304,0.855673909187317,0.857132732868195,0.817387700080872,0.86991012096405,0.834193050861359,0.843593657016754,0.820595860481262,0.89312207698822,0.833642780780792,0.843131005764008,0.841187119483948,0.890362679958344,0.823410272598267,0.843100249767303,0.83293604850769,0.929115295410156,0.828229188919067,0.928978621959686,0.846647620201111,0.929037392139435,0.827861845493317,0.928808629512787,0.820739448070526,0.870638012886047,0.834458649158478,0.842653810977936,0.87226
0.807939946651459,0.849316656589508,0.843766927719116,0.843188226222992,0.820650100708008,0.86650824546814,0.816331803798676,0.824214816093445,0.822447180747986,0.888948202133179,0.817680776119232,0.824150621891022,0.843697428703308,0.886359453201294,0.808211505413055,0.824284076690674,0.834960103034973,0.918568313121796,0.813092052936554,0.918420910835266,0.849255442619324,0.918491661548615,0.812769293785095,0.918247222900391,0.823857307434082,0.867103695869446,0.817588925361633,0.823169350624084,0.84366
