original,trained_s_1,trained_s_2,trained_s_3,trained_b_1,trained_b_2,trained_b_3
0.35389,0.35389,0.35389,0.35389,0.35389,0.35389,0.35389
0.33244,0.33244,0.33244,0.33244,0.33244,0.33244,0.33244
0.30295,0.30295,0.30295,0.30295,0.30295,0.30295,0.30295
0.29759,0.29759,0.29759,0.29759,0.29759,0.29759,0.29759
0.30831,0.30831,0.30831,0.30831,0.30831,0.30831,0.30831
0.31635,0.31635,0.31635,0.31635,0.31635,0.31635,0.31635
0.32708,0.32708,0.32708,0.32708,0.32708,0.32708,0.32708
0.34316,0.34316,0.34316,0.34316,0.34316,0.34316,0.34316
0.35925,0.35925,0.35925,0.35925,0.35925,0.35925,0.35925
0.37534,0.37534,0.37534,0.37534,0.37534,0.37534,0.37534
0.40751,0.40751,0.40751,0.40751,0.40751,0.40751,0.40751
0.41823,0.41823,0.41823,0.41823,0.41823,0.41823,0.41823
0.42091,0.42091,0.42091,0.42091,0.42091,0.42091,0.42091
0.43432,0.43432,0.43432,0.43432,0.43432,0.43432,0.43432
0.43164,0.43164,0.43164,0.43164,0.43164,0.43164,0.43164
0.43164,0.43164,0.43164,0.43164,0.43164,0.43164,0.43164
0.42359,0.42359,0.42359,0.42359,0.42359,0.42359,0.42359
0.41823,0.41823,0.41823,0.41823,0.41823,0.41823,0.41823
0.41823,0.41823,0.41823,0.41823,0.41823,0.41823,0.41823
0.42091,0.42091,0.42091,0.42091,0.42091,0.42091,0.42091
0.41823,0.41823,0.41823,0.41823,0.41823,0.41823,0.41823
0.41555,0.41555,0.41555,0.41555,0.41555,0.41555,0.41555
0.41019,0.41019,0.41019,0.41019,0.41019,0.41019,0.41019
0.41019,0.41019,0.41019,0.41019,0.41019,0.41019,0.41019
0.41019,0.41019,0.41019,0.41019,0.41019,0.41019,0.41019
0.41019,0.41019,0.41019,0.41019,0.41019,0.41019,0.41019
0.41019,0.41019,0.41019,0.41019,0.41019,0.41019,0.41019
0.40751,0.40751,0.40751,0.40751,0.40751,0.40751,0.40751
0.40751,0.40751,0.40751,0.40751,0.40751,0.40751,0.40751
0.40751,0.40751,0.40751,0.40751,0.40751,0.40751,0.40751
0.41019,0.41019,0.41019,0.41019,0.41019,0.41019,0.41019
0.41823,0.41823,0.41823,0.41823,0.41823,0.41823,0.41823
0.43164,0.43164,0.43164,0.43164,0.43164,0.43164,0.43164
0.437,0.437,0.437,0.437,0.437,0.437,0.437
0.44504,0.44504,0.44504,0.44504,0.44504,0.44504,0.44504
0.44504,0.44504,0.44504,0.44504,0.44504,0.44504,0.44504
0.4504,0.4504,0.4504,0.4504,0.4504,0.4504,0.4504
0.4504,0.4504,0.4504,0.4504,0.4504,0.4504,0.4504
0.4504,0.4504,0.4504,0.4504,0.4504,0.4504,0.4504
0.44504,0.44504,0.44504,0.44504,0.44504,0.44504,0.44504
0.44236,0.44236,0.44236,0.44236,0.44236,0.44236,0.44236
0.437,0.437,0.437,0.437,0.437,0.437,0.437
0.42627,0.42627,0.42627,0.42627,0.42627,0.42627,0.42627
0.42359,0.42359,0.42359,0.42359,0.42359,0.42359,0.42359
0.41823,0.41823,0.41823,0.41823,0.41823,0.41823,0.41823
0.41555,0.41555,0.41555,0.41555,0.41555,0.41555,0.41555
0.39678,0.39678,0.39678,0.39678,0.39678,0.39678,0.39678
0.37534,0.37534,0.37534,0.37534,0.37534,0.37534,0.37534
0.36997,0.36997,0.36997,0.36997,0.36997,0.36997,0.36997
0.35925,0.35925,0.35925,0.35925,0.35925,0.35925,0.35925
0.34584,0.34584,0.34584,0.34584,0.34584,0.34584,0.34584
0.33244,0.33244,0.33244,0.33244,0.33244,0.33244,0.33244
0.32172,0.32172,0.32172,0.32172,0.32172,0.32172,0.32172
0.31635,0.31635,0.31635,0.31635,0.31635,0.31635,0.31635
0.34048,0.34048,0.34048,0.34048,0.34048,0.34048,0.34048
0.34853,0.34853,0.34853,0.34853,0.34853,0.34853,0.34853
0.36729,0.36729,0.36729,0.36729,0.36729,0.36729,0.36729
0.40751,0.40751,0.40751,0.40751,0.40751,0.40751,0.40751
0.42627,0.42627,0.42627,0.42627,0.42627,0.42627,0.42627
0.43432,0.43432,0.43432,0.43432,0.43432,0.43432,0.43432
0.46113,0.46113,0.46113,0.46113,0.46113,0.46113,0.46113
0.46381,0.46381,0.46381,0.46381,0.46381,0.46381,0.46381
0.47721,0.47721,0.47721,0.47721,0.47721,0.47721,0.47721
0.46113,0.46113,0.46113,0.46113,0.46113,0.46113,0.46113
0.437,0.437,0.437,0.437,0.437,0.437,0.437
0.43968,0.43968,0.43968,0.43968,0.43968,0.43968,0.43968
0.43164,0.43164,0.43164,0.43164,0.43164,0.43164,0.43164
0.42359,0.42359,0.42359,0.42359,0.42359,0.42359,0.42359
0.41287,0.41287,0.41287,0.41287,0.41287,0.41287,0.41287
0.39946,0.39946,0.39946,0.39946,0.39946,0.39946,0.39946
0.37802,0.37802,0.37802,0.37802,0.37802,0.37802,0.37802
0.36997,0.36997,0.36997,0.36997,0.36997,0.36997,0.36997
0.36461,0.36461,0.36461,0.36461,0.36461,0.36461,0.36461
0.36193,0.36193,0.36193,0.36193,0.36193,0.36193,0.36193
0.35925,0.35925,0.35925,0.35925,0.35925,0.35925,0.35925
0.35389,0.35389,0.35389,0.35389,0.35389,0.35389,0.35389
0.34853,0.34853,0.34853,0.34853,0.34853,0.34853,0.34853
0.34048,0.34048,0.34048,0.34048,0.34048,0.34048,0.34048
0.35121,0.35121,0.35121,0.35121,0.35121,0.35121,0.35121
0.37802,0.37802,0.37802,0.37802,0.37802,0.37802,0.37802
0.38606,0.38606,0.38606,0.38606,0.38606,0.38606,0.38606
0.41287,0.41287,0.41287,0.41287,0.41287,0.41287,0.41287
0.41287,0.41287,0.41287,0.41287,0.41287,0.41287,0.41287
0.40751,0.40751,0.40751,0.40751,0.40751,0.40751,0.40751
0.42359,0.42359,0.42359,0.42359,0.42359,0.42359,0.42359
0.437,0.437,0.437,0.437,0.437,0.437,0.437
0.44504,0.44504,0.44504,0.44504,0.44504,0.44504,0.44504
0.44236,0.44236,0.44236,0.44236,0.44236,0.44236,0.44236
0.43968,0.43968,0.43968,0.43968,0.43968,0.43968,0.43968
0.437,0.437,0.437,0.437,0.437,0.437,0.437
0.43432,0.43432,0.43432,0.43432,0.43432,0.43432,0.43432
0.42895,0.42895,0.42895,0.42895,0.42895,0.42895,0.42895
0.42359,0.42359,0.42359,0.42359,0.42359,0.42359,0.42359
0.41823,0.41823,0.41823,0.41823,0.41823,0.41823,0.41823
0.41287,0.41287,0.41287,0.41287,0.41287,0.41287,0.41287
0.40214,0.40214,0.40214,0.40214,0.40214,0.40214,0.40214
0.37802,0.37802,0.37802,0.37802,0.37802,0.37802,0.37802
0.36729,0.36729,0.36729,0.36729,0.36729,0.36729,0.36729
0.34316,0.34316,0.34316,0.34316,0.34316,0.34316,0.34316
0.33244,0.33244,0.33244,0.33244,0.33244,0.33244,0.33244
0.32172,0.32172,0.32172,0.32172,0.32172,0.32172,0.32172
0.31367,0.31367,0.31367,0.31367,0.31367,0.31367,0.31367
0.32172,0.32172,0.32172,0.32172,0.32172,0.32172,0.32172
0.3378,0.3378,0.3378,0.3378,0.3378,0.3378,0.3378
0.35389,0.35389,0.35389,0.35389,0.35389,0.35389,0.35389
0.36461,0.36461,0.36461,0.36461,0.36461,0.36461,0.36461
0.37802,0.37802,0.37802,0.37802,0.37802,0.37802,0.37802
0.39678,0.39678,0.39678,0.39678,0.39678,0.39678,0.39678
0.42627,0.42627,0.42627,0.42627,0.42627,0.42627,0.42627
0.43164,0.43164,0.43164,0.43164,0.43164,0.43164,0.43164
0.43432,0.43432,0.43432,0.43432,0.43432,0.43432,0.43432
0.42895,0.42895,0.42895,0.42895,0.42895,0.42895,0.42895
0.42627,0.42627,0.42627,0.42627,0.42627,0.42627,0.42627
0.42091,0.42091,0.42091,0.42091,0.42091,0.42091,0.42091
0.40214,0.40214,0.40214,0.40214,0.40214,0.40214,0.40214
0.38874,0.38874,0.38874,0.38874,0.38874,0.38874,0.38874
0.38606,0.38606,0.38606,0.38606,0.38606,0.38606,0.38606
0.36729,0.36729,0.36729,0.36729,0.36729,0.36729,0.36729
0.35925,0.35925,0.35925,0.35925,0.35925,0.35925,0.35925
0.35925,0.35925,0.35925,0.35925,0.35925,0.35925,0.35925
0.35657,0.35657,0.35657,0.35657,0.35657,0.35657,0.35657
0.35925,0.35925,0.35925,0.35925,0.35925,0.35925,0.35925
0.36193,0.36193,0.36193,0.36193,0.36193,0.36193,0.36193
0.36461,0.36461,0.36461,0.36461,0.36461,0.36461,0.36461
0.36193,0.36193,0.36193,0.36193,0.36193,0.36193,0.36193
0.35657,0.35657,0.35657,0.35657,0.35657,0.35657,0.35657
0.34853,0.34853,0.34853,0.34853,0.34853,0.34853,0.34853
0.35389,0.35389,0.35389,0.35389,0.35389,0.35389,0.35389
0.35657,0.35657,0.35657,0.35657,0.35657,0.35657,0.35657
0.35389,0.35389,0.35389,0.35389,0.35389,0.35389,0.35389
0.35925,0.35925,0.35925,0.35925,0.35925,0.35925,0.35925
0.34853,0.34853,0.34853,0.34853,0.34853,0.34853,0.34853
0.34584,0.34584,0.34584,0.34584,0.34584,0.34584,0.34584
0.34316,0.34316,0.34316,0.34316,0.34316,0.34316,0.34316
0.34316,0.34316,0.34316,0.34316,0.34316,0.34316,0.34316
0.33512,0.33512,0.33512,0.33512,0.33512,0.33512,0.33512
0.33244,0.33244,0.33244,0.33244,0.33244,0.33244,0.33244
0.32976,0.32976,0.32976,0.32976,0.32976,0.32976,0.32976
0.32708,0.32708,0.32708,0.32708,0.32708,0.32708,0.32708
0.33244,0.33244,0.33244,0.33244,0.33244,0.33244,0.33244
0.3378,0.3378,0.3378,0.3378,0.3378,0.3378,0.3378
0.33244,0.33244,0.33244,0.33244,0.33244,0.33244,0.33244
0.3244,0.3244,0.3244,0.3244,0.3244,0.3244,0.3244
0.3244,0.3244,0.3244,0.3244,0.3244,0.3244,0.3244
0.32976,0.32976,0.32976,0.32976,0.32976,0.32976,0.32976
0.32976,0.32976,0.32976,0.32976,0.32976,0.32976,0.32976
0.31903,0.31903,0.31903,0.31903,0.31903,0.31903,0.31903
0.31635,0.31635,0.31635,0.31635,0.31635,0.31635,0.31635
0.31635,0.31635,0.31635,0.31635,0.31635,0.31635,0.31635
0.31367,0.31367,0.31367,0.31367,0.31367,0.31367,0.31367
0.31099,0.31099,0.31099,0.31099,0.31099,0.31099,0.31099
0.32172,0.32172,0.32172,0.32172,0.32172,0.32172,0.32172
0.33244,0.33244,0.33244,0.33244,0.33244,0.33244,0.33244
0.33512,0.33512,0.33512,0.33512,0.33512,0.33512,0.33512
0.36997,0.36997,0.36997,0.36997,0.36997,0.36997,0.36997
0.38874,0.38874,0.38874,0.38874,0.38874,0.38874,0.38874
0.41019,0.41019,0.41019,0.41019,0.41019,0.41019,0.41019
0.4504,0.4504,0.4504,0.4504,0.4504,0.4504,0.4504
0.43968,0.43968,0.43968,0.43968,0.43968,0.43968,0.43968
0.44504,0.44504,0.44504,0.44504,0.44504,0.44504,0.44504
0.42627,0.42627,0.42627,0.42627,0.42627,0.42627,0.42627
0.3941,0.3941,0.3941,0.3941,0.3941,0.3941,0.3941
0.39142,0.39142,0.39142,0.39142,0.39142,0.39142,0.39142
0.38874,0.38874,0.38874,0.38874,0.38874,0.38874,0.38874
0.38874,0.38874,0.38874,0.38874,0.38874,0.38874,0.38874
0.37802,0.37802,0.37802,0.37802,0.37802,0.37802,0.37802
0.37802,0.37802,0.37802,0.37802,0.37802,0.37802,0.37802
0.37265,0.37265,0.37265,0.37265,0.37265,0.37265,0.37265
0.37265,0.37265,0.37265,0.37265,0.37265,0.37265,0.37265
0.37534,0.37534,0.37534,0.37534,0.37534,0.37534,0.37534
0.33244,0.33244,0.33244,0.33244,0.33244,0.33244,0.33244
0.36193,0.36193,0.36193,0.36193,0.36193,0.36193,0.36193
0.37802,0.37802,0.37802,0.37802,0.37802,0.37802,0.37802
0.38338,0.38338,0.38338,0.38338,0.38338,0.38338,0.38338
0.35121,0.35121,0.35121,0.35121,0.35121,0.35121,0.35121
0.36193,0.36193,0.36193,0.36193,0.36193,0.36193,0.36193
0.40483,0.40483,0.40483,0.40483,0.40483,0.40483,0.40483
0.43432,0.43432,0.43432,0.43432,0.43432,0.43432,0.43432
0.49062,0.49062,0.49062,0.49062,0.49062,0.49062,0.49062
0.49866,0.49866,0.49866,0.49866,0.49866,0.49866,0.49866
0.4933,0.4933,0.4933,0.4933,0.4933,0.4933,0.4933
0.47185,0.47185,0.47185,0.47185,0.47185,0.47185,0.47185
0.47185,0.47185,0.47185,0.47185,0.47185,0.47185,0.47185
0.4504,0.4504,0.4504,0.4504,0.4504,0.4504,0.4504
0.42627,0.42627,0.42627,0.42627,0.42627,0.42627,0.42627
0.3941,0.3941,0.3941,0.3941,0.3941,0.3941,0.3941
0.36729,0.36729,0.36729,0.36729,0.36729,0.36729,0.36729
0.34048,0.34048,0.34048,0.34048,0.34048,0.34048,0.34048
0.32976,0.32976,0.32976,0.32976,0.32976,0.32976,0.32976
0.3244,0.3244,0.3244,0.3244,0.3244,0.3244,0.3244
0.31099,0.31099,0.31099,0.31099,0.31099,0.31099,0.31099
0.28686,0.28686,0.28686,0.28686,0.28686,0.28686,0.28686
0.27078,0.27078,0.27078,0.27078,0.27078,0.27078,0.27078
0.27882,0.27882,0.27882,0.27882,0.27882,0.27882,0.27882
0.25737,0.25737,0.25737,0.25737,0.25737,0.25737,0.25737
0.24933,0.24933,0.24933,0.24933,0.24933,0.24933,0.24933
0.23592,0.23592,0.23592,0.23592,0.23592,0.23592,0.23592
0.23324,0.23324,0.23324,0.23324,0.23324,0.23324,0.23324
0.23592,0.23592,0.23592,0.23592,0.23592,0.23592,0.23592
0.24933,0.24933,0.24933,0.24933,0.24933,0.24933,0.24933
0.27346,0.27346,0.27346,0.27346,0.27346,0.27346,0.27346
0.29223,0.29223,0.29223,0.29223,0.29223,0.29223,0.29223
0.30563,0.30563,0.30563,0.30563,0.30563,0.30563,0.30563
0.3244,0.3244,0.3244,0.3244,0.3244,0.3244,0.3244
0.34584,0.34584,0.34584,0.34584,0.34584,0.34584,0.34584
0.35389,0.35389,0.35389,0.35389,0.35389,0.35389,0.35389
0.35121,0.35121,0.35121,0.35121,0.35121,0.35121,0.35121
0.34048,0.34048,0.34048,0.34048,0.34048,0.34048,0.34048
0.3378,0.3378,0.3378,0.3378,0.3378,0.3378,0.3378
0.34316,0.34316,0.34316,0.34316,0.34316,0.34316,0.34316
0.34048,0.34048,0.34048,0.34048,0.34048,0.34048,0.34048
0.3378,0.3378,0.3378,0.3378,0.3378,0.3378,0.3378
0.32976,0.32976,0.32976,0.32976,0.32976,0.32976,0.32976
0.31099,0.31099,0.31099,0.31099,0.31099,0.31099,0.31099
0.30563,0.30563,0.30563,0.30563,0.30563,0.30563,0.30563
0.28418,0.28418,0.28418,0.28418,0.28418,0.28418,0.28418
0.27882,0.27882,0.27882,0.27882,0.27882,0.27882,0.27882
0.27882,0.27882,0.27882,0.27882,0.27882,0.27882,0.27882
0.28418,0.28418,0.28418,0.28418,0.28418,0.28418,0.28418
0.27614,0.27614,0.27614,0.27614,0.27614,0.27614,0.27614
0.24665,0.24665,0.24665,0.24665,0.24665,0.24665,0.24665
0.2252,0.2252,0.2252,0.2252,0.2252,0.2252,0.2252
0.22788,0.22788,0.22788,0.22788,0.22788,0.22788,0.22788
0.24129,0.24129,0.24129,0.24129,0.24129,0.24129,0.24129
0.28954,0.28954,0.28954,0.28954,0.28954,0.28954,0.28954
0.33512,0.33512,0.33512,0.33512,0.33512,0.33512,0.33512
0.35925,0.35925,0.35925,0.35925,0.35925,0.35925,0.35925
0.36997,0.36997,0.36997,0.36997,0.36997,0.36997,0.36997
0.38338,0.38338,0.38338,0.38338,0.38338,0.38338,0.38338
0.38338,0.38338,0.38338,0.38338,0.38338,0.38338,0.38338
0.3807,0.3807,0.3807,0.3807,0.3807,0.3807,0.3807
0.37265,0.37265,0.37265,0.37265,0.37265,0.37265,0.37265
0.35925,0.35925,0.35925,0.35925,0.35925,0.35925,0.35925
0.34048,0.34048,0.34048,0.34048,0.34048,0.34048,0.34048
0.31903,0.31903,0.31903,0.31903,0.31903,0.31903,0.31903
0.31099,0.31099,0.31099,0.31099,0.31099,0.31099,0.31099
0.29759,0.29759,0.29759,0.29759,0.29759,0.29759,0.29759
0.27882,0.27882,0.27882,0.27882,0.27882,0.27882,0.27882
0.27614,0.27614,0.27614,0.27614,0.27614,0.27614,0.27614
0.27614,0.27614,0.27614,0.27614,0.27614,0.27614,0.27614
0.27346,0.27346,0.27346,0.27346,0.27346,0.27346,0.27346
0.27078,0.27078,0.27078,0.27078,0.27078,0.27078,0.27078
0.27614,0.27614,0.27614,0.27614,0.27614,0.27614,0.27614
0.27614,0.27614,0.27614,0.27614,0.27614,0.27614,0.27614
0.25737,0.25737,0.25737,0.25737,0.25737,0.25737,0.25737
0.23324,0.23324,0.23324,0.23324,0.23324,0.23324,0.23324
0.23861,0.23861,0.23861,0.23861,0.23861,0.23861,0.23861
0.24665,0.24665,0.24665,0.24665,0.24665,0.24665,0.24665
0.25469,0.25469,0.25469,0.25469,0.25469,0.25469,0.25469
0.29491,0.29491,0.29491,0.29491,0.29491,0.29491,0.29491
0.31903,0.31903,0.31903,0.31903,0.31903,0.31903,0.31903
0.34048,0.34048,0.34048,0.34048,0.34048,0.34048,0.34048
0.35389,0.35389,0.35389,0.35389,0.35389,0.35389,0.35389
0.35389,0.35389,0.35389,0.35389,0.35389,0.35389,0.35389
0.34853,0.34853,0.34853,0.34853,0.34853,0.34853,0.34853
0.34316,0.34316,0.34316,0.34316,0.34316,0.34316,0.34316
0.3378,0.3378,0.3378,0.3378,0.3378,0.3378,0.3378
0.32708,0.32708,0.32708,0.32708,0.32708,0.32708,0.32708
0.31635,0.31635,0.31635,0.31635,0.31635,0.31635,0.31635
0.31099,0.31099,0.31099,0.31099,0.31099,0.31099,0.31099
0.30027,0.30027,0.30027,0.30027,0.30027,0.30027,0.30027
0.25737,0.25737,0.25737,0.25737,0.25737,0.25737,0.25737
0.23861,0.23861,0.23861,0.23861,0.23861,0.23861,0.23861
0.23592,0.23592,0.23592,0.23592,0.23592,0.23592,0.23592
0.23861,0.23861,0.23861,0.23861,0.23861,0.23861,0.23861
0.25201,0.25201,0.25201,0.25201,0.25201,0.25201,0.25201
0.25737,0.25737,0.25737,0.25737,0.25737,0.25737,0.25737
0.27078,0.27078,0.27078,0.27078,0.27078,0.27078,0.27078
0.2815,0.2815,0.2815,0.2815,0.2815,0.2815,0.2815
0.2681,0.2681,0.2681,0.2681,0.2681,0.2681,0.2681
0.26273,0.26273,0.26273,0.26273,0.26273,0.26273,0.26273
0.26542,0.26542,0.26542,0.26542,0.26542,0.26542,0.26542
0.27346,0.27346,0.27346,0.27346,0.27346,0.27346,0.27346
0.2815,0.2815,0.2815,0.2815,0.2815,0.2815,0.2815
0.29223,0.29223,0.29223,0.29223,0.29223,0.29223,0.29223
0.29223,0.29223,0.29223,0.29223,0.29223,0.29223,0.29223
0.27346,0.27346,0.27346,0.27346,0.27346,0.27346,0.27346
0.25737,0.25737,0.25737,0.25737,0.25737,0.25737,0.25737
0.25469,0.25469,0.25469,0.25469,0.25469,0.25469,0.25469
0.25737,0.25737,0.25737,0.25737,0.25737,0.25737,0.25737
0.26273,0.26273,0.26273,0.26273,0.26273,0.26273,0.26273
0.26542,0.26542,0.26542,0.26542,0.26542,0.26542,0.26542
0.27346,0.27346,0.27346,0.27346,0.27346,0.27346,0.27346
0.27346,0.27346,0.27346,0.27346,0.27346,0.27346,0.27346
0.24397,0.24397,0.24397,0.24397,0.24397,0.24397,0.24397
0.2118,0.2118,0.2118,0.2118,0.2118,0.2118,0.2118
0.22788,0.22788,0.22788,0.22788,0.22788,0.22788,0.22788
0.24397,0.24397,0.24397,0.24397,0.24397,0.24397,0.24397
0.25737,0.25737,0.25737,0.25737,0.25737,0.25737,0.25737
0.26005,0.26005,0.26005,0.26005,0.26005,0.26005,0.26005
0.24933,0.24933,0.24933,0.24933,0.24933,0.24933,0.24933
0.23056,0.23056,0.23056,0.23056,0.23056,0.23056,0.23056
0.23324,0.23324,0.23324,0.23324,0.23324,0.23324,0.23324
0.24665,0.24665,0.24665,0.24665,0.24665,0.24665,0.24665
0.24397,0.24397,0.24397,0.24397,0.24397,0.24397,0.24397
0.2681,0.2681,0.2681,0.2681,0.2681,0.2681,0.2681
0.29223,0.29223,0.29223,0.29223,0.29223,0.29223,0.29223
0.3244,0.3244,0.3244,0.3244,0.3244,0.3244,0.3244
0.34853,0.34853,0.34853,0.34853,0.34853,0.34853,0.34853
0.39142,0.39142,0.39142,0.39142,0.39142,0.39142,0.39142
0.42359,0.42359,0.42359,0.42359,0.42359,0.42359,0.42359
0.44236,0.44236,0.44236,0.44236,0.44236,0.44236,0.44236
0.46113,0.46113,0.46113,0.46113,0.46113,0.46113,0.46113
0.41823,0.41823,0.41823,0.41823,0.41823,0.41823,0.41823
0.35389,0.35389,0.35389,0.35389,0.35389,0.35389,0.35389
0.3244,0.3244,0.3244,0.3244,0.3244,0.3244,0.3244
0.31903,0.31903,0.31903,0.31903,0.31903,0.31903,0.31903
0.30295,0.30295,0.30295,0.30295,0.30295,0.30295,0.30295
0.31099,0.31099,0.31099,0.31099,0.31099,0.31099,0.31099
0.30831,0.30831,0.30831,0.30831,0.30831,0.30831,0.30831
0.29491,0.29491,0.29491,0.29491,0.29491,0.29491,0.29491
0.28686,0.28686,0.28686,0.28686,0.28686,0.28686,0.28686
0.28418,0.28418,0.28418,0.28418,0.28418,0.28418,0.28418
0.28954,0.28954,0.28954,0.28954,0.28954,0.28954,0.28954
0.27346,0.27346,0.27346,0.27346,0.27346,0.27346,0.27346
0.26005,0.26005,0.26005,0.26005,0.26005,0.26005,0.26005
0.26542,0.26542,0.26542,0.26542,0.26542,0.26542,0.26542
0.2681,0.2681,0.2681,0.2681,0.2681,0.2681,0.2681
0.26273,0.26273,0.26273,0.26273,0.26273,0.26273,0.26273
0.30027,0.30027,0.30027,0.30027,0.30027,0.30027,0.30027
0.32976,0.32976,0.32976,0.32976,0.32976,0.32976,0.32976
0.3244,0.3244,0.3244,0.3244,0.3244,0.3244,0.3244
0.31367,0.31367,0.31367,0.31367,0.31367,0.31367,0.31367
0.31903,0.31903,0.31903,0.31903,0.31903,0.31903,0.31903
0.32976,0.32976,0.32976,0.32976,0.32976,0.32976,0.32976
0.33512,0.33512,0.33512,0.33512,0.33512,0.33512,0.33512
0.33244,0.33244,0.33244,0.33244,0.33244,0.33244,0.33244
0.32976,0.32976,0.32976,0.32976,0.32976,0.32976,0.32976
0.32976,0.32976,0.32976,0.32976,0.32976,0.32976,0.32976
0.32172,0.32172,0.32172,0.32172,0.32172,0.32172,0.32172
0.31367,0.31367,0.31367,0.31367,0.31367,0.31367,0.31367
0.29223,0.29223,0.29223,0.29223,0.29223,0.29223,0.29223
0.27346,0.27346,0.27346,0.27346,0.27346,0.27346,0.27346
0.26542,0.26542,0.26542,0.26542,0.26542,0.26542,0.26542
0.26005,0.26005,0.26005,0.26005,0.26005,0.26005,0.26005
0.26273,0.26273,0.26273,0.26273,0.26273,0.26273,0.26273
0.89899,0.974190967960378,0.922381716829605,0.932308825852505,0.915121842889014,0.954690392436945,0.941751632251179
0.89712,0.967288675548839,0.894768454988881,0.951635236008588,0.916350562144824,0.955297557653913,0.943229385548842
0.89277,0.966052161938134,0.890214190070284,0.96066454118551,0.915974506056834,0.956157938794601,0.951378667413555
0.89339,0.966662310250819,0.902715434756228,0.9658128315106,0.912172960139246,0.955066195537511,0.944662973136311
0.89464,0.966290601910949,0.91624809281015,0.970626640752356,0.911827537805773,0.95281050967841,0.938900681559336
0.90396,0.969022381779322,0.915623852771869,0.962751432409353,0.915993530864984,0.960436636645971,0.939039814219329
0.9338,0.970642585019298,0.911410402767602,0.962747323747378,0.941512498542486,0.981528936611765,0.951954181149974
0.99784,0.968025366689069,0.894244261395075,0.999661012020769,0.990595867086493,0.99829367338431,0.958970418032184
1.0575,0.966822432768535,0.893415251113341,1.01383570471594,1.03827368408285,1.0116353650966,1.00827797885761
1.1172,0.966117571856383,0.902922973105441,1.04835584202698,1.09065982417894,1.00748641827118,1.04604600710923
1.1713,0.967572494013089,0.902754411978615,1.0280220261057,1.10131392568229,1.01083732366896,1.07421663341457
1.2173,0.96738276440444,0.900469352286738,1.02582446129885,1.11374267632264,1.01188660918899,1.0786743285948
1.2471,0.968754325238564,0.90561142865079,1.02159497134986,1.12101589203058,1.01688709226661,1.08870335134759
1.2583,0.968680291602108,0.916895710521824,1.04452086370564,1.13625313667618,1.01456048441553,1.0863676753264
1.2366,0.969313779224518,0.921977478416415,1.0468763709158,1.13801223516964,1.01358923811487,1.08053051226378
1.2042,0.970640571878137,0.910056239934712,0.980317235714041,1.13650060910007,1.00155359267,1.078713603549
1.1626,0.971796412954209,0.910091288645882,0.951114340914909,1.12267557501821,1.00378112794667,1.0731674653312
1.1346,0.972453117714868,0.910820616767846,0.94323738567983,1.10032933024679,1.0091837468843,1.0589698337035
1.1141,0.971812876913296,0.913274572577827,0.972664878735444,1.08928382026233,1.00604617355489,1.04518832696419
1.0799,0.973761065265758,0.915252067396193,0.93894491437627,1.05930511463753,0.999198873681975,1.01395806032947
1.0345,0.974738840473586,0.918360517845323,0.932059207596553,1.02815115695648,0.994739997901473,0.985791682626958
0.99473,0.974867539772703,0.920259328647355,0.935663871747571,0.999121904825881,0.982702312011438,0.955145423752354
0.96862,0.972213265751213,0.911563948082175,0.97015251539695,0.970820017706461,0.980568831222727,0.950570286066868
0.93878,0.97371026241453,0.914670067073307,0.93843080373667,0.948686875155244,0.976614063032776,0.952998063961018
