small_1,small_de_2,all_3,all_de_4,small_5,small_de_6,all_7,all_de_8,small_9,small_de_10,all_11,all_de_12,small_13,small_de_14,all_15,all_de_16,small_17,small_de_18,all_19,all_de_20,small_21,small_de_22,all_23,all_de_24,small_25,small_de_26,all_27,all_de_28,original
0.994476616382599,0.979054987430573,1.00390315055847,0.909423053264618,0.988844692707062,1.00204610824585,1.00630640983582,0.957265317440033,1.00471258163452,1.02230727672577,0.977250218391418,0.983192682266235,1.01546096801758,1.01010239124298,1.00188660621643,0.941744089126587,1.0183402299881,0.991765320301056,1.02062511444092,0.994708597660065,1.01986169815063,0.999081254005432,1.0035719871521,0.990997195243835,0.969583630561829,0.98159396648407,0.941295742988586,0.920932590961456,0.94748
0.993485510349274,0.978034734725952,0.999114155769348,0.901124894618988,0.98599898815155,0.999435901641846,1.00348114967346,0.950623273849487,1.00345087051392,1.01878070831299,0.974792063236237,0.977467775344849,1.01452660560608,1.00652313232422,0.998321235179901,0.934880256652832,1.01641798019409,0.986705303192139,1.01820075511932,0.989648580551147,1.01818299293518,0.994019150733948,1.0016223192215,0.985936284065247,0.968758821487427,0.981313049793243,0.937732458114624,0.913828909397125,0.94686
0.992596626281738,0.979710340499878,0.993631899356842,0.895116627216339,0.9833944439888,0.99948662519455,0.999072730541229,0.945896506309509,1.0021356344223,1.01775336265564,0.970397114753723,0.973540484905243,1.01333236694336,1.00544404983521,0.993184745311737,0.930515706539154,1.0136890411377,0.984464704990387,1.013503074646,0.987405121326447,1.01559829711914,0.991777241230011,0.997572124004364,0.983704030513763,0.968193292617798,0.983733713626862,0.932809233665466,0.908687829971313,0.92386
0.983542859554291,0.973045587539673,0.988987028598785,0.889757096767426,0.975636184215546,0.993819177150726,0.992476284503937,0.940896511077881,0.994540810585022,1.01483106613159,0.964722156524658,0.969724595546722,1.00572228431702,1.00098896026611,0.987407207489014,0.925768911838531,1.00715219974518,0.983309686183929,1.0080429315567,0.986245334148407,1.00930535793304,0.990621984004974,0.992672145366669,0.98254531621933,0.958958029747009,0.976326525211334,0.927026033401489,0.904048800468445,0.9021
0.978844821453094,0.97187066078186,0.985847890377045,0.889038324356079,0.970665097236633,0.992397487163544,0.988778233528137,0.938074231147766,0.990667939186096,1.01435208320618,0.960134863853455,0.967090725898743,1.00201439857483,0.999743938446045,0.983155310153961,0.922764718532562,1.00348699092865,0.98295396566391,1.00232470035553,0.985889375209808,1.00585985183716,0.990265130996704,0.985441386699677,0.982178330421448,0.954190254211426,0.975118219852448,0.923568487167358,0.90158212184906,0.88718
0.974777460098267,0.970115900039673,0.984900057315826,0.884519636631012,0.968896210193634,0.992341876029968,0.988449275493622,0.935761153697968,0.987709939479828,1.01617050170898,0.959158897399902,0.966252684593201,0.998725891113281,1.00094878673553,0.983076095581055,0.920717716217041,1.0014705657959,0.986883223056793,1.00211560726166,0.989822804927826,1.00374054908752,0.994196057319641,0.984656929969788,0.986101269721985,0.949896216392517,0.972440719604492,0.922799825668335,0.898409128189087,0.88034
0.984370112419128,0.983384072780609,0.99972540140152,0.90479975938797,0.977169454097748,1.00463354587555,1.00735688209534,0.953796148300171,0.996421277523041,1.02647197246552,0.973247766494751,0.981687784194946,1.00734186172485,1.01218605041504,0.999568045139313,0.93896222114563,1.00848424434662,0.996031820774078,1.01466143131256,0.998974561691284,1.01039505004883,1.00334477424622,0.996642351150513,0.995252668857574,0.95963180065155,0.986310720443726,0.938811421394348,0.917382001876831,0.91826
1.02355980873108,1.01086759567261,1.02118253707886,0.929231226444244,1.01425099372864,1.03049743175507,1.03266549110413,0.97828596830368,1.03552103042603,1.04646182060242,0.99432384967804,1.00460028648376,1.04616665840149,1.03611981868744,1.02358317375183,0.964589655399323,1.04440355300903,1.01230835914612,1.03509533405304,1.01525163650513,1.04463303089142,1.01962029933929,1.01650512218475,1.01154267787933,0.998080372810364,1.01492428779602,0.960465431213379,0.94182687997818,1.009
1.07943367958069,1.0505383014679,1.05813503265381,0.969260632991791,1.06701445579529,1.06694447994232,1.07225298881531,1.01645195484161,1.08870530128479,1.07224655151367,1.03003668785095,1.04000890254974,1.09893810749054,1.0683845281601,1.06360745429993,1.00481808185577,1.09332180023193,1.0320919752121,1.07103204727173,1.03503000736237,1.0913153886795,1.03940451145172,1.05348682403564,1.03135466575623,1.05341064929962,1.0569406747818,0.996933341026306,0.981298744678497,1.083
1.13393187522888,1.09611189365387,1.09828364849091,1.01530110836029,1.12032794952393,1.11091589927673,1.11245083808899,1.06105363368988,1.14074635505676,1.10536217689514,1.07021236419678,1.08367955684662,1.15060806274414,1.10891366004944,1.10728049278259,1.05226576328278,1.14351093769073,1.05978095531464,1.11289024353027,1.06271874904633,1.13930749893188,1.0670964717865,1.09656691551208,1.05907320976257,1.10699534416199,1.10434949398041,1.03599429130554,1.02728819847107,1.1707
1.15508079528809,1.1208952665329,1.16343772411346,1.09709978103638,1.14032912254333,1.1356475353241,1.18187308311462,1.1279753446579,1.16075611114502,1.1282274723053,1.13217353820801,1.1357649564743,1.17049586772919,1.13312792778015,1.17574536800385,1.11982548236847,1.16212224960327,1.08194160461426,1.17283952236176,1.0848902463913,1.15709733963013,1.08925819396973,1.15477252006531,1.08127057552338,1.12792992591858,1.12936556339264,1.10249817371368,1.09823036193848,1.1781
1.16647362709045,1.13526940345764,1.20716381072998,1.14526748657227,1.15146017074585,1.15016961097717,1.22879767417908,1.16684770584106,1.16985177993774,1.13988721370697,1.17454171180725,1.16578209400177,1.17963838577271,1.14684438705444,1.22185456752777,1.1597398519516,1.1717255115509,1.09244239330292,1.21427834033966,1.09539926052094,1.16642260551453,1.09976148605347,1.19549655914307,1.09179735183716,1.13937377929688,1.14416348934174,1.14739048480988,1.1401754617691,1.1788
1.16592609882355,1.14730787277222,1.25052082538605,1.20991003513336,1.14960908889771,1.1607266664505,1.27633833885193,1.21471011638641,1.16659879684448,1.1497848033905,1.2124228477478,1.19668090343475,1.17632389068604,1.15611636638641,1.2649872303009,1.20532262325287,1.16715025901794,1.1020565032959,1.2490975856781,1.10502028465271,1.16203331947327,1.10937595367432,1.2263388633728,1.10143685340881,1.13962841033936,1.15692627429962,1.19200825691223,1.19164943695068,1.1812
1.11604940891266,1.12864255905151,1.23253726959229,1.18828892707825,1.10271966457367,1.1451917886734,1.25645053386688,1.19580101966858,1.11462485790253,1.14231598377228,1.19458663463593,1.18194687366486,1.12488293647766,1.14352452754974,1.24439656734467,1.18499279022217,1.1208484172821,1.09980618953705,1.2312273979187,1.10277473926544,1.11810719966888,1.10712909698486,1.20833563804626,1.09917819499969,1.09091579914093,1.13659310340881,1.17565047740936,1.17232823371887,1.18
1.08608436584473,1.11646711826324,1.20871567726135,1.17237317562103,1.07436573505402,1.13400185108185,1.23091447353363,1.17959880828857,1.08420014381409,1.13575410842896,1.16966545581818,1.1660795211792,1.09462702274323,1.13369905948639,1.21585917472839,1.16609227657318,1.09276533126831,1.09606969356537,1.20428276062012,1.09903419017792,1.09132385253906,1.10339307785034,1.17996692657471,1.09541511535645,1.06164765357971,1.12362992763519,1.151486992836,1.15503644943237,1.1707
1.07612156867981,1.10993599891663,1.18012094497681,1.15323853492737,1.0648946762085,1.12722873687744,1.20018172264099,1.16104769706726,1.07432723045349,1.12885284423828,1.13894641399384,1.14849698543549,1.08484411239624,1.12678480148315,1.18198680877686,1.14490604400635,1.08372855186462,1.08894872665405,1.1720232963562,1.09190762042999,1.08272063732147,1.09627175331116,1.14680123329163,1.0882762670517,1.05185317993164,1.11720490455627,1.12280094623566,1.13543248176575,1.1613
1.07178163528442,1.1030820608139,1.14663743972778,1.12334728240967,1.06003177165985,1.11964869499207,1.16333794593811,1.13496828079224,1.06963014602661,1.12053060531616,1.10506892204285,1.12766897678375,1.08009648323059,1.11862576007843,1.14529991149902,1.11706578731537,1.07818269729614,1.08002197742462,1.13773703575134,1.08297693729401,1.07735323905945,1.08734452724457,1.1126321554184,1.07933735847473,1.04785943031311,1.11070966720581,1.0880606174469,1.10844135284424,1.1446
1.06871676445007,1.09577286243439,1.12774693965912,1.10477006435394,1.05775046348572,1.11311423778534,1.14203357696533,1.11913025379181,1.06721544265747,1.11363935470581,1.08664751052856,1.11538124084473,1.07765567302704,1.11248528957367,1.12538385391235,1.10123360157013,1.07641017436981,1.07304632663727,1.11993062496185,1.07600045204163,1.07563853263855,1.08036959171295,1.09555494785309,1.07236051559448,1.04465842247009,1.10316967964172,1.06808161735535,1.09205782413483,1.1328
1.06437563896179,1.08596551418304,1.11232244968414,1.08394658565521,1.05434596538544,1.10459065437317,1.12368702888489,1.10281789302826,1.06392240524292,1.10621500015259,1.07281064987183,1.10316252708435,1.07438182830811,1.10497653484344,1.10934567451477,1.08479797840118,1.074054479599,1.06654441356659,1.10775566101074,1.06949579715729,1.07338631153107,1.07386839389801,1.08449530601501,1.06584966182709,1.04008948802948,1.09273362159729,1.05161666870117,1.07428395748138,1.1073
1.05591142177582,1.07328677177429,1.09385800361633,1.05676019191742,1.04557168483734,1.09114837646484,1.10341167449951,1.08056843280792,1.05521845817566,1.09424448013306,1.05715763568878,1.08509612083435,1.0654274225235,1.09128069877625,1.09103107452393,1.0624692440033,1.06375575065613,1.05563902854919,1.0935070514679,1.05858707427979,1.06332099437714,1.06296265125275,1.07179486751556,1.05492854118347,1.03220319747925,1.08012855052948,1.03328239917755,1.0502872467041,1.0724
1.0521594285965,1.05534529685974,1.07261157035828,1.01796233654022,1.04318046569824,1.07422757148743,1.07908749580383,1.04942166805267,1.05136609077454,1.07839894294739,1.03913831710815,1.06037390232086,1.06120252609253,1.07495582103729,1.07017850875854,1.03177058696747,1.05977344512939,1.04143142700195,1.07868337631226,1.04437756538391,1.05929327011108,1.04875683784485,1.05926406383514,1.04070901870728,1.02863788604736,1.06165266036987,1.01103973388672,1.01760160923004,1.0327
1.04770064353943,1.03748166561127,1.04875779151917,0.972767889499664,1.03810381889343,1.05563449859619,1.05277395248413,1.01298820972443,1.04623341560364,1.06047606468201,1.01912403106689,1.03153836727142,1.05586433410645,1.05583930015564,1.04634356498718,0.995368540287018,1.05302691459656,1.02444958686829,1.0610910654068,1.02739119529724,1.05267453193665,1.03177559375763,1.04380238056183,1.02370655536652,1.02472233772278,1.04396200180054,0.986917853355408,0.978973925113678,0.99349
1.0431182384491,1.02334678173065,1.02655100822449,0.935961484909058,1.03228116035461,1.0403608083725,1.0294873714447,0.982598125934601,1.04138374328613,1.04603457450867,1.00007212162018,1.00687968730927,1.05101084709167,1.04006743431091,1.02445721626282,0.9654301404953,1.04667043685913,1.01025867462158,1.04308557510376,1.01319801807404,1.04653191566467,1.01758337020874,1.02735304832458,1.00950407981873,1.02056956291199,1.03012728691101,0.964956045150757,0.946817934513092,0.9624
1.03668880462646,1.00942802429199,1.01063799858093,0.909210801124573,1.02552402019501,1.025475025177,1.0126690864563,0.959811449050903,1.0340564250946,1.03251111507416,0.985609650611877,0.987312912940979,1.04330098628998,1.02466642856598,1.00858569145203,0.943194389343262,1.03727626800537,0.998045206069946,1.02962398529053,1.00098156929016,1.03726720809937,1.00537002086639,1.01518249511719,0.997282803058624,1.01487445831299,1.01637029647827,0.948877692222595,0.923262238502502,0.92759
