small_1,small_de_2,all_3,all_de_4,small_5,small_de_6,all_7,all_de_8,small_9,small_de_10,all_11,all_de_12,small_13,small_de_14,all_15,all_de_16,small_17,small_de_18,all_19,all_de_20,small_21,small_de_22,all_23,all_de_24,small_25,small_de_26,all_27,all_de_28,original
0.874251425266266,3.53773236274719,0.639133095741272,2.50289177894592,1.18827128410339,1.19382703304291,0.961839854717255,1.04607427120209,1.1705174446106,1.16330516338348,0.96147620677948,1.05004251003265,1.15575683116913,1.17772567272186,0.978617668151855,1.0503534078598,1.14830148220062,1.16190659999847,0.984849452972412,1.04830157756805,1.20532846450806,1.16574227809906,0.969579577445984,1.05958926677704,1.15360808372498,1.19805037975311,0.957629859447479,1.02736508846283,0.9533
1.00644671916962,2.2340292930603,0.743042826652527,1.40654981136322,1.20518255233765,1.39398515224457,0.943811416625977,1.07739961147308,1.23713254928589,1.34398019313812,0.950376272201538,1.0962108373642,1.22837495803833,1.36597573757172,0.967008173465729,1.08125340938568,1.24070620536804,1.32774770259857,0.971362829208374,1.08911216259003,1.20891547203064,1.33730924129486,0.958056688308716,1.09358823299408,1.2323317527771,1.40072333812714,0.941664755344391,1.04951703548431,0.98625
1.08293104171753,1.6135767698288,0.81591922044754,1.15928065776825,1.20828890800476,1.46880424022675,0.938981235027313,1.12857139110565,1.24576508998871,1.41572606563568,0.949863791465759,1.15943849086761,1.23868584632874,1.43882024288177,0.9663445353508,1.13475453853607,1.25327169895172,1.39944446086884,0.969551205635071,1.15058028697968,1.20966017246246,1.4097021818161,0.957191586494446,1.14858090877533,1.24328780174255,1.47596776485443,0.938062608242035,1.0940078496933,1.0209
1.12502074241638,1.41694605350494,0.864648163318634,1.13319838047028,1.21599245071411,1.60049688816071,0.934674561023712,1.18439495563507,1.27487087249756,1.54766142368317,0.949829936027527,1.23272716999054,1.26996803283691,1.57209455966949,0.965947508811951,1.19247877597809,1.29321491718292,1.53130257129669,0.967884421348572,1.22329008579254,1.21200001239777,1.54092371463776,0.959475517272949,1.21448242664337,1.27733361721039,1.60818922519684,0.931969463825226,1.14761459827423,1.0355
1.14745080471039,1.39719462394714,0.898463726043701,1.16932511329651,1.21225333213806,1.70809006690979,0.94057685136795,1.22343325614929,1.26809740066528,1.66131567955017,0.960946679115295,1.28503108024597,1.26526618003845,1.69005274772644,0.973833322525024,1.23188233375549,1.28635048866272,1.6546094417572,0.979827165603638,1.27680420875549,1.2068167924881,1.66007542610168,0.969218790531158,1.26649689674377,1.27135169506073,1.71791577339172,0.937056183815002,1.18153786659241,1.054
1.15984559059143,1.42091310024261,0.923537969589233,1.22092139720917,1.20523238182068,1.79867112636566,0.950311243534088,1.26166617870331,1.24726796150208,1.74748885631561,0.970455765724182,1.33742558956146,1.24134480953217,1.78381335735321,0.983196675777435,1.26666820049286,1.2565758228302,1.74921071529388,0.988998413085938,1.33154284954071,1.20467138290405,1.75293672084808,0.979377865791321,1.32070052623749,1.24553120136261,1.81191194057465,0.946260511875153,1.21124684810638,1.0733
1.16906809806824,1.38385677337646,0.941198110580444,1.2175178527832,1.20345020294189,1.71539402008057,0.95848935842514,1.24741172790527,1.23419380187988,1.67316102981567,0.978789806365967,1.34094381332397,1.22868204116821,1.70441007614136,0.989836633205414,1.24988746643066,1.23913896083832,1.68222999572754,0.997894406318665,1.33426713943481,1.20425641536713,1.68399286270142,0.987019658088684,1.32092905044556,1.23105537891388,1.72700214385986,0.952928245067596,1.19088268280029,1.0902
1.17507827281952,1.42757773399353,0.954777598381042,1.19707703590393,1.20763611793518,1.69169783592224,0.968261241912842,1.22740530967712,1.23590803146362,1.65839171409607,0.98727810382843,1.33143973350525,1.23308181762695,1.68205714225769,0.999224245548248,1.22573828697205,1.24180269241333,1.66536355018616,1.00882613658905,1.32180190086365,1.20616912841797,1.66591906547546,0.996320724487305,1.3052122592926,1.23408591747284,1.70029616355896,0.964100301265717,1.16722464561462,1.1038
1.17560362815857,1.40840375423431,0.964479267597198,1.15168654918671,1.20725774765015,1.58567655086517,0.975049734115601,1.20523774623871,1.23379683494568,1.55352056026459,0.991631627082825,1.30990016460419,1.23034858703613,1.57298219203949,1.00366294384003,1.19846999645233,1.23825311660767,1.55695188045502,1.01303601264954,1.29508340358734,1.20655608177185,1.55913150310516,1.00057303905487,1.27539193630219,1.23101913928986,1.59261071681976,0.971387505531311,1.14859521389008,1.099
1.17990899085999,1.34147942066193,0.970398187637329,1.11561501026154,1.21634244918823,1.40301859378815,0.981585085391998,1.16301786899567,1.23660457134247,1.38303482532501,0.995958566665649,1.26003801822662,1.23538815975189,1.3924742937088,1.0074474811554,1.16044867038727,1.24007177352905,1.38492453098297,1.01999914646149,1.24447166919708,1.21416640281677,1.38633596897125,1.00471830368042,1.22710812091827,1.23397886753082,1.40593254566193,0.976476609706879,1.11557400226593,1.0862
1.17639410495758,1.25102639198303,0.972005248069763,1.10718560218811,1.21432828903198,1.24583172798157,0.980264604091644,1.13419032096863,1.23271906375885,1.23709607124329,0.992726802825928,1.20573449134827,1.23198485374451,1.23638844490051,1.00566387176514,1.13613390922546,1.23648190498352,1.23217415809631,1.01882719993591,1.19421410560608,1.21228194236755,1.2332546710968,1.00268340110779,1.18390345573425,1.23093569278717,1.24440503120422,0.975149750709534,1.10182023048401,1.0691
1.17322671413422,1.22587823867798,0.971193552017212,1.11783933639526,1.21642065048218,1.29849672317505,0.983314216136932,1.12742900848389,1.23854207992554,1.27750539779663,0.992831110954285,1.17302179336548,1.23599350452423,1.28381395339966,1.00457048416138,1.13186264038086,1.24188852310181,1.25826263427734,1.01721203327179,1.16541528701782,1.2152271270752,1.26195859909058,1.00204789638519,1.16349983215332,1.23535549640656,1.29928398132324,0.976114690303802,1.10350608825684,1.0279
1.17339444160461,1.25329196453094,0.964909553527832,1.14943158626556,1.22558569908142,1.35351121425629,0.967276215553284,1.10998475551605,1.24906921386719,1.33337199687958,0.975797653198242,1.12598645687103,1.24971079826355,1.33950889110565,0.988432645797729,1.12122237682343,1.25558388233185,1.3000248670578,1.00318765640259,1.12552726268768,1.22098135948181,1.3036402463913,0.984030246734619,1.13783442974091,1.24819755554199,1.35346686840057,0.960649967193604,1.08954989910126,0.99923
1.17631208896637,1.32389163970947,0.956488132476807,1.19792938232422,1.24681615829468,1.42481899261475,0.964819848537445,1.10453653335571,1.26509463787079,1.40398120880127,0.970402002334595,1.09590148925781,1.26632392406464,1.4133996963501,0.983938157558441,1.11886215209961,1.26859951019287,1.36204767227173,1.00047397613525,1.10544681549072,1.24126505851746,1.36577892303467,0.97916054725647,1.12900352478027,1.26160728931427,1.42550897598267,0.95666640996933,1.08182144165039,0.96656
1.16759562492371,1.36978042125702,0.941494822502136,1.21358239650726,1.24862837791443,1.47375333309174,0.952687501907349,1.08667504787445,1.26220965385437,1.44693267345428,0.956795811653137,1.06841599941254,1.26375889778137,1.45698344707489,0.970625936985016,1.10096156597137,1.26514041423798,1.39264810085297,0.988643288612366,1.08405673503876,1.24377036094666,1.39829242229462,0.965923249721527,1.11281430721283,1.25925171375275,1.47401416301727,0.943188428878784,1.05890119075775,0.93548
1.15176129341125,1.33313429355621,0.920206725597382,1.18077003955841,1.22726273536682,1.41549789905548,0.924872159957886,1.05944740772247,1.23725557327271,1.38589537143707,0.927313804626465,1.04002296924591,1.23703479766846,1.39581549167633,0.941847026348114,1.07202160358429,1.23907232284546,1.32989180088043,0.960724353790283,1.05639755725861,1.2258814573288,1.33703291416168,0.937612116336823,1.08406364917755,1.23508262634277,1.41559040546417,0.912793040275574,1.0274111032486,0.90963
1.14711713790894,1.27378165721893,0.902418494224548,1.10055148601532,1.22155463695526,1.3109940290451,0.903827130794525,1.0132178068161,1.23299789428711,1.28838717937469,0.908253073692322,0.996959030628204,1.23470175266266,1.29330909252167,0.924042999744415,1.02552211284637,1.23722875118256,1.23638713359833,0.94441545009613,1.00875651836395,1.2185070514679,1.24182879924774,0.918163955211639,1.03094804286957,1.23305547237396,1.30918061733246,0.894108414649963,0.983268558979034,0.88871
1.14000403881073,1.17400777339935,0.896867275238037,1.01371943950653,1.20545983314514,1.15006721019745,0.901926934719086,0.962670207023621,1.21326124668121,1.13862788677216,0.90655243396759,0.948243021965027,1.21530389785767,1.13879001140594,0.923890709877014,0.971897959709167,1.21667647361755,1.09832227230072,0.944240093231201,0.955848097801208,1.20336508750916,1.10119044780731,0.916404247283936,0.972521662712097,1.21413099765778,1.14681851863861,0.894517183303833,0.938631892204285,0.8989
1.14105939865112,1.18297958374023,0.905338644981384,1.00174856185913,1.20491576194763,1.15571308135986,0.926497280597687,0.962824821472168,1.21287298202515,1.14663028717041,0.929524421691895,0.948824405670166,1.2152042388916,1.14871978759766,0.945192098617554,0.970465183258057,1.21647918224335,1.11413955688477,0.966737389564514,0.952735424041748,1.20252335071564,1.11466646194458,0.93999969959259,0.968693256378174,1.21390974521637,1.15356969833374,0.916677176952362,0.942731857299805,0.91462
1.14228928089142,1.18208801746368,0.919340372085571,1.01072943210602,1.20502817630768,1.1482549905777,0.943205595016479,0.967057824134827,1.21234655380249,1.14003574848175,0.948270559310913,0.954676270484924,1.21535086631775,1.14304554462433,0.963900983333588,0.973522305488586,1.21625828742981,1.11414587497711,0.986856937408447,0.957965493202209,1.20212697982788,1.11422407627106,0.959550738334656,0.975200772285461,1.21382629871368,1.14675009250641,0.933957040309906,0.945767998695374,0.9565
1.14433646202087,1.19214487075806,0.935987532138824,1.04638242721558,1.20674133300781,1.15065670013428,0.956748604774475,0.989866197109222,1.21407330036163,1.14453554153442,0.964985966682434,0.977729737758636,1.21749079227448,1.14471387863159,0.980980336666107,0.997269093990326,1.21865618228912,1.12094211578369,1.00564563274384,0.982039868831635,1.20350623130798,1.1205883026123,0.978741466999054,1.00122785568237,1.21612906455994,1.14812278747559,0.947798490524292,0.968383252620697,0.99256
1.14681267738342,1.19190084934235,0.949928402900696,1.10989725589752,1.20830965042114,1.0907689332962,0.958213269710541,1.04141914844513,1.21538412570953,1.09683954715729,0.970507264137268,1.0261002779007,1.2194344997406,1.08862268924713,0.987328231334686,1.05030453205109,1.22072112560272,1.08069431781769,1.01372265815735,1.03085768222809,1.20459353923798,1.0788642168045,0.986214339733124,1.05133020877838,1.21816754341125,1.08512222766876,0.950086057186127,1.02326548099518,1.0074
1.1461615562439,1.20513069629669,0.960759282112122,1.13621246814728,1.20570707321167,1.11004507541656,0.957479596138,1.05559027194977,1.2133663892746,1.11873877048492,0.97150731086731,1.03953850269318,1.21736240386963,1.10743677616119,0.989337503910065,1.06486189365387,1.21833634376526,1.10277998447418,1.0162855386734,1.04492819309235,1.20187032222748,1.10105669498444,0.988326013088226,1.06574642658234,1.21575474739075,1.10320007801056,0.950393319129944,1.04119741916656,1.0159
1.14417469501495,1.26820707321167,0.969555079936981,1.17744541168213,1.20548439025879,1.21986055374146,0.95814847946167,1.08721160888672,1.22091126441956,1.21768712997437,0.973355054855347,1.08154726028442,1.22352409362793,1.21244859695435,0.991538524627686,1.09764432907104,1.22749245166779,1.20394039154053,1.01679599285126,1.08711004257202,1.20159697532654,1.20423030853271,0.990609228610992,1.10624837875366,1.22297739982605,1.21558094024658,0.951902329921722,1.06998634338379,1.0235
