small_1,small_de_2,all_3,all_de_4,small_5,small_de_6,all_7,all_de_8,small_9,small_de_10,all_11,all_de_12,small_13,small_de_14,all_15,all_de_16,small_17,small_de_18,all_19,all_de_20,small_21,small_de_22,all_23,all_de_24,small_25,small_de_26,all_27,all_de_28,original
1.07799351215363,1.4116382598877,0.765219390392303,1.2160279750824,1.16807508468628,1.17978727817535,0.95203971862793,0.990306437015533,1.13131153583527,1.21798694133759,0.962188899517059,0.990497887134552,1.18088221549988,1.21087241172791,0.969663739204407,0.992165923118591,1.19200313091278,1.20970451831818,0.9483722448349,1.20970416069031,1.14011681079865,1.20970439910889,0.957566976547241,1.20970475673676,1.14230942726135,1.17990946769714,0.986796736717224,0.990338206291199,0.9533
1.27240085601807,1.41176223754883,0.896674156188965,1.17655396461487,1.19591951370239,1.22389388084412,0.935098350048065,0.955786168575287,1.21963393688202,1.20253479480743,0.948253870010376,0.973057568073273,1.20999240875244,1.20555567741394,0.957722246646881,0.969208538532257,1.19754493236542,1.22223925590515,0.93441641330719,1.22223877906799,1.21280384063721,1.22223901748657,0.946166276931763,1.22223901748657,1.21179819107056,1.22377741336823,0.973714590072632,0.952669858932495,0.98625
1.36968851089478,1.41146945953369,0.96222597360611,1.1526221036911,1.20142912864685,1.23973429203033,0.928282678127289,0.95767867565155,1.23300135135651,1.21308481693268,0.947349429130554,0.968138813972473,1.21476721763611,1.21700322628021,0.955685138702393,0.966406285762787,1.19947648048401,1.23260569572449,0.932761192321777,1.2326055765152,1.22414708137512,1.23260545730591,0.949203372001648,1.2326055765152,1.22276544570923,1.23959743976593,0.970054984092712,0.954837143421173,1.0209
1.41637539863586,1.41686999797821,0.990039348602295,1.14385557174683,1.21314406394958,1.269127368927,0.923326730728149,0.936159908771515,1.27044796943665,1.21721613407135,0.951263248920441,0.94765043258667,1.22750210762024,1.22536909580231,0.955151379108429,0.943988025188446,1.20229375362396,1.24667501449585,0.932167410850525,1.24667465686798,1.25487685203552,1.24667477607727,0.950844883918762,1.24667453765869,1.25218200683594,1.26888990402222,0.970235228538513,0.933671534061432,1.0355
1.43356609344482,1.42417788505554,1.00030505657196,1.14789295196533,1.21298277378082,1.27101171016693,0.926396489143372,0.925565302371979,1.26833760738373,1.22447228431702,0.959264039993286,0.935585558414459,1.22439885139465,1.23248422145844,0.960647523403168,0.930718898773193,1.19915366172791,1.26306438446045,0.941248536109924,1.26306390762329,1.25371265411377,1.26306402683258,0.960489630699158,1.26306366920471,1.25076377391815,1.27080011367798,0.974835634231567,0.924725234508514,1.054
1.43731236457825,1.43267929553986,1.00358641147614,1.15837597846985,1.20149254798889,1.26576852798462,0.935636520385742,0.949094414710999,1.23818731307983,1.24247801303864,0.970843970775604,0.949551701545715,1.2136971950531,1.24555683135986,0.970093667507172,0.947480261325836,1.19507265090942,1.28069281578064,0.951058626174927,1.28069245815277,1.2285168170929,1.28069269657135,0.970285296440125,1.28069233894348,1.2263251543045,1.26563262939453,0.984512329101562,0.949762761592865,1.0733
1.43682885169983,1.4402756690979,1.00302767753601,1.16887891292572,1.19954299926758,1.2722327709198,0.943121314048767,0.954914212226868,1.22413349151611,1.26272594928741,0.978856980800629,0.951858341693878,1.20988023281097,1.26436305046082,0.977004051208496,0.949201881885529,1.19589531421661,1.29705357551575,0.957334995269775,1.2970529794693,1.21781969070435,1.29705333709717,0.976323246955872,1.2970529794693,1.21605682373047,1.27216601371765,0.991564512252808,0.957090497016907,1.0902
1.43169927597046,1.44279003143311,1.00154221057892,1.174565076828,1.20703685283661,1.28464376926422,0.953181087970734,0.963733613491058,1.23108839988708,1.26832127571106,0.987983644008636,0.961165368556976,1.2148152589798,1.27480435371399,0.985710918903351,0.95957624912262,1.20055627822876,1.30724990367889,0.966694712638855,1.30724942684174,1.22551798820496,1.30724990367889,0.984308362007141,1.30724942684174,1.22310709953308,1.28461289405823,1.00046861171722,0.965650320053101,1.1038
1.41961491107941,1.44172024726868,0.999208688735962,1.17480039596558,1.20575904846191,1.29367756843567,0.961061060428619,0.968693614006042,1.22713494300842,1.26569056510925,0.992851257324219,0.970586776733398,1.21392524242401,1.27839016914368,0.991892755031586,0.968829274177551,1.20048928260803,1.31184279918671,0.97175121307373,1.31184232234955,1.22233986854553,1.31184267997742,0.988003015518188,1.31184232234955,1.21992695331573,1.29368352890015,1.00676822662354,0.969586193561554,1.099
1.41193878650665,1.42957770824432,0.995937466621399,1.16602683067322,1.21648716926575,1.29093706607819,0.966254055500031,0.969115376472473,1.23268389701843,1.25953531265259,0.994487881660461,0.972438454627991,1.22271823883057,1.27514600753784,0.993394434452057,0.969873189926147,1.21083736419678,1.30535781383514,0.975677013397217,1.30535733699799,1.23004114627838,1.30535769462585,0.991568207740784,1.30535733699799,1.22683417797089,1.29096722602844,1.00943636894226,0.969305157661438,1.0862
1.39436507225037,1.40848898887634,0.990543246269226,1.14644038677216,1.21488606929779,1.28971576690674,0.964725852012634,0.965446650981903,1.23011064529419,1.24181568622589,0.990650415420532,0.966254711151123,1.22023820877075,1.26643192768097,0.989415228366852,0.964948117733002,1.20953726768494,1.28722274303436,0.974543929100037,1.28722250461578,1.22734022140503,1.28722274303436,0.987774848937988,1.28722238540649,1.22476029396057,1.28980183601379,1.00564229488373,0.966080009937286,1.0691
1.3786369562149,1.37729156017303,0.985109865665436,1.11983752250671,1.21464562416077,1.26139712333679,0.968288004398346,0.955966234207153,1.23187708854675,1.20460653305054,0.988107860088348,0.960816860198975,1.2224748134613,1.22993719577789,0.989430129528046,0.95879077911377,1.2105348110199,1.25837600231171,0.97732949256897,1.25837552547455,1.22868156433105,1.25837588310242,0.987597942352295,1.25837564468384,1.22569465637207,1.26143395900726,1.00468647480011,0.955948650836945,1.0279
1.36726188659668,1.34430062770844,0.975159585475922,1.09690773487091,1.22742414474487,1.23283839225769,0.952106833457947,0.932904064655304,1.24897825717926,1.17301940917969,0.968174695968628,0.938356876373291,1.23319506645203,1.19571125507355,0.969892024993896,0.937113285064697,1.21931481361389,1.2296028137207,0.961345911026001,1.22960245609283,1.2452939748764,1.22960269451141,0.970573902130127,1.22960245609283,1.24130320549011,1.2327915430069,0.986507654190063,0.932040750980377,0.99923
1.35834658145905,1.29953193664551,0.965546727180481,1.07290625572205,1.24702072143555,1.17710912227631,0.948530495166779,0.912032961845398,1.26193761825562,1.14327704906464,0.961889982223511,0.911537528038025,1.25399017333984,1.14939773082733,0.962732315063477,0.912926733493805,1.24093842506409,1.19475424289703,0.95793092250824,1.19475388526917,1.26169085502625,1.19475424289703,0.966015100479126,1.19475400447845,1.25543904304504,1.17691791057587,0.98108971118927,0.911444246768951,0.96656
1.33371651172638,1.26115119457245,0.951525568962097,1.05276644229889,1.24799370765686,1.15859580039978,0.935209631919861,0.880545854568481,1.25905525684357,1.13181579113007,0.946959614753723,0.877432942390442,1.25442576408386,1.13370430469513,0.947904348373413,0.878423988819122,1.24420666694641,1.1667674779892,0.943783402442932,1.16676712036133,1.25935745239258,1.1667674779892,0.950398087501526,1.16676723957062,1.2538982629776,1.15837442874908,0.9668869972229,0.880574584007263,0.93548
1.3013756275177,1.23383498191833,0.931126117706299,1.0323326587677,1.22546029090881,1.15375733375549,0.905656337738037,0.851187705993652,1.23284029960632,1.12012791633606,0.914012551307678,0.848271429538727,1.23097264766693,1.12639546394348,0.919658184051514,0.84826648235321,1.22460949420929,1.1464935541153,0.914796471595764,1.14649319648743,1.23215305805206,1.14649343490601,0.919070601463318,1.14649331569672,1.22972750663757,1.15358054637909,0.937765717506409,0.851858735084534,0.90963
1.28645324707031,1.21786224842072,0.913322389125824,1.02085697650909,1.2233327627182,1.14455580711365,0.885055363178253,0.835248172283173,1.23432648181915,1.10922169685364,0.895274937152863,0.841350018978119,1.22637832164764,1.11523139476776,0.901967585086823,0.839456677436829,1.21878337860107,1.13742434978485,0.895461440086365,1.13742399215698,1.23251926898956,1.13742423057556,0.901103973388672,1.13742387294769,1.23038864135742,1.14435517787933,0.922210931777954,0.834469139575958,0.88871
1.26931667327881,1.20632779598236,0.906819105148315,1.01237499713898,1.20929193496704,1.13967835903168,0.884295701980591,0.838762700557709,1.21708285808563,1.1026965379715,0.895331501960754,0.842706024646759,1.20974385738373,1.113654255867,0.900684893131256,0.841438114643097,1.20392119884491,1.13130283355713,0.894501686096191,1.13130271434784,1.21538424491882,1.13130283355713,0.899975657463074,1.13130247592926,1.21470522880554,1.13956129550934,0.922470688819885,0.838635444641113,0.8989
1.26565372943878,1.20063853263855,0.914594173431396,1.01209855079651,1.20932257175446,1.13635194301605,0.907943069934845,0.855942845344543,1.21744680404663,1.10428559780121,0.918197631835938,0.857650578022003,1.20942211151123,1.11451375484467,0.922503888607025,0.856019973754883,1.20331573486328,1.13123178482056,0.916966438293457,1.13123142719269,1.21573138237,1.13123166561127,0.922318458557129,1.13123142719269,1.21497392654419,1.13625550270081,0.944542288780212,0.856282353401184,0.91462
1.26271402835846,1.20251631736755,0.927321553230286,1.01956236362457,1.2103419303894,1.13986313343048,0.924168646335602,0.869414806365967,1.2183883190155,1.11301636695862,0.937533915042877,0.87233704328537,1.20969498157501,1.12246823310852,0.938914835453033,0.870302557945251,1.20359349250793,1.13881170749664,0.933392524719238,1.13881146907806,1.21676659584045,1.13881170749664,0.940041661262512,1.13881146907806,1.21596372127533,1.13978779315948,0.961743354797363,0.869891405105591,0.9565
1.26167058944702,1.20810997486115,0.94230055809021,1.02811372280121,1.21224808692932,1.15369522571564,0.93558394908905,0.879799962043762,1.22098255157471,1.13000440597534,0.955797135829926,0.880969107151031,1.21140551567078,1.13902270793915,0.954627811908722,0.879031240940094,1.20540571212769,1.14987242221832,0.945765376091003,1.14987218379974,1.21909630298615,1.14987242221832,0.955631732940674,1.14987230300903,1.21836841106415,1.15363621711731,0.978439927101135,0.880339801311493,0.99256
1.26145195960999,1.21578097343445,0.953600347042084,1.03562140464783,1.2143177986145,1.17154669761658,0.935446679592133,0.884495377540588,1.22365605831146,1.14929497241974,0.963075041770935,0.886936008930206,1.21300911903381,1.15852320194244,0.959855139255524,0.884025990962982,1.20714712142944,1.16262423992157,0.946494698524475,1.16262400150299,1.2215404510498,1.16262423992157,0.960251450538635,1.16262412071228,1.22089338302612,1.171501994133,0.985461235046387,0.884926378726959,1.0074
1.25595211982727,1.2222455739975,0.961139440536499,1.04172003269196,1.21236085891724,1.17723166942596,0.934508264064789,0.893154919147491,1.22177791595459,1.15768051147461,0.964973449707031,0.896819293498993,1.21082019805908,1.16655611991882,0.960719883441925,0.893793702125549,1.20424342155457,1.17391276359558,0.946370363235474,1.17391264438629,1.21985721588135,1.17391276359558,0.961370468139648,1.17391264438629,1.21896624565125,1.17719686031342,0.987460851669312,0.89338231086731,1.0159
1.24992024898529,1.22838997840881,0.966572999954224,1.04657995700836,1.21110999584198,1.18722832202911,0.935761630535126,0.89962100982666,1.22740149497986,1.16097521781921,0.967411279678345,0.906442761421204,1.21177387237549,1.17009079456329,0.963410437107086,0.902535855770111,1.20204949378967,1.18378388881683,0.948182106018066,1.18378365039825,1.22366881370544,1.18378388881683,0.963292717933655,1.18378365039825,1.22234809398651,1.18715441226959,0.990135431289673,0.899374485015869,1.0235
