small_1,small_de_2,all_3,all_de_4,small_5,small_de_6,all_7,all_de_8,small_9,small_de_10,all_11,all_de_12,small_13,small_de_14,all_15,all_de_16,small_17,small_de_18,all_19,all_de_20,small_21,small_de_22,all_23,all_de_24,small_25,small_de_26,all_27,all_de_28,original
1.27926111221313,1.24017572402954,1.014484167099,0.997689127922058,1.26354789733887,1.24050939083099,1.01738023757935,0.997168183326721,1.26395416259766,1.24052464962006,1.01026368141174,0.997207701206207,1.2339334487915,1.24031758308411,1.02215993404388,0.997166633605957,1.30181646347046,1.24046921730042,1.03775918483734,0.996991753578186,1.25482940673828,1.24052202701569,1.06208658218384,0.998063921928406,1.24158978462219,1.24035167694092,1.04048502445221,0.99701863527298,1.0333
1.2831563949585,1.25230181217194,1.03952395915985,1.03129732608795,1.26729083061218,1.25263369083405,1.04352009296417,1.0308541059494,1.26767563819885,1.25265026092529,1.03609549999237,1.0309065580368,1.2316118478775,1.25244700908661,1.04794037342072,1.03106904029846,1.30570411682129,1.25259613990784,1.06174111366272,1.030797123909,1.2585551738739,1.25264847278595,1.08843111991882,1.03143310546875,1.24479722976685,1.25247919559479,1.06609892845154,1.03082227706909,1.0501
1.29539287090302,1.26903367042542,1.05612146854401,1.05150401592255,1.27933239936829,1.26936864852905,1.06047344207764,1.05107462406158,1.27963435649872,1.26938557624817,1.05324506759644,1.05118012428284,1.23085737228394,1.26916563510895,1.06485521793365,1.05133318901062,1.31771516799927,1.26932263374329,1.07824230194092,1.0508918762207,1.27058720588684,1.26937901973724,1.10721397399902,1.05168855190277,1.25525689125061,1.26919305324554,1.08337712287903,1.05088818073273,1.0622
1.30980944633484,1.29172372817993,1.0682920217514,1.06953203678131,1.29366672039032,1.29206657409668,1.07357347011566,1.06909132003784,1.2938643693924,1.29208719730377,1.06621301174164,1.06919026374817,1.23323857784271,1.29184567928314,1.07787227630615,1.06923472881317,1.33174562454224,1.29201316833496,1.09061658382416,1.06881952285767,1.28494334220886,1.29207623004913,1.12203299999237,1.06982123851776,1.26775431632996,1.29186487197876,1.09665286540985,1.0687814950943,1.0731
1.31960415840149,1.31711149215698,1.08529698848724,1.09450602531433,1.30391192436218,1.31746411323547,1.09127712249756,1.09408092498779,1.30397474765778,1.31749665737152,1.08405411243439,1.09411036968231,1.2411425113678,1.31724083423615,1.09572803974152,1.09428799152374,1.34056377410889,1.31741571426392,1.10779082775116,1.0940033197403,1.29539585113525,1.31748640537262,1.141561627388,1.09475159645081,1.27618741989136,1.31724917888641,1.11481702327728,1.09373295307159,1.0812
1.33302116394043,1.34629082679749,1.10793280601501,1.12337672710419,1.31749868392944,1.34665584564209,1.11420977115631,1.12299680709839,1.31746220588684,1.34670126438141,1.10716938972473,1.12304091453552,1.25088274478912,1.3464230298996,1.1188873052597,1.12328839302063,1.35356831550598,1.34660887718201,1.13066792488098,1.12292110919952,1.30900096893311,1.34668934345245,1.16654574871063,1.12352681159973,1.28840744495392,1.34641540050507,1.13842797279358,1.12262034416199,1.1135
1.36249971389771,1.36187493801117,1.13267302513123,1.13715183734894,1.34667348861694,1.36225080490112,1.13749480247498,1.13675439357758,1.34658253192902,1.36229526996613,1.1312952041626,1.1368283033371,1.27051281929016,1.3620091676712,1.14291203022003,1.13690531253815,1.38343667984009,1.36219680309296,1.15624701976776,1.13654279708862,1.33791935443878,1.3622795343399,1.19162595272064,1.13738131523132,1.31614255905151,1.36198210716248,1.16337072849274,1.13631546497345,1.1702
1.38798928260803,1.37803339958191,1.18135023117065,1.16941392421722,1.37177133560181,1.37843263149261,1.1860271692276,1.16903603076935,1.3718010187149,1.378497838974,1.17920160293579,1.16905832290649,1.3058979511261,1.37819683551788,1.19237804412842,1.16918540000916,1.41070437431335,1.37838876247406,1.20360493659973,1.16894352436066,1.36238145828247,1.37848258018494,1.24189627170563,1.1696103811264,1.34283876419067,1.37812685966492,1.21334171295166,1.16852355003357,1.2266
1.39163184165955,1.42185723781586,1.23846817016602,1.23247468471527,1.37613201141357,1.42230093479156,1.24926316738129,1.23222720623016,1.37624609470367,1.42243051528931,1.23750364780426,1.23223674297333,1.34599900245667,1.42206871509552,1.25420463085175,1.23230135440826,1.41518473625183,1.42229008674622,1.25648939609528,1.2320169210434,1.36640119552612,1.42242014408112,1.30575239658356,1.23240661621094,1.35007905960083,1.42193472385406,1.27495574951172,1.23166728019714,1.1879
1.43080520629883,1.42306804656982,1.25460493564606,1.2312353849411,1.41454041004181,1.42353451251984,1.26373541355133,1.23102450370789,1.41472578048706,1.42367053031921,1.25252544879913,1.23119640350342,1.38105702400208,1.42327976226807,1.26885378360748,1.23106265068054,1.45624184608459,1.42351257801056,1.27245485782623,1.23054111003876,1.40407538414001,1.42365264892578,1.31860935688019,1.23112726211548,1.38880264759064,1.42310965061188,1.28997814655304,1.2304447889328,1.1717
1.42011666297913,1.39546847343445,1.22989201545715,1.21865105628967,1.40337443351746,1.39592456817627,1.23715341091156,1.21837174892426,1.40379917621613,1.39605593681335,1.22630059719086,1.2183712720871,1.38463866710663,1.39568972587585,1.24182331562042,1.21851444244385,1.44734859466553,1.39591038227081,1.24693441390991,1.21848428249359,1.39247751235962,1.39604258537292,1.28887403011322,1.21877539157867,1.38121235370636,1.39552927017212,1.26341807842255,1.21759271621704,1.1544
1.40715360641479,1.36477065086365,1.20883297920227,1.20472419261932,1.39036285877228,1.3652241230011,1.2212016582489,1.20455098152161,1.39091515541077,1.36535501480103,1.20553553104401,1.2045955657959,1.38449645042419,1.36499428749084,1.22413861751556,1.20513331890106,1.43514966964722,1.36521279811859,1.22092509269714,1.20486235618591,1.37931084632874,1.36534345149994,1.26591217517853,1.20451128482819,1.37048864364624,1.36483895778656,1.24261581897736,1.2039942741394,1.1274
1.37735879421234,1.34837245941162,1.14740037918091,1.17309534549713,1.3613862991333,1.34883046150208,1.15962719917297,1.17290234565735,1.36198747158051,1.34898245334625,1.14541351795197,1.17295658588409,1.38077926635742,1.34861063957214,1.16254591941833,1.17280650138855,1.40489888191223,1.34883618354797,1.16159605979919,1.17262411117554,1.35056328773499,1.34897613525391,1.20495772361755,1.17306613922119,1.34376454353333,1.34845197200775,1.18093025684357,1.17227828502655,1.1001
1.35838031768799,1.33077907562256,1.09703254699707,1.12275910377502,1.34329962730408,1.33124589920044,1.10648858547211,1.12259232997894,1.34379386901855,1.33141112327576,1.095379114151,1.12272965908051,1.37204909324646,1.33100914955139,1.11001896858215,1.1229076385498,1.38443946838379,1.33125162124634,1.1140068769455,1.12240517139435,1.3329393863678,1.33140313625336,1.15256667137146,1.12260186672211,1.32524585723877,1.33084940910339,1.12863600254059,1.12211322784424,1.0685
1.31421792507172,1.29605579376221,1.04791617393494,1.07829761505127,1.29928457736969,1.29650318622589,1.05444324016571,1.07802700996399,1.29991686344147,1.29666173458099,1.04577040672302,1.0780268907547,1.34177684783936,1.29628193378448,1.05819463729858,1.07781302928925,1.34032678604126,1.29651474952698,1.06726562976837,1.07786250114441,1.28912305831909,1.29665803909302,1.09972822666168,1.07843375205994,1.28414392471313,1.29614758491516,1.07712924480438,1.077397108078,1.0251
1.29068660736084,1.27397060394287,1.02345502376556,1.04511702060699,1.27617692947388,1.27441263198853,1.02936398983002,1.0448887348175,1.27680015563965,1.27456700801849,1.02013623714447,1.04491150379181,1.32486748695374,1.2741916179657,1.03292310237885,1.04543280601501,1.3160183429718,1.27442300319672,1.04278230667114,1.04518175125122,1.26634275913239,1.27456367015839,1.0712366104126,1.04501616954803,1.26152288913727,1.27406752109528,1.05111706256866,1.04446697235107,0.9501
1.27756226062775,1.2694890499115,1.01738631725311,1.03887689113617,1.26320147514343,1.26993274688721,1.02315509319305,1.0386335849762,1.26381385326385,1.27009308338165,1.01347625255585,1.03869080543518,1.31301927566528,1.26970934867859,1.02672052383423,1.03847813606262,1.30251860618591,1.26994502544403,1.0372998714447,1.0382753610611,1.25352120399475,1.27008950710297,1.06383752822876,1.03895163536072,1.24875724315643,1.26958250999451,1.04461169242859,1.03810572624207,0.91022
1.26301825046539,1.24681806564331,1.01716125011444,1.01670944690704,1.24855101108551,1.24724423885345,1.02095031738281,1.01642632484436,1.24923408031464,1.24739110469818,1.01151931285858,1.01639568805695,1.29918372631073,1.24704492092133,1.02478075027466,1.01623702049255,1.28803169727325,1.2472620010376,1.03669762611389,1.01629424095154,1.23897242546082,1.24739253520966,1.05935752391815,1.01678252220154,1.23491513729095,1.24693763256073,1.04227519035339,1.01594591140747,0.9165
1.26579105854034,1.24483931064606,1.02051436901093,1.00989198684692,1.25171327590942,1.24526381492615,1.02408409118652,1.00962841510773,1.25229167938232,1.2454092502594,1.01389098167419,1.00964188575745,1.29879307746887,1.24507057666779,1.02819907665253,1.00990033149719,1.28975820541382,1.24528467655182,1.03922927379608,1.00967907905579,1.24243295192719,1.24541294574738,1.06146836280823,1.00986659526825,1.23644614219666,1.24496817588806,1.04531109333038,1.00922060012817,0.94542
1.2741105556488,1.25408923625946,1.04515600204468,1.03501784801483,1.26024901866913,1.2545154094696,1.05073404312134,1.03476297855377,1.26072156429291,1.25466096401215,1.03849995136261,1.03483963012695,1.30085563659668,1.25432109832764,1.05418241024017,1.03452026844025,1.29730105400085,1.25453615188599,1.06202816963196,1.03430187702179,1.25114977359772,1.25466477870941,1.08722853660583,1.03509998321533,1.2432576417923,1.25421893596649,1.07089078426361,1.03431022167206,0.96856
1.26113128662109,1.24670779705048,1.05987000465393,1.05234432220459,1.24646461009979,1.24711239337921,1.06510519981384,1.0520521402359,1.24712777137756,1.24724280834198,1.05312526226044,1.05201208591461,1.28573966026306,1.24694287776947,1.06828331947327,1.05171811580658,1.2857768535614,1.24713695049286,1.07613801956177,1.0519026517868,1.23705220222473,1.24725043773651,1.10185122489929,1.05246186256409,1.23182535171509,1.24685823917389,1.08526289463043,1.05157649517059,0.98647
1.23119497299194,1.22767627239227,1.07037723064423,1.07782292366028,1.21470975875854,1.22804403305054,1.07649707794189,1.07754552364349,1.21583533287048,1.22815096378326,1.0635392665863,1.07741403579712,1.25646662712097,1.2279177904129,1.07904493808746,1.07730662822723,1.25949358940125,1.22807633876801,1.08476209640503,1.07770836353302,1.20446467399597,1.22816479206085,1.11159634590149,1.07781600952148,1.20617485046387,1.2278596162796,1.09519553184509,1.07708954811096,0.9989
1.22673857212067,1.23992371559143,1.08240044116974,1.10710096359253,1.20946788787842,1.24029064178467,1.09059870243073,1.10690367221832,1.21073782444,1.24040389060974,1.0759984254837,1.10690438747406,1.24806940555573,1.24017024040222,1.09256625175476,1.10680973529816,1.25647437572479,1.24032759666443,1.09473562240601,1.10669493675232,1.19883871078491,1.2404180765152,1.12424719333649,1.10697507858276,1.20275366306305,1.24010336399078,1.10753154754639,1.10642099380493,0.99625
1.23199164867401,1.26063418388367,1.10433840751648,1.12802910804749,1.21559548377991,1.26101469993591,1.11204671859741,1.12784647941589,1.21670770645142,1.26113939285278,1.09722077846527,1.12794458866119,1.25845909118652,1.26088726520538,1.11361467838287,1.1273181438446,1.26018357276917,1.2610547542572,1.11455488204956,1.12703084945679,1.20537137985229,1.26115381717682,1.14156651496887,1.12805759906769,1.20695221424103,1.26081013679504,1.12765729427338,1.12721228599548,0.98954
