original,trained_s_1,trained_s_2,trained_s_3,trained_b_1,trained_b_2,trained_b_3
0.24129,0.24129,0.24129,0.24129,0.24129,0.24129,0.24129
0.22788,0.22788,0.22788,0.22788,0.22788,0.22788,0.22788
0.2252,0.2252,0.2252,0.2252,0.2252,0.2252,0.2252
0.20912,0.20912,0.20912,0.20912,0.20912,0.20912,0.20912
0.19571,0.19571,0.19571,0.19571,0.19571,0.19571,0.19571
0.19571,0.19571,0.19571,0.19571,0.19571,0.19571,0.19571
0.18767,0.18767,0.18767,0.18767,0.18767,0.18767,0.18767
0.19035,0.19035,0.19035,0.19035,0.19035,0.19035,0.19035
0.23324,0.23324,0.23324,0.23324,0.23324,0.23324,0.23324
0.30295,0.30295,0.30295,0.30295,0.30295,0.30295,0.30295
0.3378,0.3378,0.3378,0.3378,0.3378,0.3378,0.3378
0.35121,0.35121,0.35121,0.35121,0.35121,0.35121,0.35121
0.36729,0.36729,0.36729,0.36729,0.36729,0.36729,0.36729
0.3807,0.3807,0.3807,0.3807,0.3807,0.3807,0.3807
0.38338,0.38338,0.38338,0.38338,0.38338,0.38338,0.38338
0.3807,0.3807,0.3807,0.3807,0.3807,0.3807,0.3807
0.36729,0.36729,0.36729,0.36729,0.36729,0.36729,0.36729
0.34584,0.34584,0.34584,0.34584,0.34584,0.34584,0.34584
0.31367,0.31367,0.31367,0.31367,0.31367,0.31367,0.31367
0.28418,0.28418,0.28418,0.28418,0.28418,0.28418,0.28418
0.24933,0.24933,0.24933,0.24933,0.24933,0.24933,0.24933
0.21448,0.21448,0.21448,0.21448,0.21448,0.21448,0.21448
0.20912,0.20912,0.20912,0.20912,0.20912,0.20912,0.20912
0.19839,0.19839,0.19839,0.19839,0.19839,0.19839,0.19839
0.19035,0.19035,0.19035,0.19035,0.19035,0.19035,0.19035
0.18231,0.18231,0.18231,0.18231,0.18231,0.18231,0.18231
0.17426,0.17426,0.17426,0.17426,0.17426,0.17426,0.17426
0.17158,0.17158,0.17158,0.17158,0.17158,0.17158,0.17158
0.16622,0.16622,0.16622,0.16622,0.16622,0.16622,0.16622
0.16086,0.16086,0.16086,0.16086,0.16086,0.16086,0.16086
0.16086,0.16086,0.16086,0.16086,0.16086,0.16086,0.16086
0.17694,0.17694,0.17694,0.17694,0.17694,0.17694,0.17694
0.20107,0.20107,0.20107,0.20107,0.20107,0.20107,0.20107
0.24397,0.24397,0.24397,0.24397,0.24397,0.24397,0.24397
0.29759,0.29759,0.29759,0.29759,0.29759,0.29759,0.29759
0.32708,0.32708,0.32708,0.32708,0.32708,0.32708,0.32708
0.35389,0.35389,0.35389,0.35389,0.35389,0.35389,0.35389
0.36461,0.36461,0.36461,0.36461,0.36461,0.36461,0.36461
0.37265,0.37265,0.37265,0.37265,0.37265,0.37265,0.37265
0.36729,0.36729,0.36729,0.36729,0.36729,0.36729,0.36729
0.35121,0.35121,0.35121,0.35121,0.35121,0.35121,0.35121
0.3378,0.3378,0.3378,0.3378,0.3378,0.3378,0.3378
0.30295,0.30295,0.30295,0.30295,0.30295,0.30295,0.30295
0.28686,0.28686,0.28686,0.28686,0.28686,0.28686,0.28686
0.2815,0.2815,0.2815,0.2815,0.2815,0.2815,0.2815
0.2815,0.2815,0.2815,0.2815,0.2815,0.2815,0.2815
0.26542,0.26542,0.26542,0.26542,0.26542,0.26542,0.26542
0.31635,0.31635,0.31635,0.31635,0.31635,0.31635,0.31635
0.37265,0.37265,0.37265,0.37265,0.37265,0.37265,0.37265
0.36997,0.36997,0.36997,0.36997,0.36997,0.36997,0.36997
0.36729,0.36729,0.36729,0.36729,0.36729,0.36729,0.36729
0.35657,0.35657,0.35657,0.35657,0.35657,0.35657,0.35657
0.35925,0.35925,0.35925,0.35925,0.35925,0.35925,0.35925
0.35389,0.35389,0.35389,0.35389,0.35389,0.35389,0.35389
0.34853,0.34853,0.34853,0.34853,0.34853,0.34853,0.34853
0.36193,0.36193,0.36193,0.36193,0.36193,0.36193,0.36193
0.38338,0.38338,0.38338,0.38338,0.38338,0.38338,0.38338
0.38338,0.38338,0.38338,0.38338,0.38338,0.38338,0.38338
0.3807,0.3807,0.3807,0.3807,0.3807,0.3807,0.3807
0.37534,0.37534,0.37534,0.37534,0.37534,0.37534,0.37534
0.39142,0.39142,0.39142,0.39142,0.39142,0.39142,0.39142
0.42895,0.42895,0.42895,0.42895,0.42895,0.42895,0.42895
0.3941,0.3941,0.3941,0.3941,0.3941,0.3941,0.3941
0.39142,0.39142,0.39142,0.39142,0.39142,0.39142,0.39142
0.3941,0.3941,0.3941,0.3941,0.3941,0.3941,0.3941
0.40214,0.40214,0.40214,0.40214,0.40214,0.40214,0.40214
0.39678,0.39678,0.39678,0.39678,0.39678,0.39678,0.39678
0.44236,0.44236,0.44236,0.44236,0.44236,0.44236,0.44236
0.4504,0.4504,0.4504,0.4504,0.4504,0.4504,0.4504
0.437,0.437,0.437,0.437,0.437,0.437,0.437
0.30295,0.30295,0.30295,0.30295,0.30295,0.30295,0.30295
0.27346,0.27346,0.27346,0.27346,0.27346,0.27346,0.27346
0.25201,0.25201,0.25201,0.25201,0.25201,0.25201,0.25201
0.25201,0.25201,0.25201,0.25201,0.25201,0.25201,0.25201
0.25469,0.25469,0.25469,0.25469,0.25469,0.25469,0.25469
0.25201,0.25201,0.25201,0.25201,0.25201,0.25201,0.25201
0.25469,0.25469,0.25469,0.25469,0.25469,0.25469,0.25469
0.25737,0.25737,0.25737,0.25737,0.25737,0.25737,0.25737
0.25737,0.25737,0.25737,0.25737,0.25737,0.25737,0.25737
0.26005,0.26005,0.26005,0.26005,0.26005,0.26005,0.26005
0.27882,0.27882,0.27882,0.27882,0.27882,0.27882,0.27882
0.29759,0.29759,0.29759,0.29759,0.29759,0.29759,0.29759
0.32708,0.32708,0.32708,0.32708,0.32708,0.32708,0.32708
0.36461,0.36461,0.36461,0.36461,0.36461,0.36461,0.36461
0.38338,0.38338,0.38338,0.38338,0.38338,0.38338,0.38338
0.37265,0.37265,0.37265,0.37265,0.37265,0.37265,0.37265
0.36461,0.36461,0.36461,0.36461,0.36461,0.36461,0.36461
0.36729,0.36729,0.36729,0.36729,0.36729,0.36729,0.36729
0.35389,0.35389,0.35389,0.35389,0.35389,0.35389,0.35389
0.34048,0.34048,0.34048,0.34048,0.34048,0.34048,0.34048
0.31635,0.31635,0.31635,0.31635,0.31635,0.31635,0.31635
0.30295,0.30295,0.30295,0.30295,0.30295,0.30295,0.30295
0.30563,0.30563,0.30563,0.30563,0.30563,0.30563,0.30563
0.29491,0.29491,0.29491,0.29491,0.29491,0.29491,0.29491
0.30563,0.30563,0.30563,0.30563,0.30563,0.30563,0.30563
0.30295,0.30295,0.30295,0.30295,0.30295,0.30295,0.30295
0.28418,0.28418,0.28418,0.28418,0.28418,0.28418,0.28418
0.27346,0.27346,0.27346,0.27346,0.27346,0.27346,0.27346
0.26273,0.26273,0.26273,0.26273,0.26273,0.26273,0.26273
0.24933,0.24933,0.24933,0.24933,0.24933,0.24933,0.24933
0.21448,0.21448,0.21448,0.21448,0.21448,0.21448,0.21448
0.2118,0.2118,0.2118,0.2118,0.2118,0.2118,0.2118
0.22788,0.22788,0.22788,0.22788,0.22788,0.22788,0.22788
0.25469,0.25469,0.25469,0.25469,0.25469,0.25469,0.25469
0.33244,0.33244,0.33244,0.33244,0.33244,0.33244,0.33244
0.34853,0.34853,0.34853,0.34853,0.34853,0.34853,0.34853
0.3807,0.3807,0.3807,0.3807,0.3807,0.3807,0.3807
0.4933,0.4933,0.4933,0.4933,0.4933,0.4933,0.4933
0.4933,0.4933,0.4933,0.4933,0.4933,0.4933,0.4933
0.4933,0.4933,0.4933,0.4933,0.4933,0.4933,0.4933
0.47989,0.47989,0.47989,0.47989,0.47989,0.47989,0.47989
0.45308,0.45308,0.45308,0.45308,0.45308,0.45308,0.45308
0.45308,0.45308,0.45308,0.45308,0.45308,0.45308,0.45308
0.44504,0.44504,0.44504,0.44504,0.44504,0.44504,0.44504
0.44236,0.44236,0.44236,0.44236,0.44236,0.44236,0.44236
0.43432,0.43432,0.43432,0.43432,0.43432,0.43432,0.43432
0.41823,0.41823,0.41823,0.41823,0.41823,0.41823,0.41823
0.43432,0.43432,0.43432,0.43432,0.43432,0.43432,0.43432
0.44772,0.44772,0.44772,0.44772,0.44772,0.44772,0.44772
0.437,0.437,0.437,0.437,0.437,0.437,0.437
0.34048,0.34048,0.34048,0.34048,0.34048,0.34048,0.34048
0.34048,0.34048,0.34048,0.34048,0.34048,0.34048,0.34048
0.31099,0.31099,0.31099,0.31099,0.31099,0.31099,0.31099
0.30295,0.30295,0.30295,0.30295,0.30295,0.30295,0.30295
0.27614,0.27614,0.27614,0.27614,0.27614,0.27614,0.27614
0.27614,0.27614,0.27614,0.27614,0.27614,0.27614,0.27614
0.28954,0.28954,0.28954,0.28954,0.28954,0.28954,0.28954
0.30027,0.30027,0.30027,0.30027,0.30027,0.30027,0.30027
0.3378,0.3378,0.3378,0.3378,0.3378,0.3378,0.3378
0.38606,0.38606,0.38606,0.38606,0.38606,0.38606,0.38606
0.40214,0.40214,0.40214,0.40214,0.40214,0.40214,0.40214
0.42091,0.42091,0.42091,0.42091,0.42091,0.42091,0.42091
0.42627,0.42627,0.42627,0.42627,0.42627,0.42627,0.42627
0.42627,0.42627,0.42627,0.42627,0.42627,0.42627,0.42627
0.42627,0.42627,0.42627,0.42627,0.42627,0.42627,0.42627
0.41555,0.41555,0.41555,0.41555,0.41555,0.41555,0.41555
0.38874,0.38874,0.38874,0.38874,0.38874,0.38874,0.38874
0.36193,0.36193,0.36193,0.36193,0.36193,0.36193,0.36193
0.33512,0.33512,0.33512,0.33512,0.33512,0.33512,0.33512
0.30027,0.30027,0.30027,0.30027,0.30027,0.30027,0.30027
0.28418,0.28418,0.28418,0.28418,0.28418,0.28418,0.28418
0.28418,0.28418,0.28418,0.28418,0.28418,0.28418,0.28418
0.28418,0.28418,0.28418,0.28418,0.28418,0.28418,0.28418
0.28954,0.28954,0.28954,0.28954,0.28954,0.28954,0.28954
0.28418,0.28418,0.28418,0.28418,0.28418,0.28418,0.28418
0.2815,0.2815,0.2815,0.2815,0.2815,0.2815,0.2815
0.25469,0.25469,0.25469,0.25469,0.25469,0.25469,0.25469
0.21984,0.21984,0.21984,0.21984,0.21984,0.21984,0.21984
0.18767,0.18767,0.18767,0.18767,0.18767,0.18767,0.18767
0.20375,0.20375,0.20375,0.20375,0.20375,0.20375,0.20375
0.18499,0.18499,0.18499,0.18499,0.18499,0.18499,0.18499
0.19839,0.19839,0.19839,0.19839,0.19839,0.19839,0.19839
0.25469,0.25469,0.25469,0.25469,0.25469,0.25469,0.25469
0.29223,0.29223,0.29223,0.29223,0.29223,0.29223,0.29223
0.31099,0.31099,0.31099,0.31099,0.31099,0.31099,0.31099
0.33512,0.33512,0.33512,0.33512,0.33512,0.33512,0.33512
0.35389,0.35389,0.35389,0.35389,0.35389,0.35389,0.35389
0.36729,0.36729,0.36729,0.36729,0.36729,0.36729,0.36729
0.35925,0.35925,0.35925,0.35925,0.35925,0.35925,0.35925
0.35389,0.35389,0.35389,0.35389,0.35389,0.35389,0.35389
0.33512,0.33512,0.33512,0.33512,0.33512,0.33512,0.33512
0.31367,0.31367,0.31367,0.31367,0.31367,0.31367,0.31367
0.28418,0.28418,0.28418,0.28418,0.28418,0.28418,0.28418
0.25201,0.25201,0.25201,0.25201,0.25201,0.25201,0.25201
0.23592,0.23592,0.23592,0.23592,0.23592,0.23592,0.23592
0.22252,0.22252,0.22252,0.22252,0.22252,0.22252,0.22252
0.21448,0.21448,0.21448,0.21448,0.21448,0.21448,0.21448
0.23592,0.23592,0.23592,0.23592,0.23592,0.23592,0.23592
0.25469,0.25469,0.25469,0.25469,0.25469,0.25469,0.25469
0.24129,0.24129,0.24129,0.24129,0.24129,0.24129,0.24129
0.21984,0.21984,0.21984,0.21984,0.21984,0.21984,0.21984
0.2118,0.2118,0.2118,0.2118,0.2118,0.2118,0.2118
0.18767,0.18767,0.18767,0.18767,0.18767,0.18767,0.18767
0.19303,0.19303,0.19303,0.19303,0.19303,0.19303,0.19303
0.20107,0.20107,0.20107,0.20107,0.20107,0.20107,0.20107
0.20375,0.20375,0.20375,0.20375,0.20375,0.20375,0.20375
0.23056,0.23056,0.23056,0.23056,0.23056,0.23056,0.23056
0.25201,0.25201,0.25201,0.25201,0.25201,0.25201,0.25201
0.30295,0.30295,0.30295,0.30295,0.30295,0.30295,0.30295
0.31099,0.31099,0.31099,0.31099,0.31099,0.31099,0.31099
0.31367,0.31367,0.31367,0.31367,0.31367,0.31367,0.31367
0.31099,0.31099,0.31099,0.31099,0.31099,0.31099,0.31099
0.30831,0.30831,0.30831,0.30831,0.30831,0.30831,0.30831
0.30295,0.30295,0.30295,0.30295,0.30295,0.30295,0.30295
0.28954,0.28954,0.28954,0.28954,0.28954,0.28954,0.28954
0.27882,0.27882,0.27882,0.27882,0.27882,0.27882,0.27882
0.2681,0.2681,0.2681,0.2681,0.2681,0.2681,0.2681
0.25469,0.25469,0.25469,0.25469,0.25469,0.25469,0.25469
0.24933,0.24933,0.24933,0.24933,0.24933,0.24933,0.24933
0.24397,0.24397,0.24397,0.24397,0.24397,0.24397,0.24397
0.22788,0.22788,0.22788,0.22788,0.22788,0.22788,0.22788
0.19839,0.19839,0.19839,0.19839,0.19839,0.19839,0.19839
0.18499,0.18499,0.18499,0.18499,0.18499,0.18499,0.18499
0.17962,0.17962,0.17962,0.17962,0.17962,0.17962,0.17962
0.18231,0.18231,0.18231,0.18231,0.18231,0.18231,0.18231
0.17694,0.17694,0.17694,0.17694,0.17694,0.17694,0.17694
0.16086,0.16086,0.16086,0.16086,0.16086,0.16086,0.16086
0.15282,0.15282,0.15282,0.15282,0.15282,0.15282,0.15282
0.15013,0.15013,0.15013,0.15013,0.15013,0.15013,0.15013
0.16622,0.16622,0.16622,0.16622,0.16622,0.16622,0.16622
0.20107,0.20107,0.20107,0.20107,0.20107,0.20107,0.20107
0.23324,0.23324,0.23324,0.23324,0.23324,0.23324,0.23324
0.25201,0.25201,0.25201,0.25201,0.25201,0.25201,0.25201
0.27078,0.27078,0.27078,0.27078,0.27078,0.27078,0.27078
0.30295,0.30295,0.30295,0.30295,0.30295,0.30295,0.30295
0.32172,0.32172,0.32172,0.32172,0.32172,0.32172,0.32172
0.32172,0.32172,0.32172,0.32172,0.32172,0.32172,0.32172
0.31635,0.31635,0.31635,0.31635,0.31635,0.31635,0.31635
0.30563,0.30563,0.30563,0.30563,0.30563,0.30563,0.30563
0.29223,0.29223,0.29223,0.29223,0.29223,0.29223,0.29223
0.27882,0.27882,0.27882,0.27882,0.27882,0.27882,0.27882
0.2681,0.2681,0.2681,0.2681,0.2681,0.2681,0.2681
0.26273,0.26273,0.26273,0.26273,0.26273,0.26273,0.26273
0.26542,0.26542,0.26542,0.26542,0.26542,0.26542,0.26542
0.23592,0.23592,0.23592,0.23592,0.23592,0.23592,0.23592
0.2252,0.2252,0.2252,0.2252,0.2252,0.2252,0.2252
0.2252,0.2252,0.2252,0.2252,0.2252,0.2252,0.2252
0.23056,0.23056,0.23056,0.23056,0.23056,0.23056,0.23056
0.23592,0.23592,0.23592,0.23592,0.23592,0.23592,0.23592
0.23592,0.23592,0.23592,0.23592,0.23592,0.23592,0.23592
0.2252,0.2252,0.2252,0.2252,0.2252,0.2252,0.2252
0.21984,0.21984,0.21984,0.21984,0.21984,0.21984,0.21984
0.21448,0.21448,0.21448,0.21448,0.21448,0.21448,0.21448
0.2118,0.2118,0.2118,0.2118,0.2118,0.2118,0.2118
0.21448,0.21448,0.21448,0.21448,0.21448,0.21448,0.21448
0.2118,0.2118,0.2118,0.2118,0.2118,0.2118,0.2118
0.21448,0.21448,0.21448,0.21448,0.21448,0.21448,0.21448
0.21716,0.21716,0.21716,0.21716,0.21716,0.21716,0.21716
0.21984,0.21984,0.21984,0.21984,0.21984,0.21984,0.21984
0.22788,0.22788,0.22788,0.22788,0.22788,0.22788,0.22788
0.23592,0.23592,0.23592,0.23592,0.23592,0.23592,0.23592
0.24129,0.24129,0.24129,0.24129,0.24129,0.24129,0.24129
0.24129,0.24129,0.24129,0.24129,0.24129,0.24129,0.24129
0.23592,0.23592,0.23592,0.23592,0.23592,0.23592,0.23592
0.23592,0.23592,0.23592,0.23592,0.23592,0.23592,0.23592
0.24397,0.24397,0.24397,0.24397,0.24397,0.24397,0.24397
0.23861,0.23861,0.23861,0.23861,0.23861,0.23861,0.23861
0.23861,0.23861,0.23861,0.23861,0.23861,0.23861,0.23861
0.23592,0.23592,0.23592,0.23592,0.23592,0.23592,0.23592
0.24129,0.24129,0.24129,0.24129,0.24129,0.24129,0.24129
0.24397,0.24397,0.24397,0.24397,0.24397,0.24397,0.24397
0.24665,0.24665,0.24665,0.24665,0.24665,0.24665,0.24665
0.24129,0.24129,0.24129,0.24129,0.24129,0.24129,0.24129
0.24665,0.24665,0.24665,0.24665,0.24665,0.24665,0.24665
0.24665,0.24665,0.24665,0.24665,0.24665,0.24665,0.24665
0.24129,0.24129,0.24129,0.24129,0.24129,0.24129,0.24129
0.24397,0.24397,0.24397,0.24397,0.24397,0.24397,0.24397
0.24933,0.24933,0.24933,0.24933,0.24933,0.24933,0.24933
0.26273,0.26273,0.26273,0.26273,0.26273,0.26273,0.26273
0.2681,0.2681,0.2681,0.2681,0.2681,0.2681,0.2681
0.27614,0.27614,0.27614,0.27614,0.27614,0.27614,0.27614
0.28418,0.28418,0.28418,0.28418,0.28418,0.28418,0.28418
0.27078,0.27078,0.27078,0.27078,0.27078,0.27078,0.27078
0.25469,0.25469,0.25469,0.25469,0.25469,0.25469,0.25469
0.25201,0.25201,0.25201,0.25201,0.25201,0.25201,0.25201
0.25201,0.25201,0.25201,0.25201,0.25201,0.25201,0.25201
0.25201,0.25201,0.25201,0.25201,0.25201,0.25201,0.25201
0.24933,0.24933,0.24933,0.24933,0.24933,0.24933,0.24933
0.23324,0.23324,0.23324,0.23324,0.23324,0.23324,0.23324
0.21716,0.21716,0.21716,0.21716,0.21716,0.21716,0.21716
0.21984,0.21984,0.21984,0.21984,0.21984,0.21984,0.21984
0.22252,0.22252,0.22252,0.22252,0.22252,0.22252,0.22252
0.21716,0.21716,0.21716,0.21716,0.21716,0.21716,0.21716
0.2118,0.2118,0.2118,0.2118,0.2118,0.2118,0.2118
0.2118,0.2118,0.2118,0.2118,0.2118,0.2118,0.2118
0.22252,0.22252,0.22252,0.22252,0.22252,0.22252,0.22252
0.21984,0.21984,0.21984,0.21984,0.21984,0.21984,0.21984
0.21984,0.21984,0.21984,0.21984,0.21984,0.21984,0.21984
0.23056,0.23056,0.23056,0.23056,0.23056,0.23056,0.23056
0.2252,0.2252,0.2252,0.2252,0.2252,0.2252,0.2252
0.21984,0.21984,0.21984,0.21984,0.21984,0.21984,0.21984
0.21448,0.21448,0.21448,0.21448,0.21448,0.21448,0.21448
0.22252,0.22252,0.22252,0.22252,0.22252,0.22252,0.22252
0.23592,0.23592,0.23592,0.23592,0.23592,0.23592,0.23592
0.24665,0.24665,0.24665,0.24665,0.24665,0.24665,0.24665
0.25469,0.25469,0.25469,0.25469,0.25469,0.25469,0.25469
0.26005,0.26005,0.26005,0.26005,0.26005,0.26005,0.26005
0.25737,0.25737,0.25737,0.25737,0.25737,0.25737,0.25737
0.26273,0.26273,0.26273,0.26273,0.26273,0.26273,0.26273
0.27346,0.27346,0.27346,0.27346,0.27346,0.27346,0.27346
0.26273,0.26273,0.26273,0.26273,0.26273,0.26273,0.26273
0.25737,0.25737,0.25737,0.25737,0.25737,0.25737,0.25737
0.25469,0.25469,0.25469,0.25469,0.25469,0.25469,0.25469
0.25201,0.25201,0.25201,0.25201,0.25201,0.25201,0.25201
0.24933,0.24933,0.24933,0.24933,0.24933,0.24933,0.24933
0.24129,0.24129,0.24129,0.24129,0.24129,0.24129,0.24129
0.23056,0.23056,0.23056,0.23056,0.23056,0.23056,0.23056
0.22788,0.22788,0.22788,0.22788,0.22788,0.22788,0.22788
0.2252,0.2252,0.2252,0.2252,0.2252,0.2252,0.2252
0.21716,0.21716,0.21716,0.21716,0.21716,0.21716,0.21716
0.20643,0.20643,0.20643,0.20643,0.20643,0.20643,0.20643
0.20912,0.20912,0.20912,0.20912,0.20912,0.20912,0.20912
0.20643,0.20643,0.20643,0.20643,0.20643,0.20643,0.20643
0.20375,0.20375,0.20375,0.20375,0.20375,0.20375,0.20375
0.18767,0.18767,0.18767,0.18767,0.18767,0.18767,0.18767
0.19839,0.19839,0.19839,0.19839,0.19839,0.19839,0.19839
0.21448,0.21448,0.21448,0.21448,0.21448,0.21448,0.21448
0.24397,0.24397,0.24397,0.24397,0.24397,0.24397,0.24397
0.27078,0.27078,0.27078,0.27078,0.27078,0.27078,0.27078
0.2815,0.2815,0.2815,0.2815,0.2815,0.2815,0.2815
0.29491,0.29491,0.29491,0.29491,0.29491,0.29491,0.29491
0.30027,0.30027,0.30027,0.30027,0.30027,0.30027,0.30027
0.30027,0.30027,0.30027,0.30027,0.30027,0.30027,0.30027
0.30027,0.30027,0.30027,0.30027,0.30027,0.30027,0.30027
0.30027,0.30027,0.30027,0.30027,0.30027,0.30027,0.30027
0.29759,0.29759,0.29759,0.29759,0.29759,0.29759,0.29759
0.29759,0.29759,0.29759,0.29759,0.29759,0.29759,0.29759
0.29491,0.29491,0.29491,0.29491,0.29491,0.29491,0.29491
0.28418,0.28418,0.28418,0.28418,0.28418,0.28418,0.28418
0.28418,0.28418,0.28418,0.28418,0.28418,0.28418,0.28418
0.2815,0.2815,0.2815,0.2815,0.2815,0.2815,0.2815
0.27614,0.27614,0.27614,0.27614,0.27614,0.27614,0.27614
0.27078,0.27078,0.27078,0.27078,0.27078,0.27078,0.27078
0.2681,0.2681,0.2681,0.2681,0.2681,0.2681,0.2681
0.2681,0.2681,0.2681,0.2681,0.2681,0.2681,0.2681
0.27078,0.27078,0.27078,0.27078,0.27078,0.27078,0.27078
0.26542,0.26542,0.26542,0.26542,0.26542,0.26542,0.26542
0.23324,0.23324,0.23324,0.23324,0.23324,0.23324,0.23324
0.22252,0.22252,0.22252,0.22252,0.22252,0.22252,0.22252
0.24129,0.24129,0.24129,0.24129,0.24129,0.24129,0.24129
0.27346,0.27346,0.27346,0.27346,0.27346,0.27346,0.27346
0.30295,0.30295,0.30295,0.30295,0.30295,0.30295,0.30295
0.3244,0.3244,0.3244,0.3244,0.3244,0.3244,0.3244
0.34048,0.34048,0.34048,0.34048,0.34048,0.34048,0.34048
0.35121,0.35121,0.35121,0.35121,0.35121,0.35121,0.35121
0.36461,0.36461,0.36461,0.36461,0.36461,0.36461,0.36461
0.37534,0.37534,0.37534,0.37534,0.37534,0.37534,0.37534
0.37802,0.37802,0.37802,0.37802,0.37802,0.37802,0.37802
0.36461,0.36461,0.36461,0.36461,0.36461,0.36461,0.36461
0.34316,0.34316,0.34316,0.34316,0.34316,0.34316,0.34316
0.33512,0.33512,0.33512,0.33512,0.33512,0.33512,0.33512
0.3244,0.3244,0.3244,0.3244,0.3244,0.3244,0.3244
0.31099,0.31099,0.31099,0.31099,0.31099,0.31099,0.31099
0.29223,0.29223,0.29223,0.29223,0.29223,0.29223,0.29223
0.29491,0.29491,0.29491,0.29491,0.29491,0.29491,0.29491
0.30027,0.30027,0.30027,0.30027,0.30027,0.30027,0.30027
0.28418,0.28418,0.28418,0.28418,0.28418,0.28418,0.28418
0.28418,0.28418,0.28418,0.28418,0.28418,0.28418,0.28418
0.2681,0.2681,0.2681,0.2681,0.2681,0.2681,0.2681
0.24665,0.24665,0.24665,0.24665,0.24665,0.24665,0.24665
0.23592,0.23592,0.23592,0.23592,0.23592,0.23592,0.23592
0.22252,0.22252,0.22252,0.22252,0.22252,0.22252,0.22252
0.23861,0.23861,0.23861,0.23861,0.23861,0.23861,0.23861
0.2681,0.2681,0.2681,0.2681,0.2681,0.2681,0.2681
0.33512,0.33512,0.33512,0.33512,0.33512,0.33512,0.33512
0.38338,0.38338,0.38338,0.38338,0.38338,0.38338,0.38338
0.40483,0.40483,0.40483,0.40483,0.40483,0.40483,0.40483
0.42627,0.42627,0.42627,0.42627,0.42627,0.42627,0.42627
0.4504,0.4504,0.4504,0.4504,0.4504,0.4504,0.4504
0.44504,0.44504,0.44504,0.44504,0.44504,0.44504,0.44504
0.44236,0.44236,0.44236,0.44236,0.44236,0.44236,0.44236
0.42895,0.42895,0.42895,0.42895,0.42895,0.42895,0.42895
0.40214,0.40214,0.40214,0.40214,0.40214,0.40214,0.40214
0.37534,0.37534,0.37534,0.37534,0.37534,0.37534,0.37534
0.35121,0.35121,0.35121,0.35121,0.35121,0.35121,0.35121
0.34316,0.34316,0.34316,0.34316,0.34316,0.34316,0.34316
0.33244,0.33244,0.33244,0.33244,0.33244,0.33244,0.33244
0.32976,0.32976,0.32976,0.32976,0.32976,0.32976,0.32976
0.28686,0.28686,0.28686,0.28686,0.28686,0.28686,0.28686
0.25469,0.25469,0.25469,0.25469,0.25469,0.25469,0.25469
0.25469,0.25469,0.25469,0.25469,0.25469,0.25469,0.25469
0.24665,0.24665,0.24665,0.24665,0.24665,0.24665,0.24665
0.24665,0.24665,0.24665,0.24665,0.24665,0.24665,0.24665
0.24397,0.24397,0.24397,0.24397,0.24397,0.24397,0.24397
0.23056,0.23056,0.23056,0.23056,0.23056,0.23056,0.23056
0.21716,0.21716,0.21716,0.21716,0.21716,0.21716,0.21716
0.22252,0.22252,0.22252,0.22252,0.22252,0.22252,0.22252
0.24933,0.24933,0.24933,0.24933,0.24933,0.24933,0.24933
0.28418,0.28418,0.28418,0.28418,0.28418,0.28418,0.28418
0.3244,0.3244,0.3244,0.3244,0.3244,0.3244,0.3244
0.35925,0.35925,0.35925,0.35925,0.35925,0.35925,0.35925
0.3807,0.3807,0.3807,0.3807,0.3807,0.3807,0.3807
0.3941,0.3941,0.3941,0.3941,0.3941,0.3941,0.3941
0.41019,0.41019,0.41019,0.41019,0.41019,0.41019,0.41019
0.42627,0.42627,0.42627,0.42627,0.42627,0.42627,0.42627
0.41823,0.41823,0.41823,0.41823,0.41823,0.41823,0.41823
0.3941,0.3941,0.3941,0.3941,0.3941,0.3941,0.3941
0.36729,0.36729,0.36729,0.36729,0.36729,0.36729,0.36729
0.31903,0.31903,0.31903,0.31903,0.31903,0.31903,0.31903
0.29491,0.29491,0.29491,0.29491,0.29491,0.29491,0.29491
0.29223,0.29223,0.29223,0.29223,0.29223,0.29223,0.29223
0.28954,0.28954,0.28954,0.28954,0.28954,0.28954,0.28954
0.29759,0.29759,0.29759,0.29759,0.29759,0.29759,0.29759
0.30295,0.30295,0.30295,0.30295,0.30295,0.30295,0.30295
0.28954,0.28954,0.28954,0.28954,0.28954,0.28954,0.28954
0.29759,0.29759,0.29759,0.29759,0.29759,0.29759,0.29759
0.27882,0.27882,0.27882,0.27882,0.27882,0.27882,0.27882
0.2681,0.2681,0.2681,0.2681,0.2681,0.2681,0.2681
0.27882,0.27882,0.27882,0.27882,0.27882,0.27882,0.27882
0.28686,0.28686,0.28686,0.28686,0.28686,0.28686,0.28686
0.27346,0.27346,0.27346,0.27346,0.27346,0.27346,0.27346
0.28954,0.28954,0.28954,0.28954,0.28954,0.28954,0.28954
0.32976,0.32976,0.32976,0.32976,0.32976,0.32976,0.32976
0.36729,0.36729,0.36729,0.36729,0.36729,0.36729,0.36729
0.39142,0.39142,0.39142,0.39142,0.39142,0.39142,0.39142
0.42091,0.42091,0.42091,0.42091,0.42091,0.42091,0.42091
0.43164,0.43164,0.43164,0.43164,0.43164,0.43164,0.43164
0.45576,0.45576,0.45576,0.45576,0.45576,0.45576,0.45576
0.46381,0.46381,0.46381,0.46381,0.46381,0.46381,0.46381
0.45845,0.45845,0.45845,0.45845,0.45845,0.45845,0.45845
0.4504,0.4504,0.4504,0.4504,0.4504,0.4504,0.4504
0.43164,0.43164,0.43164,0.43164,0.43164,0.43164,0.43164
0.41823,0.41823,0.41823,0.41823,0.41823,0.41823,0.41823
0.39678,0.39678,0.39678,0.39678,0.39678,0.39678,0.39678
0.35121,0.35121,0.35121,0.35121,0.35121,0.35121,0.35121
0.34853,0.34853,0.34853,0.34853,0.34853,0.34853,0.34853
0.37802,0.37802,0.37802,0.37802,0.37802,0.37802,0.37802
0.39678,0.39678,0.39678,0.39678,0.39678,0.39678,0.39678
0.34584,0.34584,0.34584,0.34584,0.34584,0.34584,0.34584
0.26005,0.26005,0.26005,0.26005,0.26005,0.26005,0.26005
0.27882,0.27882,0.27882,0.27882,0.27882,0.27882,0.27882
0.27882,0.27882,0.27882,0.27882,0.27882,0.27882,0.27882
0.2681,0.2681,0.2681,0.2681,0.2681,0.2681,0.2681
0.26542,0.26542,0.26542,0.26542,0.26542,0.26542,0.26542
0.26542,0.26542,0.26542,0.26542,0.26542,0.26542,0.26542
0.27882,0.27882,0.27882,0.27882,0.27882,0.27882,0.27882
0.28418,0.28418,0.28418,0.28418,0.28418,0.28418,0.28418
0.30831,0.30831,0.30831,0.30831,0.30831,0.30831,0.30831
0.35657,0.35657,0.35657,0.35657,0.35657,0.35657,0.35657
0.40483,0.40483,0.40483,0.40483,0.40483,0.40483,0.40483
0.42359,0.42359,0.42359,0.42359,0.42359,0.42359,0.42359
0.42091,0.42091,0.42091,0.42091,0.42091,0.42091,0.42091
0.43164,0.43164,0.43164,0.43164,0.43164,0.43164,0.43164
0.42359,0.42359,0.42359,0.42359,0.42359,0.42359,0.42359
0.41019,0.41019,0.41019,0.41019,0.41019,0.41019,0.41019
0.40483,0.40483,0.40483,0.40483,0.40483,0.40483,0.40483
0.39142,0.39142,0.39142,0.39142,0.39142,0.39142,0.39142
0.35657,0.35657,0.35657,0.35657,0.35657,0.35657,0.35657
0.34853,0.34853,0.34853,0.34853,0.34853,0.34853,0.34853
0.3378,0.3378,0.3378,0.3378,0.3378,0.3378,0.3378
0.32976,0.32976,0.32976,0.32976,0.32976,0.32976,0.32976
0.3244,0.3244,0.3244,0.3244,0.3244,0.3244,0.3244
0.31903,0.31903,0.31903,0.31903,0.31903,0.31903,0.31903
0.31367,0.31367,0.31367,0.31367,0.31367,0.31367,0.31367
0.3244,0.3244,0.3244,0.3244,0.3244,0.3244,0.3244
0.38338,0.38338,0.38338,0.38338,0.38338,0.38338,0.38338
0.34316,0.34316,0.34316,0.34316,0.34316,0.34316,0.34316
0.30563,0.30563,0.30563,0.30563,0.30563,0.30563,0.30563
0.27882,0.27882,0.27882,0.27882,0.27882,0.27882,0.27882
0.30295,0.30295,0.30295,0.30295,0.30295,0.30295,0.30295
0.2815,0.2815,0.2815,0.2815,0.2815,0.2815,0.2815
0.29491,0.29491,0.29491,0.29491,0.29491,0.29491,0.29491
0.34316,0.34316,0.34316,0.34316,0.34316,0.34316,0.34316
0.3807,0.3807,0.3807,0.3807,0.3807,0.3807,0.3807
0.45308,0.45308,0.45308,0.45308,0.45308,0.45308,0.45308
0.46917,0.46917,0.46917,0.46917,0.46917,0.46917,0.46917
0.46381,0.46381,0.46381,0.46381,0.46381,0.46381,0.46381
0.45308,0.45308,0.45308,0.45308,0.45308,0.45308,0.45308
0.44772,0.44772,0.44772,0.44772,0.44772,0.44772,0.44772
0.42359,0.42359,0.42359,0.42359,0.42359,0.42359,0.42359
0.40483,0.40483,0.40483,0.40483,0.40483,0.40483,0.40483
0.40214,0.40214,0.40214,0.40214,0.40214,0.40214,0.40214
0.40214,0.40214,0.40214,0.40214,0.40214,0.40214,0.40214
0.39946,0.39946,0.39946,0.39946,0.39946,0.39946,0.39946
0.36461,0.36461,0.36461,0.36461,0.36461,0.36461,0.36461
0.35925,0.35925,0.35925,0.35925,0.35925,0.35925,0.35925
0.34584,0.34584,0.34584,0.34584,0.34584,0.34584,0.34584
0.3244,0.3244,0.3244,0.3244,0.3244,0.3244,0.3244
0.30295,0.30295,0.30295,0.30295,0.30295,0.30295,0.30295
0.27882,0.27882,0.27882,0.27882,0.27882,0.27882,0.27882
0.28686,0.28686,0.28686,0.28686,0.28686,0.28686,0.28686
0.29759,0.29759,0.29759,0.29759,0.29759,0.29759,0.29759
0.27882,0.27882,0.27882,0.27882,0.27882,0.27882,0.27882
0.28686,0.28686,0.28686,0.28686,0.28686,0.28686,0.28686
0.29491,0.29491,0.29491,0.29491,0.29491,0.29491,0.29491
0.31903,0.31903,0.31903,0.31903,0.31903,0.31903,0.31903
0.34316,0.34316,0.34316,0.34316,0.34316,0.34316,0.34316
0.35121,0.35121,0.35121,0.35121,0.35121,0.35121,0.35121
0.36461,0.36461,0.36461,0.36461,0.36461,0.36461,0.36461
0.35389,0.35389,0.35389,0.35389,0.35389,0.35389,0.35389
0.35389,0.35389,0.35389,0.35389,0.35389,0.35389,0.35389
0.35389,0.35389,0.35389,0.35389,0.35389,0.35389,0.35389
0.34584,0.34584,0.34584,0.34584,0.34584,0.34584,0.34584
0.33512,0.33512,0.33512,0.33512,0.33512,0.33512,0.33512
0.32708,0.32708,0.32708,0.32708,0.32708,0.32708,0.32708
0.32172,0.32172,0.32172,0.32172,0.32172,0.32172,0.32172
0.31635,0.31635,0.31635,0.31635,0.31635,0.31635,0.31635
0.31367,0.31367,0.31367,0.31367,0.31367,0.31367,0.31367
0.30563,0.30563,0.30563,0.30563,0.30563,0.30563,0.30563
0.29491,0.29491,0.29491,0.29491,0.29491,0.29491,0.29491
0.28954,0.28954,0.28954,0.28954,0.28954,0.28954,0.28954
0.28686,0.28686,0.28686,0.28686,0.28686,0.28686,0.28686
0.2815,0.2815,0.2815,0.2815,0.2815,0.2815,0.2815
0.28418,0.28418,0.28418,0.28418,0.28418,0.28418,0.28418
0.26273,0.26273,0.26273,0.26273,0.26273,0.26273,0.26273
0.25737,0.25737,0.25737,0.25737,0.25737,0.25737,0.25737
0.25201,0.25201,0.25201,0.25201,0.25201,0.25201,0.25201
0.25201,0.25201,0.25201,0.25201,0.25201,0.25201,0.25201
0.24665,0.24665,0.24665,0.24665,0.24665,0.24665,0.24665
0.24665,0.24665,0.24665,0.24665,0.24665,0.24665,0.24665
0.24665,0.24665,0.24665,0.24665,0.24665,0.24665,0.24665
0.26542,0.26542,0.26542,0.26542,0.26542,0.26542,0.26542
0.26273,0.26273,0.26273,0.26273,0.26273,0.26273,0.26273
0.27078,0.27078,0.27078,0.27078,0.27078,0.27078,0.27078
0.27882,0.27882,0.27882,0.27882,0.27882,0.27882,0.27882
0.2815,0.2815,0.2815,0.2815,0.2815,0.2815,0.2815
0.28954,0.28954,0.28954,0.28954,0.28954,0.28954,0.28954
0.28418,0.28418,0.28418,0.28418,0.28418,0.28418,0.28418
0.28954,0.28954,0.28954,0.28954,0.28954,0.28954,0.28954
0.28686,0.28686,0.28686,0.28686,0.28686,0.28686,0.28686
0.2815,0.2815,0.2815,0.2815,0.2815,0.2815,0.2815
0.29223,0.29223,0.29223,0.29223,0.29223,0.29223,0.29223
0.28954,0.28954,0.28954,0.28954,0.28954,0.28954,0.28954
0.28418,0.28418,0.28418,0.28418,0.28418,0.28418,0.28418
0.29223,0.29223,0.29223,0.29223,0.29223,0.29223,0.29223
0.28954,0.28954,0.28954,0.28954,0.28954,0.28954,0.28954
0.28686,0.28686,0.28686,0.28686,0.28686,0.28686,0.28686
0.2815,0.2815,0.2815,0.2815,0.2815,0.2815,0.2815
0.28686,0.28686,0.28686,0.28686,0.28686,0.28686,0.28686
0.27614,0.27614,0.27614,0.27614,0.27614,0.27614,0.27614
0.27346,0.27346,0.27346,0.27346,0.27346,0.27346,0.27346
0.27614,0.27614,0.27614,0.27614,0.27614,0.27614,0.27614
0.27882,0.27882,0.27882,0.27882,0.27882,0.27882,0.27882
0.28418,0.28418,0.28418,0.28418,0.28418,0.28418,0.28418
0.28954,0.28954,0.28954,0.28954,0.28954,0.28954,0.28954
0.29759,0.29759,0.29759,0.29759,0.29759,0.29759,0.29759
0.29223,0.29223,0.29223,0.29223,0.29223,0.29223,0.29223
0.2815,0.2815,0.2815,0.2815,0.2815,0.2815,0.2815
0.28954,0.28954,0.28954,0.28954,0.28954,0.28954,0.28954
0.29491,0.29491,0.29491,0.29491,0.29491,0.29491,0.29491
0.30027,0.30027,0.30027,0.30027,0.30027,0.30027,0.30027
0.28954,0.28954,0.28954,0.28954,0.28954,0.28954,0.28954
0.28686,0.28686,0.28686,0.28686,0.28686,0.28686,0.28686
0.28418,0.28418,0.28418,0.28418,0.28418,0.28418,0.28418
0.27078,0.27078,0.27078,0.27078,0.27078,0.27078,0.27078
0.24933,0.24933,0.24933,0.24933,0.24933,0.24933,0.24933
0.24397,0.24397,0.24397,0.24397,0.24397,0.24397,0.24397
0.24129,0.24129,0.24129,0.24129,0.24129,0.24129,0.24129
0.24129,0.24129,0.24129,0.24129,0.24129,0.24129,0.24129
0.23861,0.23861,0.23861,0.23861,0.23861,0.23861,0.23861
0.23592,0.23592,0.23592,0.23592,0.23592,0.23592,0.23592
0.23324,0.23324,0.23324,0.23324,0.23324,0.23324,0.23324
0.22788,0.22788,0.22788,0.22788,0.22788,0.22788,0.22788
0.23056,0.23056,0.23056,0.23056,0.23056,0.23056,0.23056
0.2252,0.2252,0.2252,0.2252,0.2252,0.2252,0.2252
0.22788,0.22788,0.22788,0.22788,0.22788,0.22788,0.22788
0.2252,0.2252,0.2252,0.2252,0.2252,0.2252,0.2252
0.23324,0.23324,0.23324,0.23324,0.23324,0.23324,0.23324
0.24933,0.24933,0.24933,0.24933,0.24933,0.24933,0.24933
0.24665,0.24665,0.24665,0.24665,0.24665,0.24665,0.24665
0.24397,0.24397,0.24397,0.24397,0.24397,0.24397,0.24397
0.25201,0.25201,0.25201,0.25201,0.25201,0.25201,0.25201
0.26273,0.26273,0.26273,0.26273,0.26273,0.26273,0.26273
0.26005,0.26005,0.26005,0.26005,0.26005,0.26005,0.26005
0.26273,0.26273,0.26273,0.26273,0.26273,0.26273,0.26273
0.26273,0.26273,0.26273,0.26273,0.26273,0.26273,0.26273
0.27614,0.27614,0.27614,0.27614,0.27614,0.27614,0.27614
0.28954,0.28954,0.28954,0.28954,0.28954,0.28954,0.28954
0.28954,0.28954,0.28954,0.28954,0.28954,0.28954,0.28954
0.30295,0.30295,0.30295,0.30295,0.30295,0.30295,0.30295
0.31903,0.31903,0.31903,0.31903,0.31903,0.31903,0.31903
0.32976,0.32976,0.32976,0.32976,0.32976,0.32976,0.32976
0.32708,0.32708,0.32708,0.32708,0.32708,0.32708,0.32708
0.32172,0.32172,0.32172,0.32172,0.32172,0.32172,0.32172
0.31635,0.31635,0.31635,0.31635,0.31635,0.31635,0.31635
0.31367,0.31367,0.31367,0.31367,0.31367,0.31367,0.31367
0.31635,0.31635,0.31635,0.31635,0.31635,0.31635,0.31635
0.34316,0.34316,0.34316,0.34316,0.34316,0.34316,0.34316
0.35121,0.35121,0.35121,0.35121,0.35121,0.35121,0.35121
0.33244,0.33244,0.33244,0.33244,0.33244,0.33244,0.33244
0.33512,0.33512,0.33512,0.33512,0.33512,0.33512,0.33512
0.34584,0.34584,0.34584,0.34584,0.34584,0.34584,0.34584
0.34584,0.34584,0.34584,0.34584,0.34584,0.34584,0.34584
0.34316,0.34316,0.34316,0.34316,0.34316,0.34316,0.34316
0.35925,0.35925,0.35925,0.35925,0.35925,0.35925,0.35925
0.37534,0.37534,0.37534,0.37534,0.37534,0.37534,0.37534
0.36729,0.36729,0.36729,0.36729,0.36729,0.36729,0.36729
0.37265,0.37265,0.37265,0.37265,0.37265,0.37265,0.37265
0.38874,0.38874,0.38874,0.38874,0.38874,0.38874,0.38874
0.37802,0.37802,0.37802,0.37802,0.37802,0.37802,0.37802
0.36461,0.36461,0.36461,0.36461,0.36461,0.36461,0.36461
0.35657,0.35657,0.35657,0.35657,0.35657,0.35657,0.35657
0.37534,0.37534,0.37534,0.37534,0.37534,0.37534,0.37534
0.36193,0.36193,0.36193,0.36193,0.36193,0.36193,0.36193
0.34584,0.34584,0.34584,0.34584,0.34584,0.34584,0.34584
0.33512,0.33512,0.33512,0.33512,0.33512,0.33512,0.33512
0.31367,0.31367,0.31367,0.31367,0.31367,0.31367,0.31367
0.30295,0.30295,0.30295,0.30295,0.30295,0.30295,0.30295
0.30027,0.30027,0.30027,0.30027,0.30027,0.30027,0.30027
0.31099,0.31099,0.31099,0.31099,0.31099,0.31099,0.31099
0.31367,0.31367,0.31367,0.31367,0.31367,0.31367,0.31367
0.30563,0.30563,0.30563,0.30563,0.30563,0.30563,0.30563
0.31903,0.31903,0.31903,0.31903,0.31903,0.31903,0.31903
0.32172,0.32172,0.32172,0.32172,0.32172,0.32172,0.32172
0.33512,0.33512,0.33512,0.33512,0.33512,0.33512,0.33512
0.34853,0.34853,0.34853,0.34853,0.34853,0.34853,0.34853
0.36729,0.36729,0.36729,0.36729,0.36729,0.36729,0.36729
0.39142,0.39142,0.39142,0.39142,0.39142,0.39142,0.39142
0.42359,0.42359,0.42359,0.42359,0.42359,0.42359,0.42359
0.42895,0.42895,0.42895,0.42895,0.42895,0.42895,0.42895
0.44236,0.44236,0.44236,0.44236,0.44236,0.44236,0.44236
0.45308,0.45308,0.45308,0.45308,0.45308,0.45308,0.45308
0.43164,0.43164,0.43164,0.43164,0.43164,0.43164,0.43164
0.40751,0.40751,0.40751,0.40751,0.40751,0.40751,0.40751
0.37534,0.37534,0.37534,0.37534,0.37534,0.37534,0.37534
0.35121,0.35121,0.35121,0.35121,0.35121,0.35121,0.35121
0.33512,0.33512,0.33512,0.33512,0.33512,0.33512,0.33512
0.30831,0.30831,0.30831,0.30831,0.30831,0.30831,0.30831
0.29759,0.29759,0.29759,0.29759,0.29759,0.29759,0.29759
0.30295,0.30295,0.30295,0.30295,0.30295,0.30295,0.30295
0.29491,0.29491,0.29491,0.29491,0.29491,0.29491,0.29491
0.27614,0.27614,0.27614,0.27614,0.27614,0.27614,0.27614
0.2815,0.2815,0.2815,0.2815,0.2815,0.2815,0.2815
0.27614,0.27614,0.27614,0.27614,0.27614,0.27614,0.27614
0.27882,0.27882,0.27882,0.27882,0.27882,0.27882,0.27882
0.2681,0.2681,0.2681,0.2681,0.2681,0.2681,0.2681
0.26542,0.26542,0.26542,0.26542,0.26542,0.26542,0.26542
0.31367,0.31367,0.31367,0.31367,0.31367,0.31367,0.31367
0.38338,0.38338,0.38338,0.38338,0.38338,0.38338,0.38338
0.40483,0.40483,0.40483,0.40483,0.40483,0.40483,0.40483
0.43432,0.43432,0.43432,0.43432,0.43432,0.43432,0.43432
0.45308,0.45308,0.45308,0.45308,0.45308,0.45308,0.45308
0.47185,0.47185,0.47185,0.47185,0.47185,0.47185,0.47185
0.49062,0.49062,0.49062,0.49062,0.49062,0.49062,0.49062
0.4933,0.4933,0.4933,0.4933,0.4933,0.4933,0.4933
0.4933,0.4933,0.4933,0.4933,0.4933,0.4933,0.4933
0.4933,0.4933,0.4933,0.4933,0.4933,0.4933,0.4933
0.46381,0.46381,0.46381,0.46381,0.46381,0.46381,0.46381
0.44772,0.44772,0.44772,0.44772,0.44772,0.44772,0.44772
0.44236,0.44236,0.44236,0.44236,0.44236,0.44236,0.44236
0.42627,0.42627,0.42627,0.42627,0.42627,0.42627,0.42627
0.3941,0.3941,0.3941,0.3941,0.3941,0.3941,0.3941
0.37534,0.37534,0.37534,0.37534,0.37534,0.37534,0.37534
0.3941,0.3941,0.3941,0.3941,0.3941,0.3941,0.3941
0.33512,0.33512,0.33512,0.33512,0.33512,0.33512,0.33512
0.19303,0.19303,0.19303,0.19303,0.19303,0.19303,0.19303
0.17694,0.17694,0.17694,0.17694,0.17694,0.17694,0.17694
0.11796,0.11796,0.11796,0.11796,0.11796,0.11796,0.11796
0.1126,0.1126,0.1126,0.1126,0.1126,0.1126,0.1126
0.15013,0.15013,0.15013,0.15013,0.15013,0.15013,0.15013
0.17962,0.17962,0.17962,0.17962,0.17962,0.17962,0.17962
0.18231,0.18231,0.18231,0.18231,0.18231,0.18231,0.18231
0.18767,0.18767,0.18767,0.18767,0.18767,0.18767,0.18767
0.20912,0.20912,0.20912,0.20912,0.20912,0.20912,0.20912
0.21448,0.21448,0.21448,0.21448,0.21448,0.21448,0.21448
0.20912,0.20912,0.20912,0.20912,0.20912,0.20912,0.20912
0.20643,0.20643,0.20643,0.20643,0.20643,0.20643,0.20643
0.23861,0.23861,0.23861,0.23861,0.23861,0.23861,0.23861
0.26005,0.26005,0.26005,0.26005,0.26005,0.26005,0.26005
0.26005,0.26005,0.26005,0.26005,0.26005,0.26005,0.26005
0.24397,0.24397,0.24397,0.24397,0.24397,0.24397,0.24397
0.23592,0.23592,0.23592,0.23592,0.23592,0.23592,0.23592
0.23324,0.23324,0.23324,0.23324,0.23324,0.23324,0.23324
0.23324,0.23324,0.23324,0.23324,0.23324,0.23324,0.23324
0.23592,0.23592,0.23592,0.23592,0.23592,0.23592,0.23592
0.23861,0.23861,0.23861,0.23861,0.23861,0.23861,0.23861
0.23056,0.23056,0.23056,0.23056,0.23056,0.23056,0.23056
0.20912,0.20912,0.20912,0.20912,0.20912,0.20912,0.20912
0.20643,0.20643,0.20643,0.20643,0.20643,0.20643,0.20643
0.19839,0.19839,0.19839,0.19839,0.19839,0.19839,0.19839
0.18499,0.18499,0.18499,0.18499,0.18499,0.18499,0.18499
0.17426,0.17426,0.17426,0.17426,0.17426,0.17426,0.17426
0.17426,0.17426,0.17426,0.17426,0.17426,0.17426,0.17426
0.17962,0.17962,0.17962,0.17962,0.17962,0.17962,0.17962
0.18767,0.18767,0.18767,0.18767,0.18767,0.18767,0.18767
0.23861,0.23861,0.23861,0.23861,0.23861,0.23861,0.23861
0.3244,0.3244,0.3244,0.3244,0.3244,0.3244,0.3244
0.36193,0.36193,0.36193,0.36193,0.36193,0.36193,0.36193
0.38874,0.38874,0.38874,0.38874,0.38874,0.38874,0.38874
0.40751,0.40751,0.40751,0.40751,0.40751,0.40751,0.40751
0.43432,0.43432,0.43432,0.43432,0.43432,0.43432,0.43432
0.43432,0.43432,0.43432,0.43432,0.43432,0.43432,0.43432
0.42627,0.42627,0.42627,0.42627,0.42627,0.42627,0.42627
0.41555,0.41555,0.41555,0.41555,0.41555,0.41555,0.41555
0.40751,0.40751,0.40751,0.40751,0.40751,0.40751,0.40751
0.39142,0.39142,0.39142,0.39142,0.39142,0.39142,0.39142
0.37802,0.37802,0.37802,0.37802,0.37802,0.37802,0.37802
0.36729,0.36729,0.36729,0.36729,0.36729,0.36729,0.36729
0.35925,0.35925,0.35925,0.35925,0.35925,0.35925,0.35925
0.35657,0.35657,0.35657,0.35657,0.35657,0.35657,0.35657
0.35657,0.35657,0.35657,0.35657,0.35657,0.35657,0.35657
0.35925,0.35925,0.35925,0.35925,0.35925,0.35925,0.35925
0.98225,1.227145087352,1.19676402650595,1.16456483843605,1.00401864487735,1.13927096183851,1.16055404708213
0.97767,1.23524359143496,1.15062413707714,1.20547126602068,1.04473788805966,1.16196345647517,1.14305747071665
0.97099,1.24333258988106,1.15794387516532,1.20815920478048,1.01910436467494,1.15404488490814,1.07886574360134
0.98563,1.22784135075945,1.13223373178982,1.20631475818698,1.05569896739989,1.13439582075729,1.06170399412594
1.0075,1.26202158747891,1.17573822378818,1.21225688918872,1.05719917562627,1.13090657543431,1.05832991403319
1.0341,1.2799548779237,1.20229573666391,1.22445009471509,1.10082326530406,1.10902278523245,1.03828967711081
1.0611,1.25961504526976,1.22789430531123,1.20562437947928,1.09975890941899,1.1161416076491,1.01957057268382
1.0796,1.18211982026341,1.18632216908373,1.12518191355625,1.04783858233614,1.1140788686942,1.06578015152979
1.0876,1.1810593671335,1.1886348994438,1.14618391246137,1.11350885146653,1.1654081071043,1.1416164686439
1.0647,1.20774338538248,1.23235838623482,1.19606155394395,1.0727815140795,1.23883593782701,1.21900901223835
1.0272,1.14790044791865,1.16125085629462,1.10717852843525,0.993109973607787,1.22449291515618,1.22390346278594
0.98022,1.21027585762206,1.20997586776949,1.13649150083387,0.995552053713102,1.22696172630531,1.26936632399873
0.94603,1.35022378744295,1.24939973583946,1.13162348771079,0.925369429193833,1.3238160627429,1.27133387955375
0.91443,1.21761284594611,1.02785436560971,1.0068970171816,0.912112188442876,1.21631780387823,1.2166243835004
0.90437,1.18110600417854,1.02312755510534,1.16278308686014,0.946967515678991,1.23496848920749,1.21180736818103
0.89656,1.1553724041757,1.03528082564468,1.16916118026753,0.875046691977867,1.21569881399123,1.08057209767531
0.89246,1.06188180290454,1.06188008191974,1.19181959249979,1.04675250862936,1.12111014107109,1.0026520751662
0.90173,0.984051617555959,1.02146373671047,1.13307266189684,0.970863790034629,0.956122911402595,1.04026647402068
0.93413,1.14668739725808,1.0729003340054,1.2084277256677,0.920089272374745,1.10125688635672,1.00941692110796
0.96933,1.1458177770417,1.067977195553,1.19983735905615,0.932793237176962,1.02431314456923,0.995236198062044
0.99877,1.19738616085055,1.17664888359825,1.19029803204902,0.936330178254937,1.06418761272309,1.06271096813396
1.0079,1.19292499040808,1.23467927468024,1.20828551457268,0.938775407097949,1.09071770587595,1.01258735928075
1.0109,1.24693807836126,1.2508942025086,1.22481844826658,0.969063463699194,1.09853257247773,1.02943041377946
1.001,1.28481815516906,1.26814188436532,1.22604905172133,0.98733267501254,1.1061547420485,1.10015342801081
