small_1,small_de_2,all_3,all_de_4,small_5,small_de_6,all_7,all_de_8,small_9,small_de_10,all_11,all_de_12,small_13,small_de_14,all_15,all_de_16,small_17,small_de_18,all_19,all_de_20,small_21,small_de_22,all_23,all_de_24,small_25,small_de_26,all_27,all_de_28,original
1.0273859500885,1.21488785743713,1.05955362319946,1.10529565811157,1.08166265487671,1.2142596244812,1.05324876308441,1.10413646697998,1.06883358955383,1.21316683292389,1.06537544727325,1.10554420948029,1.05471634864807,1.21513795852661,1.06101644039154,1.1058257818222,1.04241800308228,1.21570551395416,1.06738948822021,1.10280692577362,1.06410276889801,1.21319758892059,1.05990123748779,1.10207509994507,1.013791680336,1.21528244018555,1.04823458194733,1.10343909263611,0.99022
1.01578521728516,1.23438262939453,1.0421439409256,1.08713269233704,1.07472515106201,1.23372960090637,1.03782725334167,1.08595752716064,1.06169998645782,1.23264801502228,1.05283570289612,1.08729314804077,1.04589307308197,1.23461985588074,1.0456930398941,1.08783340454102,1.03376603126526,1.23518908023834,1.05336606502533,1.08449983596802,1.05624341964722,1.23267877101898,1.04741704463959,1.08404469490051,1.000363945961,1.23480129241943,1.02992129325867,1.08481395244598,0.992
1.01281905174255,1.24705803394318,1.0332852602005,1.07214426994324,1.07337808609009,1.24633026123047,1.03178644180298,1.07113838195801,1.0624988079071,1.24530160427094,1.04809069633484,1.07225573062897,1.04579997062683,1.24726724624634,1.03978765010834,1.07307553291321,1.03373074531555,1.24781656265259,1.04861903190613,1.06945753097534,1.05753648281097,1.24530792236328,1.04271614551544,1.06920194625854,0.996102750301361,1.24745774269104,1.02101278305054,1.06972348690033,1.0108
1.0009229183197,1.26854348182678,1.03794741630554,1.08131241798401,1.06580638885498,1.26781487464905,1.03673028945923,1.08034479618073,1.05332314968109,1.26677823066711,1.05285429954529,1.08144569396973,1.03525769710541,1.26874732971191,1.04453098773956,1.08229923248291,1.0233029127121,1.26930749416351,1.05413377285004,1.07862758636475,1.04728507995605,1.26679503917694,1.04436564445496,1.07843148708344,0.982964754104614,1.26898300647736,1.02565860748291,1.07881021499634,1.0368
0.992709279060364,1.27679228782654,1.04665625095367,1.09510099887848,1.05988562107086,1.27616596221924,1.04446291923523,1.09395349025726,1.04197216033936,1.27506029605865,1.05864524841309,1.09530758857727,1.02381193637848,1.27703821659088,1.0514577627182,1.09600675106049,1.01194643974304,1.27762365341187,1.06150043010712,1.09254729747772,1.03378427028656,1.27510869503021,1.04750657081604,1.09234035015106,0.975446045398712,1.27725052833557,1.03485083580017,1.09248006343842,1.0659
1.00294589996338,1.28231060504913,1.05710232257843,1.10642158985138,1.06656956672668,1.28169894218445,1.0562789440155,1.10515773296356,1.04777181148529,1.28059875965118,1.06918215751648,1.10648393630981,1.0310595035553,1.2825745344162,1.06294190883636,1.10733830928802,1.01912403106689,1.28314793109894,1.07330584526062,1.10394692420959,1.03987836837769,1.28063642978668,1.05658829212189,1.10365498065948,0.987421333789825,1.28271305561066,1.04615533351898,1.1037278175354,1.0947
1.01626098155975,1.30053746700287,1.05876016616821,1.09592247009277,1.07957196235657,1.29996943473816,1.06277394294739,1.0947676897049,1.06434071063995,1.29883635044098,1.07718241214752,1.09589278697968,1.04729521274567,1.30081403255463,1.06988060474396,1.09677052497864,1.03590321540833,1.30139756202698,1.08015692234039,1.09320735931396,1.05752682685852,1.29888737201691,1.0646048784256,1.09289062023163,0.999756872653961,1.30094492435455,1.04804158210754,1.09321284294128,1.1176
1.05291330814362,1.32055258750916,1.06403279304504,1.07781040668488,1.11328911781311,1.31991398334503,1.07592141628265,1.07702398300171,1.10079002380371,1.31882333755493,1.09538114070892,1.07773101329803,1.0846586227417,1.32080292701721,1.08503997325897,1.07886099815369,1.07425630092621,1.32138180732727,1.09508979320526,1.07502603530884,1.09596991539001,1.31886720657349,1.08199346065521,1.07459235191345,1.03708982467651,1.32098686695099,1.05273234844208,1.07533884048462,1.1408
1.05364179611206,1.32461059093475,1.05218970775604,1.06354713439941,1.11292576789856,1.32405149936676,1.06366348266602,1.06246972084045,1.09982776641846,1.32289946079254,1.08512389659882,1.06367063522339,1.08417654037476,1.32488000392914,1.07228791713715,1.06424331665039,1.07363927364349,1.32547783851624,1.083176612854,1.06052625179291,1.0950140953064,1.32296502590179,1.07473862171173,1.06013631820679,1.03845584392548,1.32506453990936,1.03974723815918,1.06066739559174,1.0654
1.08883881568909,1.31432032585144,1.03721344470978,1.04123437404633,1.1416107416153,1.31373810768127,1.05011451244354,1.04009640216827,1.13274264335632,1.31260657310486,1.07482588291168,1.04110324382782,1.1190230846405,1.31458175182343,1.05970370769501,1.0421507358551,1.10895025730133,1.31516575813293,1.06945991516113,1.03811502456665,1.13055729866028,1.31265711784363,1.06860435009003,1.03763973712921,1.07516670227051,1.31474089622498,1.02348601818085,1.03841698169708,1.0077
1.0992351770401,1.28839123249054,1.01430857181549,1.03852307796478,1.14743041992188,1.28791856765747,1.02629601955414,1.03709638118744,1.13760185241699,1.28671503067017,1.05241107940674,1.03847599029541,1.12569320201874,1.28869104385376,1.03484404087067,1.0390841960907,1.11544704437256,1.2892906665802,1.04440319538116,1.03557145595551,1.13569533824921,1.28678619861603,1.05162155628204,1.03493773937225,1.08768224716187,1.28879654407501,1.00033915042877,1.03568398952484,0.95588
1.06611442565918,1.24796223640442,0.983116805553436,1.02299177646637,1.11354577541351,1.24767744541168,0.988739252090454,1.02153491973877,1.10035669803619,1.24634540081024,1.01359856128693,1.02278876304626,1.08895683288574,1.24832093715668,0.995908975601196,1.02338290214539,1.07732915878296,1.24894964694977,1.00534403324127,1.02008152008057,1.09679913520813,1.24645268917084,1.01752650737762,1.01909160614014,1.05556488037109,1.24835586547852,0.969308495521545,1.02036833763123,0.91834
1.09799718856812,1.21621882915497,0.961958706378937,0.993917047977448,1.13951873779297,1.21587324142456,0.973267078399658,0.99227774143219,1.12979185581207,1.21459126472473,1.00076901912689,0.993456065654755,1.12019312381744,1.21656453609467,0.981083512306213,0.994264006614685,1.10900831222534,1.21717357635498,0.989612102508545,0.991041362285614,1.12844443321228,1.21467792987823,1.00859498977661,0.989842593669891,1.08891570568085,1.21657478809357,0.948862552642822,0.991555273532867,0.8848
1.09766161441803,1.18233025074005,0.947047591209412,0.968344151973724,1.13718175888062,1.18192076683044,0.962680697441101,0.966564655303955,1.12877583503723,1.18068623542786,0.994601547718048,0.967970550060272,1.11969721317291,1.18265664577484,0.971111297607422,0.968260884284973,1.10817277431488,1.1832492351532,0.98013162612915,0.965454876422882,1.12812423706055,1.18075394630432,1.00366878509521,0.963972628116608,1.08897089958191,1.18266725540161,0.933011114597321,0.966136753559113,0.87794
1.1236389875412,1.15757369995117,0.949487030506134,0.937590539455414,1.16003596782684,1.1570497751236,0.969251394271851,0.936038792133331,1.15148198604584,1.15589714050293,1.00479662418365,0.937238693237305,1.14371192455292,1.15787136554718,0.980415284633636,0.937784075737,1.13278663158417,1.15844655036926,0.988720536231995,0.934648633003235,1.15166473388672,1.15594518184662,1.01250755786896,0.933282911777496,1.1164618730545,1.15791356563568,0.934718132019043,0.935428857803345,0.86868
1.09396886825562,1.12678527832031,0.918569326400757,0.91198068857193,1.13128399848938,1.12624192237854,0.935465812683105,0.910497188568115,1.11648011207581,1.12511074542999,0.971789538860321,0.911786079406738,1.10909640789032,1.12708365917206,0.945324063301086,0.912243902683258,1.09709346294403,1.12764942646027,0.954237759113312,0.909162044525146,1.11436092853546,1.12514734268188,0.983483791351318,0.907983243465424,1.08821022510529,1.12710523605347,0.903143346309662,0.909587383270264,0.86911
1.0622330904007,1.11089372634888,0.897260963916779,0.897523164749146,1.10207843780518,1.11041080951691,0.910176396369934,0.896141886711121,1.08415770530701,1.10923945903778,0.943723440170288,0.897297084331512,1.07609605789185,1.11121261119843,0.919256985187531,0.898029327392578,1.06323802471161,1.11178767681122,0.927632391452789,0.89463222026825,1.08010458946228,1.10928750038147,0.95724093914032,0.893727600574493,1.05613136291504,1.11121022701263,0.882544577121735,0.89494001865387,0.87379
1.05240607261658,1.10446381568909,0.884974896907806,0.890896797180176,1.09370052814484,1.10397338867188,0.899419069290161,0.889597654342651,1.07420468330383,1.10280692577362,0.932802259922028,0.890569984912872,1.06579005718231,1.10478067398071,0.908555030822754,0.891545236110687,1.05275547504425,1.1053558588028,0.916448354721069,0.888143479824066,1.06933689117432,1.10285425186157,0.945314526557922,0.887208759784698,1.04614722728729,1.10478687286377,0.871255815029144,0.888492345809937,0.88019
1.05915403366089,1.09846115112305,0.894500017166138,0.892165660858154,1.09824573993683,1.09793829917908,0.912281632423401,0.890644192695618,1.080899477005,1.09680664539337,0.947320163249969,0.891990602016449,1.07299065589905,1.09877407550812,0.922961354255676,0.892587304115295,1.05992329120636,1.0993275642395,0.931114017963409,0.889395177364349,1.07695245742798,1.0968302488327,0.955550074577332,0.888509571552277,1.05310094356537,1.09872829914093,0.880779445171356,0.889581561088562,0.87068
1.05142176151276,1.11277890205383,0.926498293876648,0.922929048538208,1.09383940696716,1.1122499704361,0.939690828323364,0.921540439128876,1.07585179805756,1.11111772060394,0.971844375133514,0.922660768032074,1.06681430339813,1.11308717727661,0.951731085777283,0.923432350158691,1.05389451980591,1.11364603042603,0.959384083747864,0.920152246952057,1.07125449180603,1.11114621162415,0.974438309669495,0.91917622089386,1.0442305803299,1.11306929588318,0.912952959537506,0.920544922351837,0.9125
1.04603052139282,1.12958073616028,0.956880569458008,0.963804483413696,1.09127426147461,1.12905073165894,0.965095281600952,0.962560296058655,1.07390165328979,1.12791502475739,0.993045747280121,0.963717877864838,1.06373858451843,1.12988543510437,0.976685762405396,0.964276492595673,1.05100834369659,1.13044822216034,0.984157681465149,0.96111923456192,1.06902945041656,1.12794744968414,0.992329001426697,0.960226595401764,1.03748393058777,1.12988650798798,0.943946957588196,0.961569547653198,0.95231
1.04706203937531,1.14577925205231,0.990244686603546,1.01241850852966,1.09224319458008,1.14524161815643,0.992793440818787,1.01110816001892,1.07577300071716,1.14410948753357,1.01523005962372,1.01239597797394,1.06550526618958,1.14608001708984,1.00353825092316,1.01283299922943,1.05281281471252,1.1466429233551,1.01066303253174,1.0098705291748,1.07115030288696,1.14414155483246,1.01207840442657,1.00890231132507,1.03824830055237,1.14609134197235,0.978265881538391,1.01035964488983,1.0056
1.04161965847015,1.16089749336243,1.00996279716492,1.04583323001862,1.08856844902039,1.1603639125824,1.01007115840912,1.04457569122314,1.07030320167542,1.15922343730927,1.02912080287933,1.04586434364319,1.05963623523712,1.16119837760925,1.01991987228394,1.04624402523041,1.04698097705841,1.16177177429199,1.02744448184967,1.04350399971008,1.06488525867462,1.15926623344421,1.0236724615097,1.04250383377075,1.03264915943146,1.1612446308136,0.998919546604156,1.04388606548309,1.0214
1.0447940826416,1.16984403133392,1.02826642990112,1.07015001773834,1.09082984924316,1.16931438446045,1.02601861953735,1.06877160072327,1.07332253456116,1.16817271709442,1.0423150062561,1.07025730609894,1.06288075447083,1.17014682292938,1.03516674041748,1.07043075561523,1.0502507686615,1.17071866989136,1.04258596897125,1.06785893440247,1.06818449497223,1.1682140827179,1.03534948825836,1.06687438488007,1.03592777252197,1.17018282413483,1.01762533187866,1.06820499897003,1.0254
