small_1,small_de_2,all_3,all_de_4,small_5,small_de_6,all_7,all_de_8,small_9,small_de_10,all_11,all_de_12,small_13,small_de_14,all_15,all_de_16,small_17,small_de_18,all_19,all_de_20,small_21,small_de_22,all_23,all_de_24,small_25,small_de_26,all_27,all_de_28,original
1.16744112968445,1.19506597518921,1.08493673801422,1.09784328937531,1.17107832431793,1.1952064037323,1.08481156826019,1.0977258682251,1.16935861110687,1.19973158836365,1.08961832523346,1.1015956401825,1.17244386672974,1.19891619682312,1.08965981006622,1.10120749473572,1.16797685623169,1.11717629432678,1.11223089694977,1.11717569828033,1.16894888877869,1.1171760559082,1.07666087150574,1.11717593669891,1.17097091674805,1.19491803646088,1.08455944061279,1.09753799438477,0.88206
1.18432068824768,1.20885252952576,1.09660279750824,1.13465011119843,1.19110631942749,1.20907533168793,1.09576261043549,1.13477087020874,1.18864786624908,1.21488130092621,1.09949398040771,1.1362589597702,1.19235074520111,1.21480095386505,1.09900152683258,1.13675463199615,1.18402588367462,1.1321063041687,1.11977577209473,1.13210570812225,1.18597733974457,1.13210606575012,1.09049689769745,1.13210594654083,1.19291162490845,1.20864021778107,1.09888398647308,1.13451933860779,0.91785
1.21225023269653,1.23247158527374,1.11198604106903,1.17539465427399,1.21873903274536,1.23274862766266,1.11318337917328,1.17554318904877,1.21659338474274,1.23222434520721,1.11539256572723,1.17190194129944,1.21879005432129,1.23927116394043,1.11447334289551,1.17324268817902,1.21309173107147,1.14480817317963,1.1333771944046,1.14480757713318,1.21439576148987,1.14480781555176,1.10791611671448,1.14480769634247,1.22031426429749,1.23221731185913,1.11682057380676,1.17530786991119,0.94474
1.21555662155151,1.24409306049347,1.12257993221283,1.19184422492981,1.22248721122742,1.24440205097198,1.12437129020691,1.19221913814545,1.21999716758728,1.24479973316193,1.1281909942627,1.18546628952026,1.22218179702759,1.25169348716736,1.12302947044373,1.18693971633911,1.21655881404877,1.15744638442993,1.14305412769318,1.15744590759277,1.21784567832947,1.15744602680206,1.11973655223846,1.15744590759277,1.22406959533691,1.24381470680237,1.12802958488464,1.19228327274323,0.97576
1.18038475513458,1.23026919364929,1.12373232841492,1.18565571308136,1.18860328197479,1.23049163818359,1.1239161491394,1.18583786487579,1.18640720844269,1.24710094928741,1.13072085380554,1.18120384216309,1.19112074375153,1.23704195022583,1.12176609039307,1.18218684196472,1.17874002456665,1.17120146751404,1.14375948905945,1.17120099067688,1.18171095848083,1.17120099067688,1.12069809436798,1.17120099067688,1.1919230222702,1.230055809021,1.12773561477661,1.18577671051025,1.0118
1.20570850372314,1.26379132270813,1.13521766662598,1.19869017601013,1.2127423286438,1.26405870914459,1.13600564002991,1.19900417327881,1.21109974384308,1.27047753334045,1.14396989345551,1.19587957859039,1.21402311325073,1.2709014415741,1.13538193702698,1.1965240240097,1.20542633533478,1.18762063980103,1.15629267692566,1.18762028217316,1.2074568271637,1.18762028217316,1.1329083442688,1.18762028217316,1.21536135673523,1.26354348659515,1.1393438577652,1.19872844219208,1.0341
1.21591877937317,1.29117238521576,1.14990508556366,1.20723676681519,1.22116661071777,1.29147398471832,1.15387654304504,1.20716142654419,1.21978783607483,1.29109108448029,1.16077589988708,1.20406079292297,1.22130942344666,1.29853570461273,1.15190553665161,1.20468807220459,1.21699714660645,1.2033349275589,1.17111647129059,1.20333456993103,1.21795320510864,1.20333456993103,1.14839780330658,1.20333456993103,1.22244119644165,1.290900349617,1.15371966362,1.20713627338409,1.0478
1.21338307857513,1.29831039905548,1.16031408309937,1.20491647720337,1.21885561943054,1.29859638214111,1.16364789009094,1.20519685745239,1.21744108200073,1.30029904842377,1.17352283000946,1.20369493961334,1.21918487548828,1.30549073219299,1.15939545631409,1.20374774932861,1.21407043933868,1.2141420841217,1.18181347846985,1.21414184570312,1.21522617340088,1.21414172649384,1.15776205062866,1.21414172649384,1.22044456005096,1.29805290699005,1.16052067279816,1.20508766174316,1.0461
1.23025298118591,1.30101549625397,1.13984060287476,1.16961622238159,1.23527789115906,1.30131113529205,1.14340925216675,1.16970562934875,1.23393201828003,1.29722023010254,1.15898025035858,1.16683328151703,1.23457586765289,1.30805456638336,1.1420966386795,1.16701662540436,1.23168933391571,1.20743024349213,1.17212748527527,1.20743000507355,1.23229074478149,1.20742988586426,1.12995755672455,1.20742988586426,1.23656105995178,1.3007527589798,1.13369297981262,1.16942191123962,1.0294
1.23839688301086,1.28507483005524,1.13871943950653,1.16840040683746,1.2442455291748,1.28536283969879,1.1428747177124,1.16846799850464,1.24265122413635,1.28236782550812,1.15844476222992,1.16174483299255,1.24320673942566,1.29206836223602,1.14143919944763,1.16347372531891,1.23935663700104,1.19350099563599,1.1727294921875,1.19350075721741,1.24020099639893,1.19350063800812,1.12750458717346,1.19350063800812,1.24631762504578,1.28481864929199,1.13193893432617,1.16833019256592,0.99819
1.23214960098267,1.25261473655701,1.12101972103119,1.13941276073456,1.24004626274109,1.25288796424866,1.12398147583008,1.13956439495087,1.2375636100769,1.25386965274811,1.13981759548187,1.13318490982056,1.2392590045929,1.2595739364624,1.12291884422302,1.13426852226257,1.23171782493591,1.16775822639465,1.15550756454468,1.16775786876678,1.23348486423492,1.1677577495575,1.10853040218353,1.1677577495575,1.24351263046265,1.25236999988556,1.11345481872559,1.1394956111908,0.96588
1.2395406961441,1.22891545295715,1.10191822052002,1.10787355899811,1.2483503818512,1.22923994064331,1.10490071773529,1.10810732841492,1.24462044239044,1.22332143783569,1.12046730518341,1.10204648971558,1.24610686302185,1.23652696609497,1.10563969612122,1.1025618314743,1.23957073688507,1.13202202320099,1.13804793357849,1.1320219039917,1.24108600616455,1.13202166557312,1.08826684951782,1.13202166557312,1.25160479545593,1.22863209247589,1.09410130977631,1.10810613632202,0.92536
1.22900438308716,1.19530808925629,1.07182264328003,1.06321537494659,1.23820447921753,1.19561517238617,1.07474327087402,1.06332957744598,1.23376321792603,1.18952119350433,1.08955109119415,1.05944204330444,1.23582422733307,1.20246946811676,1.07612538337708,1.05986845493317,1.22886419296265,1.09829878807068,1.10891950130463,1.09829866886139,1.23048043251038,1.0982985496521,1.05671644210815,1.09829843044281,1.24127566814423,1.1950376033783,1.06314623355865,1.06326103210449,0.8969
1.19830334186554,1.16237032413483,1.04416477680206,1.03898990154266,1.20840358734131,1.16266644001007,1.04474174976349,1.03921556472778,1.20293009281158,1.15925538539886,1.05908703804016,1.03848922252655,1.20690655708313,1.16947960853577,1.0470860004425,1.03770911693573,1.19822597503662,1.06987917423248,1.07975161075592,1.06987905502319,1.20026826858521,1.06987881660461,1.02707600593567,1.06987881660461,1.21067810058594,1.16211044788361,1.03508460521698,1.0390647649765,0.86825
1.19666862487793,1.1323606967926,1.02319514751434,1.01838386058807,1.20773756504059,1.13261950016022,1.02317476272583,1.01830124855042,1.20214974880219,1.13018453121185,1.03520524501801,1.01848649978638,1.20670855045319,1.13872444629669,1.02623319625854,1.01864469051361,1.1961362361908,1.04213213920593,1.05853998661041,1.04213178157806,1.19865548610687,1.04213166236877,1.00577807426453,1.04213166236877,1.21061873435974,1.13212656974792,1.01521563529968,1.01798558235168,0.84376
1.19055438041687,1.10602200031281,1.00953936576843,1.00491654872894,1.20256590843201,1.10624706745148,1.00840353965759,1.00478839874268,1.19665384292603,1.10582959651947,1.01725840568542,1.00322222709656,1.20194482803345,1.11172902584076,1.01239728927612,1.0039165019989,1.18940150737762,1.01953995227814,1.04296362400055,1.01953959465027,1.19241404533386,1.01953959465027,0.993440866470337,1.01953947544098,1.20601272583008,1.10580968856812,1.0058079957962,1.00466585159302,0.8205
1.18458294868469,1.0939918756485,1.00867342948914,1.00026273727417,1.19641995429993,1.09417986869812,1.00752687454224,1.00044202804565,1.19079625606537,1.09557998180389,1.01568698883057,0.996297657489777,1.19637203216553,1.09894132614136,1.01246166229248,0.997380316257477,1.18311810493469,1.01093351840973,1.04140269756317,1.01093316078186,1.18630719184875,1.01093316078186,0.994911134243011,1.01093304157257,1.19998586177826,1.09380507469177,1.00783097743988,1.00029337406158,0.81477
1.18559145927429,1.08901941776276,1.00207161903381,0.982895970344543,1.19736170768738,1.08922386169434,1.00123608112335,0.98307728767395,1.19175148010254,1.09040224552155,1.00957775115967,0.980831205844879,1.19725728034973,1.09430480003357,1.00664448738098,0.981117963790894,1.18433237075806,1.00529527664185,1.03508281707764,1.00529491901398,1.18743991851807,1.00529491901398,0.988845586776733,1.00529491901398,1.2007691860199,1.08882021903992,1.00157904624939,0.982918977737427,0.82637
1.18333768844604,1.09419775009155,0.995045304298401,0.974349558353424,1.194944024086,1.09443008899689,0.994506061077118,0.974385440349579,1.18948709964752,1.0955057144165,1.00312614440918,0.974141836166382,1.1950615644455,1.10009765625,0.999575257301331,0.973933160305023,1.18201541900635,1.0098363161087,1.02878069877625,1.00983595848083,1.18515276908875,1.00983607769012,0.981034517288208,1.00983595848083,1.1983323097229,1.09397757053375,0.992920756340027,0.974256098270416,0.8576
1.18087756633759,1.1057460308075,0.990398168563843,0.972337484359741,1.1919093132019,1.10598754882812,0.98990660905838,0.972396314144135,1.18678855895996,1.10736560821533,1.00061321258545,0.971918404102325,1.19226717948914,1.11186325550079,0.995048940181732,0.9717076420784,1.17959344387054,1.02169275283813,1.02684891223907,1.02169239521027,1.18263626098633,1.02169239521027,0.974547207355499,1.02169239521027,1.19510674476624,1.10551905632019,0.985443532466888,0.972278237342834,0.8888
1.17956018447876,1.12249076366425,1.0033917427063,0.996561944484711,1.19056606292725,1.12275779247284,1.00331699848175,0.996634423732758,1.18537318706512,1.1259218454361,1.01435041427612,0.995423197746277,1.19088852405548,1.1293009519577,1.00822603702545,0.995344340801239,1.17829275131226,1.04089736938477,1.03941643238068,1.0408970117569,1.18131518363953,1.04089713096619,0.988249659538269,1.0408970117569,1.19369053840637,1.12224447727203,0.998591005802155,0.996585190296173,0.91102
1.18749690055847,1.14532136917114,1.0308358669281,1.04220962524414,1.19798672199249,1.14559805393219,1.03131365776062,1.04233312606812,1.19302010536194,1.14741313457489,1.04072499275208,1.03995966911316,1.19791197776794,1.15225124359131,1.03504824638367,1.04025042057037,1.18672609329224,1.06137919425964,1.06287848949432,1.06137883663177,1.18939745426178,1.06137883663177,1.01905953884125,1.06137883663177,1.20080256462097,1.14506769180298,1.02909159660339,1.04216992855072,0.94117
1.18121457099915,1.1566675901413,1.05322396755219,1.08154368400574,1.19146990776062,1.1569287776947,1.05377173423767,1.08161771297455,1.18676280975342,1.16041338443756,1.06148564815521,1.07757961750031,1.1919116973877,1.16334140300751,1.05626952648163,1.07815611362457,1.18012773990631,1.07560527324677,1.0812166929245,1.0756049156189,1.18294668197632,1.0756049156189,1.04453527927399,1.0756049156189,1.19437372684479,1.15642583370209,1.05468654632568,1.0814962387085,0.97231
1.18584871292114,1.16833925247192,1.07502317428589,1.11643314361572,1.19538867473602,1.16859567165375,1.07533609867096,1.11660146713257,1.19100046157837,1.17194700241089,1.08186793327332,1.11097157001495,1.19561433792114,1.1748822927475,1.07734680175781,1.11198329925537,1.18520653247833,1.08711779117584,1.09962379932404,1.08711743354797,1.18768167495728,1.08711743354797,1.06927537918091,1.08711743354797,1.19790256023407,1.16810154914856,1.07951939105988,1.11644768714905,1.0006
