small_1,small_de_2,all_3,all_de_4,small_5,small_de_6,all_7,all_de_8,small_9,small_de_10,all_11,all_de_12,small_13,small_de_14,all_15,all_de_16,small_17,small_de_18,all_19,all_de_20,small_21,small_de_22,all_23,all_de_24,small_25,small_de_26,all_27,all_de_28,original
0.818127751350403,3.42693758010864,0.597088158130646,2.73181867599487,1.15453457832336,1.17895841598511,1.07122123241425,1.09834384918213,1.15525841712952,1.19097661972046,1.07252287864685,1.10677528381348,1.15523815155029,1.18854379653931,1.06267833709717,1.08623600006104,1.15284442901611,1.16743612289429,1.09905958175659,1.08831357955933,1.15613484382629,1.19209051132202,1.06297707557678,1.09306764602661,1.15786552429199,1.17875480651855,1.07009899616241,1.08660078048706,1.0002
0.952242076396942,2.26048541069031,0.731949806213379,1.64779686927795,1.15297269821167,1.17846083641052,1.08225679397583,1.11302638053894,1.1530327796936,1.20522332191467,1.0807067155838,1.1223418712616,1.15459311008453,1.19793581962585,1.07359564304352,1.10471224784851,1.15013217926025,1.16670441627502,1.10397505760193,1.10130620002747,1.15344095230103,1.21441721916199,1.07303059101105,1.1127827167511,1.15685153007507,1.17472386360168,1.08156371116638,1.10393643379211,0.99265
1.04420840740204,1.65952146053314,0.829801797866821,1.30152642726898,1.15682089328766,1.2204087972641,1.07450175285339,1.11619889736176,1.15714716911316,1.25598704814911,1.07505190372467,1.12915170192719,1.1574991941452,1.24553334712982,1.06559598445892,1.11491811275482,1.15478110313416,1.20707929134369,1.10077738761902,1.1027420759201,1.15772724151611,1.26965272426605,1.06589639186859,1.12529170513153,1.15962421894073,1.21374356746674,1.07363998889923,1.10886323451996,0.9924
1.10271894931793,1.40700531005859,0.901830732822418,1.19556951522827,1.15994560718536,1.30124855041504,1.07128977775574,1.12244319915771,1.16007518768311,1.33719396591187,1.07429337501526,1.13783884048462,1.16094517707825,1.32613897323608,1.06395900249481,1.12851619720459,1.15763258934021,1.28638362884521,1.10136914253235,1.10716342926025,1.1604859828949,1.35139322280884,1.06471395492554,1.14146375656128,1.16286277770996,1.29429769515991,1.07049310207367,1.11619853973389,1.0121
1.13863527774811,1.31721794605255,0.954374730587006,1.17035734653473,1.15893232822418,1.38117897510529,1.07077205181122,1.13299715518951,1.15897798538208,1.41437065601349,1.07642292976379,1.15162861347198,1.15978860855103,1.40405428409576,1.0641268491745,1.14510071277618,1.15658783912659,1.3663684129715,1.10349535942078,1.11725914478302,1.1593337059021,1.42769110202789,1.06595635414124,1.16258156299591,1.16166043281555,1.37532103061676,1.069500207901,1.12950623035431,1.0325
1.16203784942627,1.3087557554245,0.992732107639313,1.19397151470184,1.15844225883484,1.4302214384079,1.07031345367432,1.15949380397797,1.1584986448288,1.46662366390228,1.07909691333771,1.18179214000702,1.15882778167725,1.45542228221893,1.06499743461609,1.17619979381561,1.1563732624054,1.41815507411957,1.10723543167114,1.1441148519516,1.15884637832642,1.48310840129852,1.0679919719696,1.20058000087738,1.16078412532806,1.42748439311981,1.0685065984726,1.15793597698212,1.0512
1.18483006954193,1.31563007831573,1.01957941055298,1.18855440616608,1.18107843399048,1.4484087228775,1.07394361495972,1.15916883945465,1.17971694469452,1.48732435703278,1.08521497249603,1.18395578861237,1.18206262588501,1.47580254077911,1.0701345205307,1.17975962162018,1.17831313610077,1.43988335132599,1.11385035514832,1.14219152927399,1.17865920066833,1.50639736652374,1.07403492927551,1.20824873447418,1.18355894088745,1.44818603992462,1.07187867164612,1.16005766391754,1.069
1.20742917060852,1.32032549381256,1.03357934951782,1.14466488361359,1.22267460823059,1.4801207780838,1.08150541782379,1.117879986763,1.21790730953217,1.51153337955475,1.09455287456512,1.14354288578033,1.22623598575592,1.50215971469879,1.07945609092712,1.14133322238922,1.21736240386963,1.46975147724152,1.12303996086121,1.09780132770538,1.21357560157776,1.52615797519684,1.08391714096069,1.17083752155304,1.22725653648376,1.48008930683136,1.07928240299225,1.11849129199982,1.0413
1.21583557128906,1.27971804141998,1.04134774208069,1.10765516757965,1.2476372718811,1.39577782154083,1.11525130271912,1.103475689888,1.24108338356018,1.42881739139557,1.1242493391037,1.12637484073639,1.25356614589691,1.41898357868195,1.11474907398224,1.12360537052155,1.24064075946808,1.38511765003204,1.14420747756958,1.08299839496613,1.23497653007507,1.4442583322525,1.11711990833282,1.1520653963089,1.25465059280396,1.39414656162262,1.11579346656799,1.10308754444122,1.0288
1.19755041599274,1.1896333694458,1.03985285758972,1.03155946731567,1.20124769210815,1.17813205718994,1.12063646316528,1.06688785552979,1.19806480407715,1.21561336517334,1.12685394287109,1.08407735824585,1.2051922082901,1.20508241653442,1.11909246444702,1.08052921295166,1.19669818878174,1.17283201217651,1.13976919651031,1.04606199264526,1.1950945854187,1.23540163040161,1.11976802349091,1.10387372970581,1.20807671546936,1.18016624450684,1.12424600124359,1.06779003143311,1.0196
1.19479417800903,1.10800075531006,1.01965463161469,0.973058640956879,1.21825122833252,1.03894519805908,1.10078191757202,1.01611423492432,1.21033906936646,1.07223272323608,1.10187196731567,1.0290641784668,1.22392523288727,1.06451272964478,1.09529280662537,1.02457904815674,1.21006608009338,1.03769111633301,1.11339163780212,0.992945611476898,1.20315265655518,1.08831691741943,1.0946227312088,1.03512477874756,1.22715020179749,1.04162263870239,1.10181188583374,1.01571607589722,0.98043
1.15447056293488,1.01663506031036,0.984943866729736,0.917714238166809,1.15292096138,0.907015919685364,1.02682685852051,0.950669407844543,1.15055012702942,0.925258755683899,1.03683495521545,0.960899949073792,1.15618252754211,0.922024846076965,1.02368807792664,0.951479554176331,1.14832389354706,0.904324650764465,1.05830216407776,0.934751629829407,1.14855682849884,0.933562874794006,1.02027583122253,0.963231682777405,1.16125392913818,0.912378430366516,1.02969419956207,0.94961416721344,0.9372
1.1441388130188,1.01575481891632,0.947879314422607,0.990484833717346,1.16586375236511,0.991316437721252,0.999873459339142,0.970035672187805,1.1588476896286,0.98907482624054,1.00144326686859,0.978095173835754,1.16893637180328,0.992642045021057,0.987724959850311,0.960644841194153,1.1586651802063,0.981252312660217,1.02705907821655,0.959948658943176,1.15268588066101,0.980323433876038,0.988190650939941,0.965676426887512,1.17455005645752,0.989351391792297,0.996640086174011,0.960654854774475,0.89616
1.10530710220337,0.945808172225952,0.897424340248108,0.953831911087036,1.14242112636566,0.945817708969116,0.933605313301086,0.904356241226196,1.13681578636169,0.933645486831665,0.940568149089813,0.914235830307007,1.14424467086792,0.941235303878784,0.925181865692139,0.891015768051147,1.13630998134613,0.935137510299683,0.972360968589783,0.906474351882935,1.13201832771301,0.916788339614868,0.919663667678833,0.896725416183472,1.15053224563599,0.94110894203186,0.932110667228699,0.892107248306274,0.8688
1.08254218101501,0.903631806373596,0.858817219734192,0.934982419013977,1.12399530410767,0.953994870185852,0.912709891796112,0.85439121723175,1.12215948104858,0.918751358985901,0.913928031921387,0.862680554389954,1.12302565574646,0.933764100074768,0.896863579750061,0.834070801734924,1.12167465686798,0.942330956459045,0.951546967029572,0.865352749824524,1.12062454223633,0.888602375984192,0.895253777503967,0.837228417396545,1.1299501657486,0.953888058662415,0.908919453620911,0.840280175209045,0.85791
1.06273460388184,0.813613951206207,0.819062829017639,0.816050112247467,1.08338189125061,0.832943975925446,0.856209933757782,0.76196676492691,1.0844292640686,0.806387484073639,0.863169014453888,0.768235266208649,1.08038830757141,0.819521963596344,0.839988648891449,0.740895807743073,1.08320116996765,0.82590252161026,0.907257199287415,0.770516932010651,1.08562469482422,0.78130966424942,0.837112545967102,0.735509932041168,1.08853805065155,0.833928644657135,0.851244211196899,0.754185259342194,0.86234
1.06453990936279,0.700817108154297,0.802715539932251,0.755240917205811,1.07108402252197,0.668290138244629,0.854282438755035,0.699029445648193,1.07486546039581,0.652842044830322,0.862988173961639,0.706901073455811,1.06500327587128,0.66374397277832,0.835962295532227,0.675296306610107,1.07428002357483,0.67167329788208,0.913758039474487,0.710644245147705,1.07838463783264,0.636802673339844,0.836002469062805,0.66898250579834,1.07363867759705,0.677621364593506,0.845563769340515,0.692943096160889,0.88111
1.07870697975159,0.685224175453186,0.811223864555359,0.726026177406311,1.08418583869934,0.658581852912903,0.878137707710266,0.674797177314758,1.08868741989136,0.636998772621155,0.886186599731445,0.678205609321594,1.07810628414154,0.650220513343811,0.860729217529297,0.64579164981842,1.08802151679993,0.66654646396637,0.940852582454681,0.682070851325989,1.09279680252075,0.619932770729065,0.862532377243042,0.637220978736877,1.08567845821381,0.674965023994446,0.868842124938965,0.668081879615784,0.90114
1.08628702163696,0.735405266284943,0.829827427864075,0.736901104450226,1.08538210391998,0.755980312824249,0.893550634384155,0.694317638874054,1.08844494819641,0.732198059558868,0.902596473693848,0.694239437580109,1.08132672309875,0.744634926319122,0.87667441368103,0.661498844623566,1.08681559562683,0.757209122180939,0.95802366733551,0.695358097553253,1.09150362014771,0.713574230670929,0.880612969398499,0.654649555683136,1.0879453420639,0.769173443317413,0.882130980491638,0.686361134052277,0.92163
1.10264956951141,0.791140615940094,0.859041631221771,0.807100832462311,1.09241986274719,0.809039175510406,0.93029773235321,0.759756147861481,1.09569692611694,0.792483866214752,0.940046846866608,0.761254847049713,1.08711183071136,0.802598536014557,0.91516524553299,0.726758539676666,1.09486353397369,0.811291754245758,0.992487549781799,0.759573042392731,1.09885168075562,0.778432428836823,0.920354247093201,0.725693762302399,1.0934830904007,0.821889936923981,0.918920874595642,0.747160017490387,0.97357
1.12771058082581,0.887188076972961,0.891196012496948,0.908633351325989,1.12454879283905,0.93244469165802,0.957544386386871,0.847026944160461,1.12761068344116,0.913049817085266,0.969496130943298,0.848859906196594,1.11890363693237,0.923778653144836,0.945927917957306,0.814666867256165,1.12767708301544,0.934482216835022,1.02106440067291,0.84614622592926,1.13037729263306,0.898106694221497,0.952089071273804,0.818592190742493,1.12377727031708,0.947298645973206,0.948301315307617,0.83209764957428,1.0236
1.1489098072052,0.954450309276581,0.918518722057343,0.998633086681366,1.13305735588074,0.977441489696503,0.968540072441101,0.925132930278778,1.13610196113586,0.963916480541229,0.982994675636292,0.927875220775604,1.12630391120911,0.974059760570526,0.957262992858887,0.8928582072258,1.13692760467529,0.986935317516327,1.03473210334778,0.923220813274384,1.13878655433655,0.953533351421356,0.965400815010071,0.900404632091522,1.13069462776184,0.996718108654022,0.959630608558655,0.909030139446259,1.0478
1.17087841033936,0.961764633655548,0.943854033946991,1.05437791347504,1.14072012901306,0.960390865802765,0.983786165714264,0.961841404438019,1.14407706260681,0.959169209003448,1.00053560733795,0.966364204883575,1.13312029838562,0.966292679309845,0.972802758216858,0.929440319538116,1.145503282547,0.975816547870636,1.0539253950119,0.960385143756866,1.14692807197571,0.956780731678009,0.983375191688538,0.941523373126984,1.13736999034882,0.981697857379913,0.973479747772217,0.945279896259308,1.068
1.18411040306091,1.03974187374115,0.96439665555954,1.09952008724213,1.14829409122467,1.11533296108246,0.988922655582428,1.01451003551483,1.15088772773743,1.118372797966,1.00870072841644,1.02296388149261,1.14211070537567,1.12094676494598,0.979420065879822,0.990855097770691,1.15178394317627,1.11409080028534,1.06458878517151,1.01018464565277,1.15313458442688,1.11582267284393,0.991675615310669,1.00692307949066,1.14561927318573,1.12377727031708,0.978586792945862,0.999307036399841,1.0893
