original,trained_s_1,trained_s_2,trained_s_3,trained_b_1,trained_b_2,trained_b_3
0.18499,0.18499,0.18499,0.18499,0.18499,0.18499,0.18499
0.17962,0.17962,0.17962,0.17962,0.17962,0.17962,0.17962
0.18231,0.18231,0.18231,0.18231,0.18231,0.18231,0.18231
0.17694,0.17694,0.17694,0.17694,0.17694,0.17694,0.17694
0.16086,0.16086,0.16086,0.16086,0.16086,0.16086,0.16086
0.15282,0.15282,0.15282,0.15282,0.15282,0.15282,0.15282
0.15013,0.15013,0.15013,0.15013,0.15013,0.15013,0.15013
0.16622,0.16622,0.16622,0.16622,0.16622,0.16622,0.16622
0.20107,0.20107,0.20107,0.20107,0.20107,0.20107,0.20107
0.23324,0.23324,0.23324,0.23324,0.23324,0.23324,0.23324
0.25201,0.25201,0.25201,0.25201,0.25201,0.25201,0.25201
0.27078,0.27078,0.27078,0.27078,0.27078,0.27078,0.27078
0.30295,0.30295,0.30295,0.30295,0.30295,0.30295,0.30295
0.32172,0.32172,0.32172,0.32172,0.32172,0.32172,0.32172
0.32172,0.32172,0.32172,0.32172,0.32172,0.32172,0.32172
0.31635,0.31635,0.31635,0.31635,0.31635,0.31635,0.31635
0.30563,0.30563,0.30563,0.30563,0.30563,0.30563,0.30563
0.29223,0.29223,0.29223,0.29223,0.29223,0.29223,0.29223
0.27882,0.27882,0.27882,0.27882,0.27882,0.27882,0.27882
0.2681,0.2681,0.2681,0.2681,0.2681,0.2681,0.2681
0.26273,0.26273,0.26273,0.26273,0.26273,0.26273,0.26273
0.26542,0.26542,0.26542,0.26542,0.26542,0.26542,0.26542
0.23592,0.23592,0.23592,0.23592,0.23592,0.23592,0.23592
0.2252,0.2252,0.2252,0.2252,0.2252,0.2252,0.2252
0.2252,0.2252,0.2252,0.2252,0.2252,0.2252,0.2252
0.23056,0.23056,0.23056,0.23056,0.23056,0.23056,0.23056
0.23592,0.23592,0.23592,0.23592,0.23592,0.23592,0.23592
0.23592,0.23592,0.23592,0.23592,0.23592,0.23592,0.23592
0.2252,0.2252,0.2252,0.2252,0.2252,0.2252,0.2252
0.21984,0.21984,0.21984,0.21984,0.21984,0.21984,0.21984
0.21448,0.21448,0.21448,0.21448,0.21448,0.21448,0.21448
0.2118,0.2118,0.2118,0.2118,0.2118,0.2118,0.2118
0.21448,0.21448,0.21448,0.21448,0.21448,0.21448,0.21448
0.2118,0.2118,0.2118,0.2118,0.2118,0.2118,0.2118
0.21448,0.21448,0.21448,0.21448,0.21448,0.21448,0.21448
0.21716,0.21716,0.21716,0.21716,0.21716,0.21716,0.21716
0.21984,0.21984,0.21984,0.21984,0.21984,0.21984,0.21984
0.22788,0.22788,0.22788,0.22788,0.22788,0.22788,0.22788
0.23592,0.23592,0.23592,0.23592,0.23592,0.23592,0.23592
0.24129,0.24129,0.24129,0.24129,0.24129,0.24129,0.24129
0.24129,0.24129,0.24129,0.24129,0.24129,0.24129,0.24129
0.23592,0.23592,0.23592,0.23592,0.23592,0.23592,0.23592
0.23592,0.23592,0.23592,0.23592,0.23592,0.23592,0.23592
0.24397,0.24397,0.24397,0.24397,0.24397,0.24397,0.24397
0.23861,0.23861,0.23861,0.23861,0.23861,0.23861,0.23861
0.23861,0.23861,0.23861,0.23861,0.23861,0.23861,0.23861
0.23592,0.23592,0.23592,0.23592,0.23592,0.23592,0.23592
0.24129,0.24129,0.24129,0.24129,0.24129,0.24129,0.24129
0.24397,0.24397,0.24397,0.24397,0.24397,0.24397,0.24397
0.24665,0.24665,0.24665,0.24665,0.24665,0.24665,0.24665
0.24129,0.24129,0.24129,0.24129,0.24129,0.24129,0.24129
0.24665,0.24665,0.24665,0.24665,0.24665,0.24665,0.24665
0.24665,0.24665,0.24665,0.24665,0.24665,0.24665,0.24665
0.24129,0.24129,0.24129,0.24129,0.24129,0.24129,0.24129
0.24397,0.24397,0.24397,0.24397,0.24397,0.24397,0.24397
0.24933,0.24933,0.24933,0.24933,0.24933,0.24933,0.24933
0.26273,0.26273,0.26273,0.26273,0.26273,0.26273,0.26273
0.2681,0.2681,0.2681,0.2681,0.2681,0.2681,0.2681
0.27614,0.27614,0.27614,0.27614,0.27614,0.27614,0.27614
0.28418,0.28418,0.28418,0.28418,0.28418,0.28418,0.28418
0.27078,0.27078,0.27078,0.27078,0.27078,0.27078,0.27078
0.25469,0.25469,0.25469,0.25469,0.25469,0.25469,0.25469
0.25201,0.25201,0.25201,0.25201,0.25201,0.25201,0.25201
0.25201,0.25201,0.25201,0.25201,0.25201,0.25201,0.25201
0.25201,0.25201,0.25201,0.25201,0.25201,0.25201,0.25201
0.24933,0.24933,0.24933,0.24933,0.24933,0.24933,0.24933
0.23324,0.23324,0.23324,0.23324,0.23324,0.23324,0.23324
0.21716,0.21716,0.21716,0.21716,0.21716,0.21716,0.21716
0.21984,0.21984,0.21984,0.21984,0.21984,0.21984,0.21984
0.22252,0.22252,0.22252,0.22252,0.22252,0.22252,0.22252
0.21716,0.21716,0.21716,0.21716,0.21716,0.21716,0.21716
0.2118,0.2118,0.2118,0.2118,0.2118,0.2118,0.2118
0.2118,0.2118,0.2118,0.2118,0.2118,0.2118,0.2118
0.22252,0.22252,0.22252,0.22252,0.22252,0.22252,0.22252
0.21984,0.21984,0.21984,0.21984,0.21984,0.21984,0.21984
0.21984,0.21984,0.21984,0.21984,0.21984,0.21984,0.21984
0.23056,0.23056,0.23056,0.23056,0.23056,0.23056,0.23056
0.2252,0.2252,0.2252,0.2252,0.2252,0.2252,0.2252
0.21984,0.21984,0.21984,0.21984,0.21984,0.21984,0.21984
0.21448,0.21448,0.21448,0.21448,0.21448,0.21448,0.21448
0.22252,0.22252,0.22252,0.22252,0.22252,0.22252,0.22252
0.23592,0.23592,0.23592,0.23592,0.23592,0.23592,0.23592
0.24665,0.24665,0.24665,0.24665,0.24665,0.24665,0.24665
0.25469,0.25469,0.25469,0.25469,0.25469,0.25469,0.25469
0.26005,0.26005,0.26005,0.26005,0.26005,0.26005,0.26005
0.25737,0.25737,0.25737,0.25737,0.25737,0.25737,0.25737
0.26273,0.26273,0.26273,0.26273,0.26273,0.26273,0.26273
0.27346,0.27346,0.27346,0.27346,0.27346,0.27346,0.27346
0.26273,0.26273,0.26273,0.26273,0.26273,0.26273,0.26273
0.25737,0.25737,0.25737,0.25737,0.25737,0.25737,0.25737
0.25469,0.25469,0.25469,0.25469,0.25469,0.25469,0.25469
0.25201,0.25201,0.25201,0.25201,0.25201,0.25201,0.25201
0.24933,0.24933,0.24933,0.24933,0.24933,0.24933,0.24933
0.24129,0.24129,0.24129,0.24129,0.24129,0.24129,0.24129
0.23056,0.23056,0.23056,0.23056,0.23056,0.23056,0.23056
0.22788,0.22788,0.22788,0.22788,0.22788,0.22788,0.22788
0.2252,0.2252,0.2252,0.2252,0.2252,0.2252,0.2252
0.21716,0.21716,0.21716,0.21716,0.21716,0.21716,0.21716
0.20643,0.20643,0.20643,0.20643,0.20643,0.20643,0.20643
0.20912,0.20912,0.20912,0.20912,0.20912,0.20912,0.20912
0.20643,0.20643,0.20643,0.20643,0.20643,0.20643,0.20643
0.20375,0.20375,0.20375,0.20375,0.20375,0.20375,0.20375
0.18767,0.18767,0.18767,0.18767,0.18767,0.18767,0.18767
0.19839,0.19839,0.19839,0.19839,0.19839,0.19839,0.19839
0.21448,0.21448,0.21448,0.21448,0.21448,0.21448,0.21448
0.24397,0.24397,0.24397,0.24397,0.24397,0.24397,0.24397
0.27078,0.27078,0.27078,0.27078,0.27078,0.27078,0.27078
0.2815,0.2815,0.2815,0.2815,0.2815,0.2815,0.2815
0.29491,0.29491,0.29491,0.29491,0.29491,0.29491,0.29491
0.30027,0.30027,0.30027,0.30027,0.30027,0.30027,0.30027
0.30027,0.30027,0.30027,0.30027,0.30027,0.30027,0.30027
0.30027,0.30027,0.30027,0.30027,0.30027,0.30027,0.30027
0.30027,0.30027,0.30027,0.30027,0.30027,0.30027,0.30027
0.29759,0.29759,0.29759,0.29759,0.29759,0.29759,0.29759
0.29759,0.29759,0.29759,0.29759,0.29759,0.29759,0.29759
0.29491,0.29491,0.29491,0.29491,0.29491,0.29491,0.29491
0.28418,0.28418,0.28418,0.28418,0.28418,0.28418,0.28418
0.28418,0.28418,0.28418,0.28418,0.28418,0.28418,0.28418
0.2815,0.2815,0.2815,0.2815,0.2815,0.2815,0.2815
0.27614,0.27614,0.27614,0.27614,0.27614,0.27614,0.27614
0.27078,0.27078,0.27078,0.27078,0.27078,0.27078,0.27078
0.2681,0.2681,0.2681,0.2681,0.2681,0.2681,0.2681
0.2681,0.2681,0.2681,0.2681,0.2681,0.2681,0.2681
0.27078,0.27078,0.27078,0.27078,0.27078,0.27078,0.27078
0.26542,0.26542,0.26542,0.26542,0.26542,0.26542,0.26542
0.23324,0.23324,0.23324,0.23324,0.23324,0.23324,0.23324
0.22252,0.22252,0.22252,0.22252,0.22252,0.22252,0.22252
0.24129,0.24129,0.24129,0.24129,0.24129,0.24129,0.24129
0.27346,0.27346,0.27346,0.27346,0.27346,0.27346,0.27346
0.30295,0.30295,0.30295,0.30295,0.30295,0.30295,0.30295
0.3244,0.3244,0.3244,0.3244,0.3244,0.3244,0.3244
0.34048,0.34048,0.34048,0.34048,0.34048,0.34048,0.34048
0.35121,0.35121,0.35121,0.35121,0.35121,0.35121,0.35121
0.36461,0.36461,0.36461,0.36461,0.36461,0.36461,0.36461
0.37534,0.37534,0.37534,0.37534,0.37534,0.37534,0.37534
0.37802,0.37802,0.37802,0.37802,0.37802,0.37802,0.37802
0.36461,0.36461,0.36461,0.36461,0.36461,0.36461,0.36461
0.34316,0.34316,0.34316,0.34316,0.34316,0.34316,0.34316
0.33512,0.33512,0.33512,0.33512,0.33512,0.33512,0.33512
0.3244,0.3244,0.3244,0.3244,0.3244,0.3244,0.3244
0.31099,0.31099,0.31099,0.31099,0.31099,0.31099,0.31099
0.29223,0.29223,0.29223,0.29223,0.29223,0.29223,0.29223
0.29491,0.29491,0.29491,0.29491,0.29491,0.29491,0.29491
0.30027,0.30027,0.30027,0.30027,0.30027,0.30027,0.30027
0.28418,0.28418,0.28418,0.28418,0.28418,0.28418,0.28418
0.28418,0.28418,0.28418,0.28418,0.28418,0.28418,0.28418
0.2681,0.2681,0.2681,0.2681,0.2681,0.2681,0.2681
0.24665,0.24665,0.24665,0.24665,0.24665,0.24665,0.24665
0.23592,0.23592,0.23592,0.23592,0.23592,0.23592,0.23592
0.22252,0.22252,0.22252,0.22252,0.22252,0.22252,0.22252
0.23861,0.23861,0.23861,0.23861,0.23861,0.23861,0.23861
0.2681,0.2681,0.2681,0.2681,0.2681,0.2681,0.2681
0.33512,0.33512,0.33512,0.33512,0.33512,0.33512,0.33512
0.38338,0.38338,0.38338,0.38338,0.38338,0.38338,0.38338
0.40483,0.40483,0.40483,0.40483,0.40483,0.40483,0.40483
0.42627,0.42627,0.42627,0.42627,0.42627,0.42627,0.42627
0.4504,0.4504,0.4504,0.4504,0.4504,0.4504,0.4504
0.44504,0.44504,0.44504,0.44504,0.44504,0.44504,0.44504
0.44236,0.44236,0.44236,0.44236,0.44236,0.44236,0.44236
0.42895,0.42895,0.42895,0.42895,0.42895,0.42895,0.42895
0.40214,0.40214,0.40214,0.40214,0.40214,0.40214,0.40214
0.37534,0.37534,0.37534,0.37534,0.37534,0.37534,0.37534
0.35121,0.35121,0.35121,0.35121,0.35121,0.35121,0.35121
0.34316,0.34316,0.34316,0.34316,0.34316,0.34316,0.34316
0.33244,0.33244,0.33244,0.33244,0.33244,0.33244,0.33244
0.32976,0.32976,0.32976,0.32976,0.32976,0.32976,0.32976
0.28686,0.28686,0.28686,0.28686,0.28686,0.28686,0.28686
0.25469,0.25469,0.25469,0.25469,0.25469,0.25469,0.25469
0.25469,0.25469,0.25469,0.25469,0.25469,0.25469,0.25469
0.24665,0.24665,0.24665,0.24665,0.24665,0.24665,0.24665
0.24665,0.24665,0.24665,0.24665,0.24665,0.24665,0.24665
0.24397,0.24397,0.24397,0.24397,0.24397,0.24397,0.24397
0.23056,0.23056,0.23056,0.23056,0.23056,0.23056,0.23056
0.21716,0.21716,0.21716,0.21716,0.21716,0.21716,0.21716
0.22252,0.22252,0.22252,0.22252,0.22252,0.22252,0.22252
0.24933,0.24933,0.24933,0.24933,0.24933,0.24933,0.24933
0.28418,0.28418,0.28418,0.28418,0.28418,0.28418,0.28418
0.3244,0.3244,0.3244,0.3244,0.3244,0.3244,0.3244
0.35925,0.35925,0.35925,0.35925,0.35925,0.35925,0.35925
0.3807,0.3807,0.3807,0.3807,0.3807,0.3807,0.3807
0.3941,0.3941,0.3941,0.3941,0.3941,0.3941,0.3941
0.41019,0.41019,0.41019,0.41019,0.41019,0.41019,0.41019
0.42627,0.42627,0.42627,0.42627,0.42627,0.42627,0.42627
0.41823,0.41823,0.41823,0.41823,0.41823,0.41823,0.41823
0.3941,0.3941,0.3941,0.3941,0.3941,0.3941,0.3941
0.36729,0.36729,0.36729,0.36729,0.36729,0.36729,0.36729
0.31903,0.31903,0.31903,0.31903,0.31903,0.31903,0.31903
0.29491,0.29491,0.29491,0.29491,0.29491,0.29491,0.29491
0.29223,0.29223,0.29223,0.29223,0.29223,0.29223,0.29223
0.28954,0.28954,0.28954,0.28954,0.28954,0.28954,0.28954
0.29759,0.29759,0.29759,0.29759,0.29759,0.29759,0.29759
0.30295,0.30295,0.30295,0.30295,0.30295,0.30295,0.30295
0.28954,0.28954,0.28954,0.28954,0.28954,0.28954,0.28954
0.29759,0.29759,0.29759,0.29759,0.29759,0.29759,0.29759
0.27882,0.27882,0.27882,0.27882,0.27882,0.27882,0.27882
0.2681,0.2681,0.2681,0.2681,0.2681,0.2681,0.2681
0.27882,0.27882,0.27882,0.27882,0.27882,0.27882,0.27882
0.28686,0.28686,0.28686,0.28686,0.28686,0.28686,0.28686
0.27346,0.27346,0.27346,0.27346,0.27346,0.27346,0.27346
0.28954,0.28954,0.28954,0.28954,0.28954,0.28954,0.28954
0.32976,0.32976,0.32976,0.32976,0.32976,0.32976,0.32976
0.36729,0.36729,0.36729,0.36729,0.36729,0.36729,0.36729
0.39142,0.39142,0.39142,0.39142,0.39142,0.39142,0.39142
0.42091,0.42091,0.42091,0.42091,0.42091,0.42091,0.42091
0.43164,0.43164,0.43164,0.43164,0.43164,0.43164,0.43164
0.45576,0.45576,0.45576,0.45576,0.45576,0.45576,0.45576
0.46381,0.46381,0.46381,0.46381,0.46381,0.46381,0.46381
0.45845,0.45845,0.45845,0.45845,0.45845,0.45845,0.45845
0.4504,0.4504,0.4504,0.4504,0.4504,0.4504,0.4504
0.43164,0.43164,0.43164,0.43164,0.43164,0.43164,0.43164
0.41823,0.41823,0.41823,0.41823,0.41823,0.41823,0.41823
0.39678,0.39678,0.39678,0.39678,0.39678,0.39678,0.39678
0.35121,0.35121,0.35121,0.35121,0.35121,0.35121,0.35121
0.34853,0.34853,0.34853,0.34853,0.34853,0.34853,0.34853
0.37802,0.37802,0.37802,0.37802,0.37802,0.37802,0.37802
0.39678,0.39678,0.39678,0.39678,0.39678,0.39678,0.39678
0.34584,0.34584,0.34584,0.34584,0.34584,0.34584,0.34584
0.26005,0.26005,0.26005,0.26005,0.26005,0.26005,0.26005
0.27882,0.27882,0.27882,0.27882,0.27882,0.27882,0.27882
0.27882,0.27882,0.27882,0.27882,0.27882,0.27882,0.27882
0.2681,0.2681,0.2681,0.2681,0.2681,0.2681,0.2681
0.26542,0.26542,0.26542,0.26542,0.26542,0.26542,0.26542
0.26542,0.26542,0.26542,0.26542,0.26542,0.26542,0.26542
0.27882,0.27882,0.27882,0.27882,0.27882,0.27882,0.27882
0.28418,0.28418,0.28418,0.28418,0.28418,0.28418,0.28418
0.30831,0.30831,0.30831,0.30831,0.30831,0.30831,0.30831
0.35657,0.35657,0.35657,0.35657,0.35657,0.35657,0.35657
0.40483,0.40483,0.40483,0.40483,0.40483,0.40483,0.40483
0.42359,0.42359,0.42359,0.42359,0.42359,0.42359,0.42359
0.42091,0.42091,0.42091,0.42091,0.42091,0.42091,0.42091
0.43164,0.43164,0.43164,0.43164,0.43164,0.43164,0.43164
0.42359,0.42359,0.42359,0.42359,0.42359,0.42359,0.42359
0.41019,0.41019,0.41019,0.41019,0.41019,0.41019,0.41019
0.40483,0.40483,0.40483,0.40483,0.40483,0.40483,0.40483
0.39142,0.39142,0.39142,0.39142,0.39142,0.39142,0.39142
0.35657,0.35657,0.35657,0.35657,0.35657,0.35657,0.35657
0.34853,0.34853,0.34853,0.34853,0.34853,0.34853,0.34853
0.3378,0.3378,0.3378,0.3378,0.3378,0.3378,0.3378
0.32976,0.32976,0.32976,0.32976,0.32976,0.32976,0.32976
0.3244,0.3244,0.3244,0.3244,0.3244,0.3244,0.3244
0.31903,0.31903,0.31903,0.31903,0.31903,0.31903,0.31903
0.31367,0.31367,0.31367,0.31367,0.31367,0.31367,0.31367
0.3244,0.3244,0.3244,0.3244,0.3244,0.3244,0.3244
0.38338,0.38338,0.38338,0.38338,0.38338,0.38338,0.38338
0.34316,0.34316,0.34316,0.34316,0.34316,0.34316,0.34316
0.30563,0.30563,0.30563,0.30563,0.30563,0.30563,0.30563
0.27882,0.27882,0.27882,0.27882,0.27882,0.27882,0.27882
0.30295,0.30295,0.30295,0.30295,0.30295,0.30295,0.30295
0.2815,0.2815,0.2815,0.2815,0.2815,0.2815,0.2815
0.29491,0.29491,0.29491,0.29491,0.29491,0.29491,0.29491
0.34316,0.34316,0.34316,0.34316,0.34316,0.34316,0.34316
0.3807,0.3807,0.3807,0.3807,0.3807,0.3807,0.3807
0.45308,0.45308,0.45308,0.45308,0.45308,0.45308,0.45308
0.46917,0.46917,0.46917,0.46917,0.46917,0.46917,0.46917
0.46381,0.46381,0.46381,0.46381,0.46381,0.46381,0.46381
0.45308,0.45308,0.45308,0.45308,0.45308,0.45308,0.45308
0.44772,0.44772,0.44772,0.44772,0.44772,0.44772,0.44772
0.42359,0.42359,0.42359,0.42359,0.42359,0.42359,0.42359
0.40483,0.40483,0.40483,0.40483,0.40483,0.40483,0.40483
0.40214,0.40214,0.40214,0.40214,0.40214,0.40214,0.40214
0.40214,0.40214,0.40214,0.40214,0.40214,0.40214,0.40214
0.39946,0.39946,0.39946,0.39946,0.39946,0.39946,0.39946
0.36461,0.36461,0.36461,0.36461,0.36461,0.36461,0.36461
0.35925,0.35925,0.35925,0.35925,0.35925,0.35925,0.35925
0.34584,0.34584,0.34584,0.34584,0.34584,0.34584,0.34584
0.3244,0.3244,0.3244,0.3244,0.3244,0.3244,0.3244
0.30295,0.30295,0.30295,0.30295,0.30295,0.30295,0.30295
0.27882,0.27882,0.27882,0.27882,0.27882,0.27882,0.27882
0.28686,0.28686,0.28686,0.28686,0.28686,0.28686,0.28686
0.29759,0.29759,0.29759,0.29759,0.29759,0.29759,0.29759
0.27882,0.27882,0.27882,0.27882,0.27882,0.27882,0.27882
0.28686,0.28686,0.28686,0.28686,0.28686,0.28686,0.28686
0.29491,0.29491,0.29491,0.29491,0.29491,0.29491,0.29491
0.31903,0.31903,0.31903,0.31903,0.31903,0.31903,0.31903
0.34316,0.34316,0.34316,0.34316,0.34316,0.34316,0.34316
0.35121,0.35121,0.35121,0.35121,0.35121,0.35121,0.35121
0.36461,0.36461,0.36461,0.36461,0.36461,0.36461,0.36461
0.35389,0.35389,0.35389,0.35389,0.35389,0.35389,0.35389
0.35389,0.35389,0.35389,0.35389,0.35389,0.35389,0.35389
0.35389,0.35389,0.35389,0.35389,0.35389,0.35389,0.35389
0.34584,0.34584,0.34584,0.34584,0.34584,0.34584,0.34584
0.33512,0.33512,0.33512,0.33512,0.33512,0.33512,0.33512
0.32708,0.32708,0.32708,0.32708,0.32708,0.32708,0.32708
0.32172,0.32172,0.32172,0.32172,0.32172,0.32172,0.32172
0.31635,0.31635,0.31635,0.31635,0.31635,0.31635,0.31635
0.31367,0.31367,0.31367,0.31367,0.31367,0.31367,0.31367
0.30563,0.30563,0.30563,0.30563,0.30563,0.30563,0.30563
0.29491,0.29491,0.29491,0.29491,0.29491,0.29491,0.29491
0.28954,0.28954,0.28954,0.28954,0.28954,0.28954,0.28954
0.28686,0.28686,0.28686,0.28686,0.28686,0.28686,0.28686
0.2815,0.2815,0.2815,0.2815,0.2815,0.2815,0.2815
0.28418,0.28418,0.28418,0.28418,0.28418,0.28418,0.28418
0.26273,0.26273,0.26273,0.26273,0.26273,0.26273,0.26273
0.25737,0.25737,0.25737,0.25737,0.25737,0.25737,0.25737
0.25201,0.25201,0.25201,0.25201,0.25201,0.25201,0.25201
0.25201,0.25201,0.25201,0.25201,0.25201,0.25201,0.25201
0.24665,0.24665,0.24665,0.24665,0.24665,0.24665,0.24665
0.24665,0.24665,0.24665,0.24665,0.24665,0.24665,0.24665
0.24665,0.24665,0.24665,0.24665,0.24665,0.24665,0.24665
0.26542,0.26542,0.26542,0.26542,0.26542,0.26542,0.26542
0.26273,0.26273,0.26273,0.26273,0.26273,0.26273,0.26273
0.27078,0.27078,0.27078,0.27078,0.27078,0.27078,0.27078
0.27882,0.27882,0.27882,0.27882,0.27882,0.27882,0.27882
0.2815,0.2815,0.2815,0.2815,0.2815,0.2815,0.2815
0.28954,0.28954,0.28954,0.28954,0.28954,0.28954,0.28954
0.28418,0.28418,0.28418,0.28418,0.28418,0.28418,0.28418
0.28954,0.28954,0.28954,0.28954,0.28954,0.28954,0.28954
0.28686,0.28686,0.28686,0.28686,0.28686,0.28686,0.28686
0.2815,0.2815,0.2815,0.2815,0.2815,0.2815,0.2815
0.29223,0.29223,0.29223,0.29223,0.29223,0.29223,0.29223
0.28954,0.28954,0.28954,0.28954,0.28954,0.28954,0.28954
0.28418,0.28418,0.28418,0.28418,0.28418,0.28418,0.28418
0.29223,0.29223,0.29223,0.29223,0.29223,0.29223,0.29223
0.28954,0.28954,0.28954,0.28954,0.28954,0.28954,0.28954
0.28686,0.28686,0.28686,0.28686,0.28686,0.28686,0.28686
0.2815,0.2815,0.2815,0.2815,0.2815,0.2815,0.2815
0.28686,0.28686,0.28686,0.28686,0.28686,0.28686,0.28686
0.27614,0.27614,0.27614,0.27614,0.27614,0.27614,0.27614
0.27346,0.27346,0.27346,0.27346,0.27346,0.27346,0.27346
0.27614,0.27614,0.27614,0.27614,0.27614,0.27614,0.27614
0.27882,0.27882,0.27882,0.27882,0.27882,0.27882,0.27882
0.28418,0.28418,0.28418,0.28418,0.28418,0.28418,0.28418
0.28954,0.28954,0.28954,0.28954,0.28954,0.28954,0.28954
0.29759,0.29759,0.29759,0.29759,0.29759,0.29759,0.29759
0.29223,0.29223,0.29223,0.29223,0.29223,0.29223,0.29223
0.2815,0.2815,0.2815,0.2815,0.2815,0.2815,0.2815
0.28954,0.28954,0.28954,0.28954,0.28954,0.28954,0.28954
0.29491,0.29491,0.29491,0.29491,0.29491,0.29491,0.29491
0.30027,0.30027,0.30027,0.30027,0.30027,0.30027,0.30027
0.28954,0.28954,0.28954,0.28954,0.28954,0.28954,0.28954
0.28686,0.28686,0.28686,0.28686,0.28686,0.28686,0.28686
0.28418,0.28418,0.28418,0.28418,0.28418,0.28418,0.28418
0.27078,0.27078,0.27078,0.27078,0.27078,0.27078,0.27078
0.24933,0.24933,0.24933,0.24933,0.24933,0.24933,0.24933
0.24397,0.24397,0.24397,0.24397,0.24397,0.24397,0.24397
0.24129,0.24129,0.24129,0.24129,0.24129,0.24129,0.24129
0.24129,0.24129,0.24129,0.24129,0.24129,0.24129,0.24129
0.23861,0.23861,0.23861,0.23861,0.23861,0.23861,0.23861
0.23592,0.23592,0.23592,0.23592,0.23592,0.23592,0.23592
0.23324,0.23324,0.23324,0.23324,0.23324,0.23324,0.23324
0.22788,0.22788,0.22788,0.22788,0.22788,0.22788,0.22788
0.23056,0.23056,0.23056,0.23056,0.23056,0.23056,0.23056
0.2252,0.2252,0.2252,0.2252,0.2252,0.2252,0.2252
0.22788,0.22788,0.22788,0.22788,0.22788,0.22788,0.22788
0.2252,0.2252,0.2252,0.2252,0.2252,0.2252,0.2252
0.23324,0.23324,0.23324,0.23324,0.23324,0.23324,0.23324
0.24933,0.24933,0.24933,0.24933,0.24933,0.24933,0.24933
0.24665,0.24665,0.24665,0.24665,0.24665,0.24665,0.24665
0.24397,0.24397,0.24397,0.24397,0.24397,0.24397,0.24397
0.25201,0.25201,0.25201,0.25201,0.25201,0.25201,0.25201
0.26273,0.26273,0.26273,0.26273,0.26273,0.26273,0.26273
0.26005,0.26005,0.26005,0.26005,0.26005,0.26005,0.26005
0.26273,0.26273,0.26273,0.26273,0.26273,0.26273,0.26273
0.26273,0.26273,0.26273,0.26273,0.26273,0.26273,0.26273
0.27614,0.27614,0.27614,0.27614,0.27614,0.27614,0.27614
0.28954,0.28954,0.28954,0.28954,0.28954,0.28954,0.28954
0.28954,0.28954,0.28954,0.28954,0.28954,0.28954,0.28954
0.30295,0.30295,0.30295,0.30295,0.30295,0.30295,0.30295
0.31903,0.31903,0.31903,0.31903,0.31903,0.31903,0.31903
0.32976,0.32976,0.32976,0.32976,0.32976,0.32976,0.32976
0.32708,0.32708,0.32708,0.32708,0.32708,0.32708,0.32708
0.32172,0.32172,0.32172,0.32172,0.32172,0.32172,0.32172
0.31635,0.31635,0.31635,0.31635,0.31635,0.31635,0.31635
0.31367,0.31367,0.31367,0.31367,0.31367,0.31367,0.31367
0.31635,0.31635,0.31635,0.31635,0.31635,0.31635,0.31635
0.34316,0.34316,0.34316,0.34316,0.34316,0.34316,0.34316
0.35121,0.35121,0.35121,0.35121,0.35121,0.35121,0.35121
0.33244,0.33244,0.33244,0.33244,0.33244,0.33244,0.33244
0.33512,0.33512,0.33512,0.33512,0.33512,0.33512,0.33512
0.34584,0.34584,0.34584,0.34584,0.34584,0.34584,0.34584
0.34584,0.34584,0.34584,0.34584,0.34584,0.34584,0.34584
0.34316,0.34316,0.34316,0.34316,0.34316,0.34316,0.34316
0.35925,0.35925,0.35925,0.35925,0.35925,0.35925,0.35925
0.37534,0.37534,0.37534,0.37534,0.37534,0.37534,0.37534
0.36729,0.36729,0.36729,0.36729,0.36729,0.36729,0.36729
0.37265,0.37265,0.37265,0.37265,0.37265,0.37265,0.37265
0.38874,0.38874,0.38874,0.38874,0.38874,0.38874,0.38874
0.37802,0.37802,0.37802,0.37802,0.37802,0.37802,0.37802
0.36461,0.36461,0.36461,0.36461,0.36461,0.36461,0.36461
0.35657,0.35657,0.35657,0.35657,0.35657,0.35657,0.35657
0.37534,0.37534,0.37534,0.37534,0.37534,0.37534,0.37534
0.36193,0.36193,0.36193,0.36193,0.36193,0.36193,0.36193
0.34584,0.34584,0.34584,0.34584,0.34584,0.34584,0.34584
0.33512,0.33512,0.33512,0.33512,0.33512,0.33512,0.33512
0.31367,0.31367,0.31367,0.31367,0.31367,0.31367,0.31367
0.30295,0.30295,0.30295,0.30295,0.30295,0.30295,0.30295
0.30027,0.30027,0.30027,0.30027,0.30027,0.30027,0.30027
0.31099,0.31099,0.31099,0.31099,0.31099,0.31099,0.31099
0.31367,0.31367,0.31367,0.31367,0.31367,0.31367,0.31367
0.30563,0.30563,0.30563,0.30563,0.30563,0.30563,0.30563
0.31903,0.31903,0.31903,0.31903,0.31903,0.31903,0.31903
0.32172,0.32172,0.32172,0.32172,0.32172,0.32172,0.32172
0.33512,0.33512,0.33512,0.33512,0.33512,0.33512,0.33512
0.34853,0.34853,0.34853,0.34853,0.34853,0.34853,0.34853
0.36729,0.36729,0.36729,0.36729,0.36729,0.36729,0.36729
0.39142,0.39142,0.39142,0.39142,0.39142,0.39142,0.39142
0.42359,0.42359,0.42359,0.42359,0.42359,0.42359,0.42359
0.42895,0.42895,0.42895,0.42895,0.42895,0.42895,0.42895
0.44236,0.44236,0.44236,0.44236,0.44236,0.44236,0.44236
0.45308,0.45308,0.45308,0.45308,0.45308,0.45308,0.45308
0.43164,0.43164,0.43164,0.43164,0.43164,0.43164,0.43164
0.40751,0.40751,0.40751,0.40751,0.40751,0.40751,0.40751
0.37534,0.37534,0.37534,0.37534,0.37534,0.37534,0.37534
0.35121,0.35121,0.35121,0.35121,0.35121,0.35121,0.35121
0.33512,0.33512,0.33512,0.33512,0.33512,0.33512,0.33512
0.30831,0.30831,0.30831,0.30831,0.30831,0.30831,0.30831
0.29759,0.29759,0.29759,0.29759,0.29759,0.29759,0.29759
0.30295,0.30295,0.30295,0.30295,0.30295,0.30295,0.30295
0.29491,0.29491,0.29491,0.29491,0.29491,0.29491,0.29491
0.27614,0.27614,0.27614,0.27614,0.27614,0.27614,0.27614
0.2815,0.2815,0.2815,0.2815,0.2815,0.2815,0.2815
0.27614,0.27614,0.27614,0.27614,0.27614,0.27614,0.27614
0.27882,0.27882,0.27882,0.27882,0.27882,0.27882,0.27882
0.2681,0.2681,0.2681,0.2681,0.2681,0.2681,0.2681
0.26542,0.26542,0.26542,0.26542,0.26542,0.26542,0.26542
0.31367,0.31367,0.31367,0.31367,0.31367,0.31367,0.31367
0.38338,0.38338,0.38338,0.38338,0.38338,0.38338,0.38338
0.40483,0.40483,0.40483,0.40483,0.40483,0.40483,0.40483
0.43432,0.43432,0.43432,0.43432,0.43432,0.43432,0.43432
0.45308,0.45308,0.45308,0.45308,0.45308,0.45308,0.45308
0.47185,0.47185,0.47185,0.47185,0.47185,0.47185,0.47185
0.49062,0.49062,0.49062,0.49062,0.49062,0.49062,0.49062
0.4933,0.4933,0.4933,0.4933,0.4933,0.4933,0.4933
0.4933,0.4933,0.4933,0.4933,0.4933,0.4933,0.4933
0.4933,0.4933,0.4933,0.4933,0.4933,0.4933,0.4933
0.46381,0.46381,0.46381,0.46381,0.46381,0.46381,0.46381
0.44772,0.44772,0.44772,0.44772,0.44772,0.44772,0.44772
0.44236,0.44236,0.44236,0.44236,0.44236,0.44236,0.44236
0.42627,0.42627,0.42627,0.42627,0.42627,0.42627,0.42627
0.3941,0.3941,0.3941,0.3941,0.3941,0.3941,0.3941
0.37534,0.37534,0.37534,0.37534,0.37534,0.37534,0.37534
0.3941,0.3941,0.3941,0.3941,0.3941,0.3941,0.3941
0.33512,0.33512,0.33512,0.33512,0.33512,0.33512,0.33512
0.19303,0.19303,0.19303,0.19303,0.19303,0.19303,0.19303
0.17694,0.17694,0.17694,0.17694,0.17694,0.17694,0.17694
0.11796,0.11796,0.11796,0.11796,0.11796,0.11796,0.11796
0.1126,0.1126,0.1126,0.1126,0.1126,0.1126,0.1126
0.15013,0.15013,0.15013,0.15013,0.15013,0.15013,0.15013
0.17962,0.17962,0.17962,0.17962,0.17962,0.17962,0.17962
0.18231,0.18231,0.18231,0.18231,0.18231,0.18231,0.18231
0.18767,0.18767,0.18767,0.18767,0.18767,0.18767,0.18767
0.20912,0.20912,0.20912,0.20912,0.20912,0.20912,0.20912
0.21448,0.21448,0.21448,0.21448,0.21448,0.21448,0.21448
0.20912,0.20912,0.20912,0.20912,0.20912,0.20912,0.20912
0.20643,0.20643,0.20643,0.20643,0.20643,0.20643,0.20643
0.23861,0.23861,0.23861,0.23861,0.23861,0.23861,0.23861
0.26005,0.26005,0.26005,0.26005,0.26005,0.26005,0.26005
0.26005,0.26005,0.26005,0.26005,0.26005,0.26005,0.26005
0.24397,0.24397,0.24397,0.24397,0.24397,0.24397,0.24397
0.23592,0.23592,0.23592,0.23592,0.23592,0.23592,0.23592
0.23324,0.23324,0.23324,0.23324,0.23324,0.23324,0.23324
0.23324,0.23324,0.23324,0.23324,0.23324,0.23324,0.23324
0.23592,0.23592,0.23592,0.23592,0.23592,0.23592,0.23592
0.23861,0.23861,0.23861,0.23861,0.23861,0.23861,0.23861
0.23056,0.23056,0.23056,0.23056,0.23056,0.23056,0.23056
0.20912,0.20912,0.20912,0.20912,0.20912,0.20912,0.20912
0.20643,0.20643,0.20643,0.20643,0.20643,0.20643,0.20643
0.19839,0.19839,0.19839,0.19839,0.19839,0.19839,0.19839
0.18499,0.18499,0.18499,0.18499,0.18499,0.18499,0.18499
0.17426,0.17426,0.17426,0.17426,0.17426,0.17426,0.17426
0.17426,0.17426,0.17426,0.17426,0.17426,0.17426,0.17426
0.17962,0.17962,0.17962,0.17962,0.17962,0.17962,0.17962
0.18767,0.18767,0.18767,0.18767,0.18767,0.18767,0.18767
0.23861,0.23861,0.23861,0.23861,0.23861,0.23861,0.23861
0.3244,0.3244,0.3244,0.3244,0.3244,0.3244,0.3244
0.36193,0.36193,0.36193,0.36193,0.36193,0.36193,0.36193
0.38874,0.38874,0.38874,0.38874,0.38874,0.38874,0.38874
0.40751,0.40751,0.40751,0.40751,0.40751,0.40751,0.40751
0.43432,0.43432,0.43432,0.43432,0.43432,0.43432,0.43432
0.43432,0.43432,0.43432,0.43432,0.43432,0.43432,0.43432
0.42627,0.42627,0.42627,0.42627,0.42627,0.42627,0.42627
0.41555,0.41555,0.41555,0.41555,0.41555,0.41555,0.41555
0.40751,0.40751,0.40751,0.40751,0.40751,0.40751,0.40751
0.39142,0.39142,0.39142,0.39142,0.39142,0.39142,0.39142
0.37802,0.37802,0.37802,0.37802,0.37802,0.37802,0.37802
0.36729,0.36729,0.36729,0.36729,0.36729,0.36729,0.36729
0.35925,0.35925,0.35925,0.35925,0.35925,0.35925,0.35925
0.35657,0.35657,0.35657,0.35657,0.35657,0.35657,0.35657
0.35657,0.35657,0.35657,0.35657,0.35657,0.35657,0.35657
0.35925,0.35925,0.35925,0.35925,0.35925,0.35925,0.35925
0.36193,0.36193,0.36193,0.36193,0.36193,0.36193,0.36193
0.36461,0.36461,0.36461,0.36461,0.36461,0.36461,0.36461
0.34853,0.34853,0.34853,0.34853,0.34853,0.34853,0.34853
0.34853,0.34853,0.34853,0.34853,0.34853,0.34853,0.34853
0.34584,0.34584,0.34584,0.34584,0.34584,0.34584,0.34584
0.34584,0.34584,0.34584,0.34584,0.34584,0.34584,0.34584
0.36729,0.36729,0.36729,0.36729,0.36729,0.36729,0.36729
0.39946,0.39946,0.39946,0.39946,0.39946,0.39946,0.39946
0.41287,0.41287,0.41287,0.41287,0.41287,0.41287,0.41287
0.43164,0.43164,0.43164,0.43164,0.43164,0.43164,0.43164
0.42895,0.42895,0.42895,0.42895,0.42895,0.42895,0.42895
0.4504,0.4504,0.4504,0.4504,0.4504,0.4504,0.4504
0.47453,0.47453,0.47453,0.47453,0.47453,0.47453,0.47453
0.47185,0.47185,0.47185,0.47185,0.47185,0.47185,0.47185
0.47185,0.47185,0.47185,0.47185,0.47185,0.47185,0.47185
0.39142,0.39142,0.39142,0.39142,0.39142,0.39142,0.39142
0.30831,0.30831,0.30831,0.30831,0.30831,0.30831,0.30831
0.30831,0.30831,0.30831,0.30831,0.30831,0.30831,0.30831
0.31635,0.31635,0.31635,0.31635,0.31635,0.31635,0.31635
0.31367,0.31367,0.31367,0.31367,0.31367,0.31367,0.31367
0.24129,0.24129,0.24129,0.24129,0.24129,0.24129,0.24129
0.23861,0.23861,0.23861,0.23861,0.23861,0.23861,0.23861
0.2252,0.2252,0.2252,0.2252,0.2252,0.2252,0.2252
0.20375,0.20375,0.20375,0.20375,0.20375,0.20375,0.20375
0.20107,0.20107,0.20107,0.20107,0.20107,0.20107,0.20107
0.19035,0.19035,0.19035,0.19035,0.19035,0.19035,0.19035
0.18231,0.18231,0.18231,0.18231,0.18231,0.18231,0.18231
0.17962,0.17962,0.17962,0.17962,0.17962,0.17962,0.17962
0.18499,0.18499,0.18499,0.18499,0.18499,0.18499,0.18499
0.19839,0.19839,0.19839,0.19839,0.19839,0.19839,0.19839
0.17426,0.17426,0.17426,0.17426,0.17426,0.17426,0.17426
0.18767,0.18767,0.18767,0.18767,0.18767,0.18767,0.18767
0.19571,0.19571,0.19571,0.19571,0.19571,0.19571,0.19571
0.20375,0.20375,0.20375,0.20375,0.20375,0.20375,0.20375
0.21448,0.21448,0.21448,0.21448,0.21448,0.21448,0.21448
0.21716,0.21716,0.21716,0.21716,0.21716,0.21716,0.21716
0.22252,0.22252,0.22252,0.22252,0.22252,0.22252,0.22252
0.22788,0.22788,0.22788,0.22788,0.22788,0.22788,0.22788
0.24397,0.24397,0.24397,0.24397,0.24397,0.24397,0.24397
0.27078,0.27078,0.27078,0.27078,0.27078,0.27078,0.27078
0.26273,0.26273,0.26273,0.26273,0.26273,0.26273,0.26273
0.26273,0.26273,0.26273,0.26273,0.26273,0.26273,0.26273
0.25737,0.25737,0.25737,0.25737,0.25737,0.25737,0.25737
0.25201,0.25201,0.25201,0.25201,0.25201,0.25201,0.25201
0.23861,0.23861,0.23861,0.23861,0.23861,0.23861,0.23861
0.23324,0.23324,0.23324,0.23324,0.23324,0.23324,0.23324
0.23592,0.23592,0.23592,0.23592,0.23592,0.23592,0.23592
0.23056,0.23056,0.23056,0.23056,0.23056,0.23056,0.23056
0.21448,0.21448,0.21448,0.21448,0.21448,0.21448,0.21448
0.20912,0.20912,0.20912,0.20912,0.20912,0.20912,0.20912
0.19303,0.19303,0.19303,0.19303,0.19303,0.19303,0.19303
0.19035,0.19035,0.19035,0.19035,0.19035,0.19035,0.19035
0.18499,0.18499,0.18499,0.18499,0.18499,0.18499,0.18499
0.18767,0.18767,0.18767,0.18767,0.18767,0.18767,0.18767
0.19303,0.19303,0.19303,0.19303,0.19303,0.19303,0.19303
0.20107,0.20107,0.20107,0.20107,0.20107,0.20107,0.20107
0.20375,0.20375,0.20375,0.20375,0.20375,0.20375,0.20375
0.2118,0.2118,0.2118,0.2118,0.2118,0.2118,0.2118
0.2252,0.2252,0.2252,0.2252,0.2252,0.2252,0.2252
0.25469,0.25469,0.25469,0.25469,0.25469,0.25469,0.25469
0.2681,0.2681,0.2681,0.2681,0.2681,0.2681,0.2681
0.2815,0.2815,0.2815,0.2815,0.2815,0.2815,0.2815
0.29759,0.29759,0.29759,0.29759,0.29759,0.29759,0.29759
0.30295,0.30295,0.30295,0.30295,0.30295,0.30295,0.30295
0.28418,0.28418,0.28418,0.28418,0.28418,0.28418,0.28418
0.27882,0.27882,0.27882,0.27882,0.27882,0.27882,0.27882
0.26005,0.26005,0.26005,0.26005,0.26005,0.26005,0.26005
0.24933,0.24933,0.24933,0.24933,0.24933,0.24933,0.24933
0.25201,0.25201,0.25201,0.25201,0.25201,0.25201,0.25201
0.24665,0.24665,0.24665,0.24665,0.24665,0.24665,0.24665
0.24933,0.24933,0.24933,0.24933,0.24933,0.24933,0.24933
0.23592,0.23592,0.23592,0.23592,0.23592,0.23592,0.23592
0.23324,0.23324,0.23324,0.23324,0.23324,0.23324,0.23324
0.26273,0.26273,0.26273,0.26273,0.26273,0.26273,0.26273
0.26273,0.26273,0.26273,0.26273,0.26273,0.26273,0.26273
0.26273,0.26273,0.26273,0.26273,0.26273,0.26273,0.26273
0.25469,0.25469,0.25469,0.25469,0.25469,0.25469,0.25469
0.24665,0.24665,0.24665,0.24665,0.24665,0.24665,0.24665
0.25201,0.25201,0.25201,0.25201,0.25201,0.25201,0.25201
0.25737,0.25737,0.25737,0.25737,0.25737,0.25737,0.25737
0.23592,0.23592,0.23592,0.23592,0.23592,0.23592,0.23592
0.23324,0.23324,0.23324,0.23324,0.23324,0.23324,0.23324
0.23056,0.23056,0.23056,0.23056,0.23056,0.23056,0.23056
0.22788,0.22788,0.22788,0.22788,0.22788,0.22788,0.22788
0.23056,0.23056,0.23056,0.23056,0.23056,0.23056,0.23056
0.22252,0.22252,0.22252,0.22252,0.22252,0.22252,0.22252
0.20912,0.20912,0.20912,0.20912,0.20912,0.20912,0.20912
0.20912,0.20912,0.20912,0.20912,0.20912,0.20912,0.20912
0.20375,0.20375,0.20375,0.20375,0.20375,0.20375,0.20375
0.20643,0.20643,0.20643,0.20643,0.20643,0.20643,0.20643
0.1689,0.1689,0.1689,0.1689,0.1689,0.1689,0.1689
0.16622,0.16622,0.16622,0.16622,0.16622,0.16622,0.16622
0.1689,0.1689,0.1689,0.1689,0.1689,0.1689,0.1689
0.17694,0.17694,0.17694,0.17694,0.17694,0.17694,0.17694
0.18231,0.18231,0.18231,0.18231,0.18231,0.18231,0.18231
0.19303,0.19303,0.19303,0.19303,0.19303,0.19303,0.19303
0.19571,0.19571,0.19571,0.19571,0.19571,0.19571,0.19571
0.19571,0.19571,0.19571,0.19571,0.19571,0.19571,0.19571
0.19839,0.19839,0.19839,0.19839,0.19839,0.19839,0.19839
0.20643,0.20643,0.20643,0.20643,0.20643,0.20643,0.20643
0.20912,0.20912,0.20912,0.20912,0.20912,0.20912,0.20912
0.20912,0.20912,0.20912,0.20912,0.20912,0.20912,0.20912
0.21448,0.21448,0.21448,0.21448,0.21448,0.21448,0.21448
0.2118,0.2118,0.2118,0.2118,0.2118,0.2118,0.2118
0.20912,0.20912,0.20912,0.20912,0.20912,0.20912,0.20912
0.18767,0.18767,0.18767,0.18767,0.18767,0.18767,0.18767
0.19303,0.19303,0.19303,0.19303,0.19303,0.19303,0.19303
0.20107,0.20107,0.20107,0.20107,0.20107,0.20107,0.20107
0.20107,0.20107,0.20107,0.20107,0.20107,0.20107,0.20107
0.20912,0.20912,0.20912,0.20912,0.20912,0.20912,0.20912
0.21716,0.21716,0.21716,0.21716,0.21716,0.21716,0.21716
0.21984,0.21984,0.21984,0.21984,0.21984,0.21984,0.21984
0.2252,0.2252,0.2252,0.2252,0.2252,0.2252,0.2252
0.22788,0.22788,0.22788,0.22788,0.22788,0.22788,0.22788
0.23056,0.23056,0.23056,0.23056,0.23056,0.23056,0.23056
0.23324,0.23324,0.23324,0.23324,0.23324,0.23324,0.23324
0.2252,0.2252,0.2252,0.2252,0.2252,0.2252,0.2252
0.22252,0.22252,0.22252,0.22252,0.22252,0.22252,0.22252
0.2252,0.2252,0.2252,0.2252,0.2252,0.2252,0.2252
0.2252,0.2252,0.2252,0.2252,0.2252,0.2252,0.2252
0.23592,0.23592,0.23592,0.23592,0.23592,0.23592,0.23592
0.24397,0.24397,0.24397,0.24397,0.24397,0.24397,0.24397
0.24665,0.24665,0.24665,0.24665,0.24665,0.24665,0.24665
0.23324,0.23324,0.23324,0.23324,0.23324,0.23324,0.23324
0.22252,0.22252,0.22252,0.22252,0.22252,0.22252,0.22252
0.22788,0.22788,0.22788,0.22788,0.22788,0.22788,0.22788
0.23592,0.23592,0.23592,0.23592,0.23592,0.23592,0.23592
0.26542,0.26542,0.26542,0.26542,0.26542,0.26542,0.26542
0.30027,0.30027,0.30027,0.30027,0.30027,0.30027,0.30027
0.3378,0.3378,0.3378,0.3378,0.3378,0.3378,0.3378
0.36729,0.36729,0.36729,0.36729,0.36729,0.36729,0.36729
0.36729,0.36729,0.36729,0.36729,0.36729,0.36729,0.36729
0.38874,0.38874,0.38874,0.38874,0.38874,0.38874,0.38874
0.3941,0.3941,0.3941,0.3941,0.3941,0.3941,0.3941
0.40214,0.40214,0.40214,0.40214,0.40214,0.40214,0.40214
0.40214,0.40214,0.40214,0.40214,0.40214,0.40214,0.40214
0.40214,0.40214,0.40214,0.40214,0.40214,0.40214,0.40214
0.37802,0.37802,0.37802,0.37802,0.37802,0.37802,0.37802
0.3378,0.3378,0.3378,0.3378,0.3378,0.3378,0.3378
0.33244,0.33244,0.33244,0.33244,0.33244,0.33244,0.33244
0.34048,0.34048,0.34048,0.34048,0.34048,0.34048,0.34048
0.3378,0.3378,0.3378,0.3378,0.3378,0.3378,0.3378
0.34584,0.34584,0.34584,0.34584,0.34584,0.34584,0.34584
0.34316,0.34316,0.34316,0.34316,0.34316,0.34316,0.34316
0.32708,0.32708,0.32708,0.32708,0.32708,0.32708,0.32708
0.30831,0.30831,0.30831,0.30831,0.30831,0.30831,0.30831
0.29491,0.29491,0.29491,0.29491,0.29491,0.29491,0.29491
0.29759,0.29759,0.29759,0.29759,0.29759,0.29759,0.29759
0.28686,0.28686,0.28686,0.28686,0.28686,0.28686,0.28686
0.27882,0.27882,0.27882,0.27882,0.27882,0.27882,0.27882
0.28954,0.28954,0.28954,0.28954,0.28954,0.28954,0.28954
0.29223,0.29223,0.29223,0.29223,0.29223,0.29223,0.29223
0.29491,0.29491,0.29491,0.29491,0.29491,0.29491,0.29491
0.30027,0.30027,0.30027,0.30027,0.30027,0.30027,0.30027
0.31367,0.31367,0.31367,0.31367,0.31367,0.31367,0.31367
0.34048,0.34048,0.34048,0.34048,0.34048,0.34048,0.34048
0.35925,0.35925,0.35925,0.35925,0.35925,0.35925,0.35925
0.36193,0.36193,0.36193,0.36193,0.36193,0.36193,0.36193
0.35121,0.35121,0.35121,0.35121,0.35121,0.35121,0.35121
0.35121,0.35121,0.35121,0.35121,0.35121,0.35121,0.35121
0.34584,0.34584,0.34584,0.34584,0.34584,0.34584,0.34584
0.34316,0.34316,0.34316,0.34316,0.34316,0.34316,0.34316
0.34048,0.34048,0.34048,0.34048,0.34048,0.34048,0.34048
0.3378,0.3378,0.3378,0.3378,0.3378,0.3378,0.3378
0.34048,0.34048,0.34048,0.34048,0.34048,0.34048,0.34048
0.3378,0.3378,0.3378,0.3378,0.3378,0.3378,0.3378
0.33512,0.33512,0.33512,0.33512,0.33512,0.33512,0.33512
0.33244,0.33244,0.33244,0.33244,0.33244,0.33244,0.33244
0.33244,0.33244,0.33244,0.33244,0.33244,0.33244,0.33244
0.3244,0.3244,0.3244,0.3244,0.3244,0.3244,0.3244
0.31903,0.31903,0.31903,0.31903,0.31903,0.31903,0.31903
0.31635,0.31635,0.31635,0.31635,0.31635,0.31635,0.31635
0.31367,0.31367,0.31367,0.31367,0.31367,0.31367,0.31367
0.31367,0.31367,0.31367,0.31367,0.31367,0.31367,0.31367
0.31635,0.31635,0.31635,0.31635,0.31635,0.31635,0.31635
0.3378,0.3378,0.3378,0.3378,0.3378,0.3378,0.3378
0.36461,0.36461,0.36461,0.36461,0.36461,0.36461,0.36461
0.3807,0.3807,0.3807,0.3807,0.3807,0.3807,0.3807
0.40483,0.40483,0.40483,0.40483,0.40483,0.40483,0.40483
0.41019,0.41019,0.41019,0.41019,0.41019,0.41019,0.41019
0.42895,0.42895,0.42895,0.42895,0.42895,0.42895,0.42895
0.42895,0.42895,0.42895,0.42895,0.42895,0.42895,0.42895
0.42627,0.42627,0.42627,0.42627,0.42627,0.42627,0.42627
0.42895,0.42895,0.42895,0.42895,0.42895,0.42895,0.42895
0.42359,0.42359,0.42359,0.42359,0.42359,0.42359,0.42359
0.40214,0.40214,0.40214,0.40214,0.40214,0.40214,0.40214
0.38338,0.38338,0.38338,0.38338,0.38338,0.38338,0.38338
0.37534,0.37534,0.37534,0.37534,0.37534,0.37534,0.37534
0.35121,0.35121,0.35121,0.35121,0.35121,0.35121,0.35121
0.3378,0.3378,0.3378,0.3378,0.3378,0.3378,0.3378
0.33512,0.33512,0.33512,0.33512,0.33512,0.33512,0.33512
0.3244,0.3244,0.3244,0.3244,0.3244,0.3244,0.3244
1.1024,1.0640269790066,1.12541635272237,1.26496153346312,0.986994022177009,0.925323320939784,0.990447934803371
1.1155,1.03822486256784,1.12443660999711,1.24508866618659,0.961226806062251,0.912300032954803,0.977472529319024
1.1376,1.01649952442658,1.12357399055426,1.16193989586504,0.961827953520715,0.916292094867839,0.99006480972578
1.1746,1.03244402394713,1.1331859974206,1.23276158108402,0.957055988592694,0.9352416609393,0.984120519382596
1.209,1.23604481092927,1.14606238705076,1.21944457854503,0.958101100441109,0.944707887215381,0.988655292468223
1.2348,1.2989649534243,1.14547945295668,1.07188411679451,0.948697366313647,0.929057644327025,1.00635346055589
1.263,1.1811648546569,1.14483355364792,0.96451164159255,0.862740068663855,0.906692242900007,1.00956836612852
1.2895,1.2417578536507,1.14614705522562,1.21197432731944,0.838005548778135,0.911105311273013,1.00764343103544
1.2306,1.27012816727426,1.14753993616656,1.03582222103505,0.846589833244129,0.864923595308806,0.970299248701631
1.1955,1.30273048028353,1.14792515693991,0.972221669672045,0.858778503773408,0.810245914156141,0.904461505608364
1.1472,1.00980716814099,1.13404224312625,1.2307037437885,0.891986962832552,0.777071048782801,0.843577374969265
1.0913,0.992593505321225,1.14470267900808,1.62648336220645,0.58468019961068,0.763079508865512,0.78984355921579
1.055,0.973466961782486,1.13573216861835,1.21052645486732,0.252318488351848,0.769725358031454,0.769752549831941
1.0167,0.889029152565514,1.13170886664484,0.392406560188847,0.232226173823827,0.747368527309453,0.806381598932922
0.9813,0.888096315143258,1.13406845256036,0.434293740747225,0.239453849541874,0.726694384958046,0.792193052200017
0.93462,1.26785745349634,1.13543718573546,0.736965094808692,0.539693214652785,0.736666011215334,0.82586996674716
0.92631,1.15053679711698,1.1277116133895,1.12185044716144,0.907461916805016,0.738608278885056,0.851240401404716
0.93699,1.19821751811895,1.12622477720408,1.0552297393939,0.911937528113407,0.737429240088185,0.83673599631271
0.9485,1.16842446318533,1.13408616141801,1.1391822982441,0.884614258735349,0.739344420993185,0.851091212588214
0.96594,1.19764362048695,1.13856438494225,1.16110738048883,0.857237299270855,0.761716621861718,0.894724652554107
0.98111,1.17613200571664,1.14291578255164,1.24317500631491,0.838469290359871,0.781604043228255,0.935142281997813
1.0097,1.14999028104348,1.13911974860633,1.267813799531,0.820368167774234,0.817516275455901,0.96434630567983
1.044,1.10092881130939,1.14040301676277,1.28847593128867,0.805359493141025,0.835751704700391,0.980122843802284
1.0407,1.12216197134565,1.14608529236985,1.2792323416716,0.798876385976851,0.853086546000601,0.98372602588839
