small_1,small_de_2,all_3,all_de_4,small_5,small_de_6,all_7,all_de_8,small_9,small_de_10,all_11,all_de_12,small_13,small_de_14,all_15,all_de_16,small_17,small_de_18,all_19,all_de_20,small_21,small_de_22,all_23,all_de_24,small_25,small_de_26,all_27,all_de_28,original
0.780277848243713,3.2679979801178,0.642188012599945,2.62410402297974,1.06417012214661,0.786539614200592,1.0769761800766,0.990983068943024,1.06925368309021,0.801152288913727,1.05936276912689,0.990599691867828,1.070228099823,0.847059309482574,1.07143902778625,0.994978010654449,1.06994271278381,0.810741007328033,1.08490478992462,1.00801753997803,1.0692343711853,0.825340807437897,1.06443190574646,0.999188482761383,1.05747675895691,0.791320383548737,1.07926249504089,0.980190813541412,1.0434
0.906582474708557,2.05753684043884,0.7869473695755,1.56828141212463,1.05942440032959,0.777358293533325,1.09664833545685,1.01359629631042,1.06449389457703,0.791922330856323,1.0773092508316,1.00765490531921,1.06552839279175,0.844414472579956,1.08766460418701,1.01346373558044,1.06541180610657,0.802190065383911,1.09870338439941,1.02923798561096,1.06450963020325,0.815693616867065,1.07960534095764,1.02233815193176,1.05265080928802,0.783504724502563,1.0979266166687,1.00240302085876,1.0543
0.997159123420715,1.45259273052216,0.897174119949341,1.25308120250702,1.0575864315033,0.827124059200287,1.11631119251251,1.04354417324066,1.06378936767578,0.840616643428802,1.09516310691833,1.03110682964325,1.06533706188202,0.896791398525238,1.10347437858582,1.03774631023407,1.06447744369507,0.85148948431015,1.111940741539,1.05720460414886,1.06435441970825,0.8626908659935,1.09424114227295,1.05250918865204,1.0494157075882,0.834258496761322,1.11624097824097,1.03102433681488,1.0603
1.06781184673309,1.22412872314453,0.982121527194977,1.1801872253418,1.06987655162811,0.941373884677887,1.13289225101471,1.07410287857056,1.07722878456116,0.955881178379059,1.11139595508575,1.05474710464478,1.07930016517639,1.01070976257324,1.11943578720093,1.06374263763428,1.07707571983337,0.966952383518219,1.12645292282104,1.0867600440979,1.07810974121094,0.980156004428864,1.11036491394043,1.08666849136353,1.06073570251465,0.947418749332428,1.13272857666016,1.05927848815918,1.0755
1.11850881576538,1.1444433927536,1.05134904384613,1.18756377696991,1.07226693630219,1.02448832988739,1.1583080291748,1.1048811674118,1.08016467094421,1.0405820608139,1.13510084152222,1.0793594121933,1.08240962028503,1.09532248973846,1.14231014251709,1.08941924571991,1.0797643661499,1.05182683467865,1.14696884155273,1.11822497844696,1.08125972747803,1.06784808635712,1.13326418399811,1.12305152416229,1.06255972385406,1.02959191799164,1.15734505653381,1.08860385417938,1.089
1.15115523338318,1.1227217912674,1.10793089866638,1.23347675800323,1.06558704376221,1.04613411426544,1.18362593650818,1.14733755588531,1.07379615306854,1.06461250782013,1.15810179710388,1.11584961414337,1.07603216171265,1.12505877017975,1.16452431678772,1.1246086359024,1.07353579998016,1.07612240314484,1.16682982444763,1.16342079639435,1.07525408267975,1.0949479341507,1.15525150299072,1.17273581027985,1.05515146255493,1.0517498254776,1.18087756633759,1.12862360477448,1.1063
1.17035460472107,1.10175013542175,1.15039110183716,1.22415661811829,1.07037997245789,1.04817891120911,1.19862723350525,1.14947056770325,1.07748031616211,1.06606459617615,1.17129361629486,1.1077573299408,1.0791928768158,1.13071942329407,1.17761611938477,1.11613869667053,1.07702887058258,1.07756066322327,1.17792320251465,1.16554999351501,1.07873916625977,1.09509301185608,1.16698336601257,1.17774748802185,1.06077694892883,1.05508017539978,1.19518065452576,1.12834000587463,1.124
1.1867527961731,1.10513234138489,1.17907810211182,1.1629421710968,1.10830628871918,1.11136507987976,1.21277964115143,1.10747170448303,1.11321210861206,1.12719225883484,1.18533289432526,1.05835461616516,1.11452484130859,1.18478417396545,1.19161558151245,1.06910061836243,1.11081647872925,1.13803648948669,1.18931376934052,1.12083029747009,1.11395668983459,1.15368819236755,1.17966258525848,1.13508009910583,1.10055553913116,1.11733555793762,1.20971512794495,1.08461213111877,1.1358
1.16818523406982,1.0451694726944,1.1877748966217,1.09575951099396,1.10802018642426,1.03754580020905,1.2068806886673,1.08140337467194,1.10767996311188,1.04658710956573,1.17993688583374,1.02633440494537,1.10695552825928,1.10469973087311,1.18285393714905,1.03605616092682,1.10614883899689,1.05749380588531,1.17644584178925,1.09321129322052,1.10675477981567,1.06275188922882,1.16928315162659,1.10392343997955,1.10522985458374,1.04608070850372,1.20188689231873,1.0588504076004,1.1297
1.13852620124817,0.96110862493515,1.17161357402802,0.988387048244476,1.06734251976013,0.830270707607269,1.15676665306091,1.02531433105469,1.06658434867859,0.840620458126068,1.13664245605469,0.972438752651215,1.06577205657959,0.901853501796722,1.13563656806946,0.979109704494476,1.06760966777802,0.851209104061127,1.13202691078186,1.03839206695557,1.06521093845367,0.858502805233002,1.12601113319397,1.04173040390015,1.06528806686401,0.839210450649261,1.15012443065643,1.00658321380615,1.096
1.11706042289734,0.923432886600494,1.13485550880432,0.900441229343414,1.08225321769714,0.723011553287506,1.09868907928467,0.954419195652008,1.07930719852448,0.73632675409317,1.07930111885071,0.90891033411026,1.07772254943848,0.788659155368805,1.07553648948669,0.918438017368317,1.07924771308899,0.744855940341949,1.07631552219391,0.963197290897369,1.07804393768311,0.757810652256012,1.0638130903244,0.961293280124664,1.08100378513336,0.730205118656158,1.09213900566101,0.940697729587555,1.0123
1.08778595924377,0.904812335968018,1.08819341659546,0.858886241912842,1.08736324310303,0.699958324432373,1.04708015918732,0.897835731506348,1.08406734466553,0.712395668029785,1.02881228923798,0.866845607757568,1.08260369300842,0.750609397888184,1.02276372909546,0.873867988586426,1.08358669281006,0.719440937042236,1.02647972106934,0.911274433135986,1.08291244506836,0.733295917510986,1.00579273700714,0.904160976409912,1.08606672286987,0.704574584960938,1.04329991340637,0.888751029968262,0.92462
1.05809497833252,0.911959528923035,1.04137396812439,0.918163180351257,1.06766748428345,0.765170454978943,1.0089465379715,0.894864439964294,1.06597483158112,0.773813128471375,0.986423373222351,0.88875424861908,1.06518530845642,0.793969035148621,0.980644643306732,0.89320170879364,1.06637191772461,0.779372096061707,0.988573908805847,0.914499640464783,1.06526660919189,0.789787173271179,0.9631028175354,0.902183413505554,1.06487250328064,0.767428278923035,1.0043478012085,0.887555003166199,0.83991
1.03675663471222,0.849785506725311,0.991413414478302,0.90241402387619,1.05879890918732,0.715258777141571,0.953271567821503,0.842473685741425,1.05794537067413,0.723626792430878,0.93533730506897,0.853825747966766,1.05749821662903,0.734574019908905,0.93095189332962,0.854614913463593,1.05860042572021,0.727748572826385,0.945918440818787,0.866438090801239,1.0576354265213,0.73873633146286,0.916109323501587,0.848085105419159,1.05495965480804,0.716539084911346,0.950767338275909,0.836326777935028,0.81671
1.02102243900299,0.786825358867645,0.95144784450531,0.876752078533173,1.04021406173706,0.694204986095428,0.915044665336609,0.781601130962372,1.04100406169891,0.701364696025848,0.901682019233704,0.80853670835495,1.04110133647919,0.702925384044647,0.902942776679993,0.807783782482147,1.04273414611816,0.704470336437225,0.923764824867249,0.81004399061203,1.0408194065094,0.714399039745331,0.889532327651978,0.785321891307831,1.03540921211243,0.694401919841766,0.917208135128021,0.777413070201874,0.79203
1.02150094509125,0.756965756416321,0.925567269325256,0.832859635353088,1.04697978496552,0.693872094154358,0.898741364479065,0.726821541786194,1.04829907417297,0.699830174446106,0.886210203170776,0.759498715400696,1.04879975318909,0.696763634681702,0.893901526927948,0.759187340736389,1.04967939853668,0.702832341194153,0.919350743293762,0.755182385444641,1.0481014251709,0.711288094520569,0.882027685642242,0.72680675983429,1.04196381568909,0.693493485450745,0.90395587682724,0.72507631778717,0.7765
1.02645432949066,0.6523477435112,0.920727252960205,0.772480189800262,1.03507280349731,0.542073428630829,0.921433508396149,0.676027476787567,1.03807759284973,0.552328288555145,0.906869530677795,0.711864650249481,1.03935575485229,0.557990729808807,0.914628088474274,0.710071265697479,1.04004800319672,0.555850207805634,0.938547372817993,0.704723060131073,1.03812766075134,0.569257438182831,0.900670289993286,0.671675384044647,1.02886521816254,0.542321383953094,0.927012026309967,0.677600562572479,0.76376
1.04437041282654,0.608024895191193,0.931467771530151,0.711096107959747,1.03546380996704,0.470067799091339,0.942711114883423,0.632419884204865,1.04068529605865,0.486736595630646,0.925300121307373,0.666083157062531,1.04275894165039,0.498149216175079,0.936538398265839,0.664050400257111,1.04240489006042,0.490899860858917,0.96135139465332,0.656965553760529,1.04127740859985,0.5137580037117,0.923723876476288,0.623492062091827,1.02743744850159,0.468831837177277,0.948386907577515,0.63616019487381,0.78902
1.07185471057892,0.702203392982483,0.947235345840454,0.711308121681213,1.05560040473938,0.622500538825989,0.944531917572021,0.644511818885803,1.06213712692261,0.638665795326233,0.929803848266602,0.669417023658752,1.06448745727539,0.645830750465393,0.948900401592255,0.668713212013245,1.06269598007202,0.643473744392395,0.976817607879639,0.66227924823761,1.06295263767242,0.666643261909485,0.938346743583679,0.633610367774963,1.04676377773285,0.61935293674469,0.95483011007309,0.647712349891663,0.80533
1.09666848182678,0.81828099489212,0.967198014259338,0.781164944171906,1.07941937446594,0.792090713977814,0.954270899295807,0.706911861896515,1.08738851547241,0.804884731769562,0.940804958343506,0.725207149982452,1.08894658088684,0.81023246049881,0.967946231365204,0.722874939441681,1.08670520782471,0.810308754444122,0.996942400932312,0.724168121814728,1.08844804763794,0.828885853290558,0.960012316703796,0.702441990375519,1.06988215446472,0.788995563983917,0.968182265758514,0.704071342945099,0.82077
1.11757147312164,0.895704030990601,0.973458528518677,0.878411054611206,1.08974981307983,0.878939867019653,0.913077175617218,0.775281667709351,1.09903240203857,0.891304731369019,0.908501863479614,0.788694143295288,1.10002946853638,0.900104284286499,0.950254797935486,0.785988569259644,1.09767365455627,0.896781206130981,0.988014340400696,0.797308206558228,1.10052704811096,0.913882970809937,0.95066225528717,0.783456563949585,1.0791552066803,0.877076864242554,0.934235572814941,0.76623797416687,0.83883
1.12872290611267,0.964091598987579,0.982843399047852,0.988518536090851,1.09138989448547,0.959401428699493,0.937906444072723,0.88068038225174,1.10062193870544,0.972467243671417,0.932370066642761,0.892048180103302,1.10064733028412,0.984441101551056,0.97424042224884,0.890857040882111,1.09928476810455,0.977944672107697,1.00954508781433,0.903165638446808,1.10210847854614,0.995526611804962,0.975906670093536,0.890999138355255,1.08098959922791,0.958326160907745,0.957425832748413,0.86853438615799,0.85853
1.1357581615448,0.964400470256805,0.991487741470337,1.04192662239075,1.09167146682739,0.953982532024384,0.961035013198853,0.937952697277069,1.1003315448761,0.968286693096161,0.953272998332977,0.946317851543427,1.09980595111847,0.986187160015106,0.991796314716339,0.946653544902802,1.09916543960571,0.973615348339081,1.0244392156601,0.960426509380341,1.10156106948853,0.991948783397675,0.993138611316681,0.94818514585495,1.08198833465576,0.954449832439423,0.978053629398346,0.926645457744598,0.87354
1.13948571681976,0.966662049293518,1.0008647441864,1.07030308246613,1.08532989025116,0.954856991767883,0.985172033309937,0.970982670783997,1.09432196617126,0.966449379920959,0.975002646446228,0.973477959632874,1.0937135219574,0.994053959846497,1.00917792320251,0.975809216499329,1.09335172176361,0.973289132118225,1.0380152463913,0.994874596595764,1.09582853317261,0.985848069190979,1.00926744937897,0.985373139381409,1.07506310939789,0.957923531532288,0.999443292617798,0.959835648536682,0.89416
