small_1,small_de_2,all_3,all_de_4,small_5,small_de_6,all_7,all_de_8,small_9,small_de_10,all_11,all_de_12,small_13,small_de_14,all_15,all_de_16,small_17,small_de_18,all_19,all_de_20,small_21,small_de_22,all_23,all_de_24,small_25,small_de_26,all_27,all_de_28,original
1.0877149105072,1.12621700763702,1.05478036403656,1.09730243682861,1.05108189582825,1.12603271007538,1.04612958431244,1.11123239994049,1.06395614147186,1.08654284477234,1.06972336769104,1.08656287193298,1.06425023078918,1.08664810657501,1.05200922489166,1.06081461906433,1.13926148414612,1.08633172512054,1.14727020263672,1.08633148670197,1.15784752368927,1.08633196353912,1.07212829589844,1.08633184432983,1.05206882953644,1.12451469898224,1.04360318183899,1.10882103443146,1.0434
1.08271729946136,1.13935387134552,1.0641918182373,1.12747263908386,1.04605829715729,1.13917505741119,1.0545779466629,1.14141309261322,1.06017374992371,1.10209441184998,1.0785448551178,1.10211884975433,1.06058764457703,1.1021980047226,1.06363677978516,1.08329045772552,1.1365065574646,1.10188460350037,1.1519136428833,1.10188436508179,1.15520000457764,1.10188484191895,1.08881819248199,1.10188472270966,1.04706478118896,1.13769948482513,1.05978119373322,1.13875317573547,1.0543
1.0811527967453,1.15326011180878,1.07324659824371,1.1563458442688,1.0436110496521,1.15307772159576,1.06326162815094,1.17029535770416,1.05850028991699,1.1160227060318,1.0872083902359,1.11605405807495,1.05895161628723,1.1161242723465,1.07497429847717,1.10600221157074,1.13618957996368,1.1158127784729,1.15593528747559,1.11581254005432,1.15528750419617,1.11581313610077,1.10491597652435,1.11581301689148,1.04486680030823,1.15155518054962,1.07657146453857,1.16725015640259,1.0603
1.09496283531189,1.17667365074158,1.08403849601746,1.17533338069916,1.0564169883728,1.17647528648376,1.07403349876404,1.18940424919128,1.0684118270874,1.13122868537903,1.09787249565125,1.13125967979431,1.06857252120972,1.13132441043854,1.08825767040253,1.12803781032562,1.14488089084625,1.13101243972778,1.16255187988281,1.1310122013092,1.16412711143494,1.13101267814636,1.1245733499527,1.13101267814636,1.05811786651611,1.17496752738953,1.0926079750061,1.18572592735291,1.0755
1.09764194488525,1.19677543640137,1.09839022159576,1.20621991157532,1.05873918533325,1.19657075405121,1.08821272850037,1.22005426883698,1.07033967971802,1.1482447385788,1.11246705055237,1.14828670024872,1.07044172286987,1.14833772182465,1.10646939277649,1.15458726882935,1.14680433273315,1.14802598953247,1.17219567298889,1.14802575111389,1.16616415977478,1.14802622795105,1.15143144130707,1.14802622795105,1.06053352355957,1.19506597518921,1.11539161205292,1.21645212173462,1.089
1.09008955955505,1.21071565151215,1.11115288734436,1.23642110824585,1.05114769935608,1.21051335334778,1.09947752952576,1.25014436244965,1.06448745727539,1.16543257236481,1.12544453144073,1.16548216342926,1.06471705436707,1.16552734375,1.12328946590424,1.17743647098541,1.14201295375824,1.16521680355072,1.18092799186707,1.16521644592285,1.16154146194458,1.1652170419693,1.17637002468109,1.16521692276001,1.05272030830383,1.20893228054047,1.13740122318268,1.24658405780792,1.1063
1.09425485134125,1.22251152992249,1.11800181865692,1.24501192569733,1.05605340003967,1.22232055664062,1.10499107837677,1.25891435146332,1.06686949729919,1.18098270893097,1.13135480880737,1.18102371692657,1.06689131259918,1.18108034133911,1.13186883926392,1.18919372558594,1.14114999771118,1.18077027797699,1.18446207046509,1.18077003955841,1.16015768051147,1.18077063560486,1.18910539150238,1.18077051639557,1.05714011192322,1.22076344490051,1.14949095249176,1.25495946407318,1.124
1.13392210006714,1.23938167095184,1.12680101394653,1.23841977119446,1.09603846073151,1.23919177055359,1.11293280124664,1.25234758853912,1.09266555309296,1.19001519680023,1.13840746879578,1.19004023075104,1.09151363372803,1.19010710716248,1.14140975475311,1.19758772850037,1.15434408187866,1.18979895114899,1.186936378479,1.18979859352112,1.17190051078796,1.18979918956757,1.20385134220123,1.18979907035828,1.0968724489212,1.23776745796204,1.16294991970062,1.24797546863556,1.1358
1.131068110466,1.21090149879456,1.11990118026733,1.21497976779938,1.09666275978088,1.21076154708862,1.10839533805847,1.22895896434784,1.08964622020721,1.17862129211426,1.12928903102875,1.17866492271423,1.08833241462708,1.17872786521912,1.13074970245361,1.17747068405151,1.14430403709412,1.17841923236847,1.17620849609375,1.17841899394989,1.16012191772461,1.17841958999634,1.18548583984375,1.17841935157776,1.09604287147522,1.20949292182922,1.1547486782074,1.22517383098602,1.1297
1.08827352523804,1.18216276168823,1.09491562843323,1.16914391517639,1.05468320846558,1.18202424049377,1.08315289020538,1.18226611614227,1.06046748161316,1.16324710845947,1.10257577896118,1.16327261924744,1.06034743785858,1.16336727142334,1.09626984596252,1.14390826225281,1.12557947635651,1.16305029392242,1.15388178825378,1.16305005550385,1.14219892024994,1.16305065155029,1.12967610359192,1.16305041313171,1.05415165424347,1.18064534664154,1.11468398571014,1.18170118331909,1.096
1.1019514799118,1.14692342281342,1.0585515499115,1.11976790428162,1.06925165653229,1.1468049287796,1.04701149463654,1.13293087482452,1.06673240661621,1.1334433555603,1.06133341789246,1.13341152667999,1.06591749191284,1.13356804847717,1.04700255393982,1.08672964572906,1.12248992919922,1.13325464725494,1.12201142311096,1.13325428962708,1.13795101642609,1.13325500488281,1.05329573154449,1.13325464725494,1.06766653060913,1.145348072052,1.0577654838562,1.13070178031921,1.0123
1.10729801654816,1.11060667037964,1.02087223529816,1.06601274013519,1.07436108589172,1.11048376560211,1.01206016540527,1.08082664012909,1.06911742687225,1.09477734565735,1.02369570732117,1.09466779232025,1.06808972358704,1.09490096569061,1.00007510185242,1.02881753444672,1.12251925468445,1.09458816051483,1.09472894668579,1.09458792209625,1.13778638839722,1.0945885181427,0.983519911766052,1.09458827972412,1.07277238368988,1.10895824432373,1.00441336631775,1.0765346288681,0.92462
1.0873464345932,1.07717478275299,0.987671256065369,1.03148567676544,1.05355882644653,1.07702958583832,0.983433961868286,1.04550445079803,1.05554366111755,1.05879008769989,0.995000720024109,1.05871033668518,1.05512881278992,1.05891513824463,0.964092016220093,0.976751923561096,1.1161447763443,1.05859708786011,1.07626891136169,1.05859673023224,1.13238990306854,1.05859744548798,0.930553078651428,1.05859732627869,1.05246710777283,1.07535374164581,0.963114500045776,1.04380559921265,0.83991
1.07816743850708,1.0461620092392,0.959027290344238,1.00358390808105,1.04387521743774,1.04602134227753,0.955508947372437,1.01771605014801,1.04878902435303,1.02814269065857,0.966311633586884,1.02805852890015,1.04861223697662,1.02826809883118,0.928064346313477,0.9422647356987,1.11222910881042,1.02795207500458,1.05713093280792,1.02795171737671,1.12892544269562,1.02795243263245,0.876475095748901,1.02795231342316,1.04292559623718,1.04428648948669,0.914239168167114,1.01500248908997,0.81671
1.05967998504639,1.01726138591766,0.94135057926178,0.965129911899567,1.02479267120361,1.0171070098877,0.939034104347229,0.980217635631561,1.03769540786743,0.998751819133759,0.951413810253143,0.998654782772064,1.03819108009338,0.998879551887512,0.908251881599426,0.907208263874054,1.10921394824982,0.998559296131134,1.05110919475555,0.998558878898621,1.12689447402954,0.998559594154358,0.850019574165344,0.998559415340424,1.02444779872894,1.01526987552643,0.883037328720093,0.977102220058441,0.79203
1.06771981716156,0.999349236488342,0.934470891952515,0.928060829639435,1.03219950199127,0.999191403388977,0.932592034339905,0.942473530769348,1.04362869262695,0.97419148683548,0.947748124599457,0.974109351634979,1.04399955272675,0.974312543869019,0.902984380722046,0.875387668609619,1.11494874954224,0.973995327949524,1.05344295501709,0.973994970321655,1.13274276256561,0.973995625972748,0.846126914024353,0.973995506763458,1.03231525421143,0.9974205493927,0.87104070186615,0.940259575843811,0.7765
1.05653476715088,0.994746088981628,0.945264577865601,0.941678762435913,1.01998996734619,0.994577705860138,0.943241477012634,0.956573307514191,1.0368275642395,0.966443359851837,0.960587084293365,0.966357529163361,1.03765654563904,0.966559946537018,0.918646931648254,0.884801983833313,1.1143844127655,0.96624356508255,1.06469058990479,0.966243207454681,1.13307285308838,0.966243863105774,0.870275020599365,0.96624368429184,1.02085661888123,0.992816984653473,0.890540480613708,0.953684628009796,0.76376
1.05816662311554,0.999598145484924,0.957528233528137,0.950369775295258,1.02028632164001,0.99940687417984,0.954710721969604,0.964581370353699,1.03909778594971,0.964501261711121,0.976040005683899,0.964443624019623,1.04003095626831,0.9646115899086,0.937530040740967,0.890054166316986,1.12009429931641,0.964294970035553,1.07992446422577,0.964294612407684,1.13952136039734,0.964295268058777,0.900767207145691,0.964295148849487,1.02181935310364,0.997581243515015,0.910763263702393,0.962754607200623,0.78902
1.08009576797485,1.02155911922455,0.966826796531677,0.942127585411072,1.04144644737244,1.02134001255035,0.963493824005127,0.956709563732147,1.05589270591736,0.971458733081818,0.987652480602264,0.97138237953186,1.05636477470398,0.97155886888504,0.950958490371704,0.897804975509644,1.13434052467346,0.971240699291229,1.0936963558197,0.971240341663361,1.15374541282654,0.971240878105164,0.925396919250488,0.971240878105164,1.04330193996429,1.01956403255463,0.918328285217285,0.95396476984024,0.80533
1.10418343544006,1.0468841791153,0.978612065315247,0.944019258022308,1.06607735157013,1.04664468765259,0.975953936576843,0.958854377269745,1.07666873931885,0.987837970256805,1.00260329246521,0.987777948379517,1.07659840583801,0.987941563129425,0.96834659576416,0.911563158035278,1.15134739875793,0.987614274024963,1.11036896705627,0.98761397600174,1.17039966583252,0.987614452838898,0.956538677215576,0.987614452838898,1.067298412323,1.04475975036621,0.931144833564758,0.955850005149841,0.82077
1.11400318145752,1.07062745094299,0.97185218334198,0.908442854881287,1.07626295089722,1.07038223743439,0.970571398735046,0.922808647155762,1.08604574203491,1.01082873344421,1.0000764131546,1.01075768470764,1.08573937416077,1.01093816757202,0.96174168586731,0.897291421890259,1.15940833091736,1.0106053352356,1.1170802116394,1.01060509681702,1.17839193344116,1.01060545444489,0.956094861030579,1.01060545444489,1.07688784599304,1.06837916374207,0.905690908432007,0.922392606735229,0.83883
1.11414265632629,1.08560037612915,0.989374160766602,0.943623065948486,1.07763481140137,1.08536875247955,0.98737359046936,0.958094358444214,1.08814549446106,1.03433644771576,1.01625037193298,1.03429567813873,1.08780062198639,1.03445744514465,0.981662154197693,0.928845405578613,1.1605498790741,1.03412067890167,1.12907910346985,1.03412055969238,1.17922973632812,1.03412091732025,0.986408591270447,1.03412079811096,1.07738304138184,1.08324885368347,0.927836298942566,0.957659602165222,0.85853
1.11373567581177,1.10007631778717,1.0024049282074,0.972977697849274,1.07805061340332,1.0998523235321,0.999002933502197,0.987550854682922,1.08870887756348,1.05215406417847,1.02706956863403,1.0521285533905,1.08836102485657,1.05227851867676,0.995283842086792,0.953714072704315,1.16037356853485,1.05194103717804,1.13568949699402,1.05194091796875,1.17878293991089,1.05194127559662,1.00559639930725,1.05194115638733,1.07739424705505,1.09773063659668,0.945586800575256,0.986871957778931,0.87354
1.10655689239502,1.10683965682983,1.01452815532684,1.00206613540649,1.07095015048981,1.10662484169006,1.01066613197327,1.01641583442688,1.08361077308655,1.06600677967072,1.03678321838379,1.06600308418274,1.08340668678284,1.06613647937775,1.00784468650818,0.97734010219574,1.15656352043152,1.06579959392548,1.13961744308472,1.06579947471619,1.17513489723206,1.06579983234406,1.02224659919739,1.06579971313477,1.07006657123566,1.10441339015961,0.964543342590332,1.0158234834671,0.89416
