small_1,small_de_2,all_3,all_de_4,small_5,small_de_6,all_7,all_de_8,small_9,small_de_10,all_11,all_de_12,small_13,small_de_14,all_15,all_de_16,small_17,small_de_18,all_19,all_de_20,small_21,small_de_22,all_23,all_de_24,small_25,small_de_26,all_27,all_de_28,original
1.4313976764679,1.47182512283325,1.26648449897766,1.34353864192963,1.42709708213806,1.47229814529419,1.26882934570312,1.34557604789734,1.42274463176727,1.47071218490601,1.29509878158569,1.34557223320007,1.42708027362823,1.47210085391998,1.27042806148529,1.34798872470856,1.43996810913086,1.47186875343323,1.27754330635071,1.34612250328064,1.42099940776825,1.47104001045227,1.28955733776093,1.34558963775635,1.45728874206543,1.47333061695099,1.24184918403625,1.34461581707001,1.2496
1.43756175041199,1.45966851711273,1.26033771038055,1.30305540561676,1.42726111412048,1.4600989818573,1.27011585235596,1.30569112300873,1.42758584022522,1.45857083797455,1.30140352249146,1.30919897556305,1.43421494960785,1.4598833322525,1.26809012889862,1.30862820148468,1.44686388969421,1.45963847637177,1.27614140510559,1.30625855922699,1.4287223815918,1.45888960361481,1.29802846908569,1.3058797121048,1.46179747581482,1.46111249923706,1.23635149002075,1.30469000339508,1.257
1.43709576129913,1.48501455783844,1.24285531044006,1.22185158729553,1.42982459068298,1.48545491695404,1.25724601745605,1.22074329853058,1.4281964302063,1.4838832616806,1.29205369949341,1.2225216627121,1.43301594257355,1.48527562618256,1.25488770008087,1.22334814071655,1.44579577445984,1.48504424095154,1.26249933242798,1.22417557239532,1.42655265331268,1.48421704769135,1.2882559299469,1.22391879558563,1.46265316009521,1.48645675182343,1.2186986207962,1.2242226600647,1.2694
1.44269859790802,1.50722706317902,1.26499617099762,1.27534091472626,1.43292689323425,1.50766122341156,1.27333045005798,1.27511882781982,1.43271660804749,1.50606191158295,1.30412197113037,1.27767825126648,1.43829905986786,1.50751793384552,1.27369177341461,1.27790594100952,1.45105373859406,1.50729656219482,1.28188240528107,1.2777601480484,1.4311488866806,1.50641012191772,1.30053019523621,1.27747213840485,1.46869087219238,1.50864171981812,1.2404271364212,1.27797091007233,1.2842
1.44315266609192,1.46221661567688,1.25975000858307,1.27400434017181,1.4251697063446,1.4625985622406,1.27388954162598,1.27396237850189,1.433509349823,1.46116089820862,1.3062527179718,1.27610838413239,1.44274389743805,1.4623349905014,1.26978421211243,1.27610313892365,1.45498013496399,1.46207106113434,1.27819859981537,1.27580761909485,1.43968331813812,1.46145784854889,1.3029373884201,1.27605867385864,1.46288418769836,1.46359980106354,1.23497307300568,1.27619755268097,1.2992
1.43550646305084,1.42306041717529,1.2535263299942,1.2743456363678,1.41529417037964,1.42339301109314,1.27128076553345,1.27456998825073,1.4288614988327,1.42210531234741,1.30580425262451,1.27663600444794,1.43874907493591,1.42301893234253,1.26276445388794,1.2762850522995,1.45055985450745,1.42271459102631,1.27099311351776,1.27595388889313,1.43947350978851,1.42235565185547,1.3023636341095,1.27644765377045,1.44974684715271,1.42441296577454,1.22815477848053,1.27615892887115,1.3146
1.44540154933929,1.45554184913635,1.26771473884583,1.29847884178162,1.42770624160767,1.45590710639954,1.28264451026917,1.29846560955048,1.44094836711884,1.45460367202759,1.31651711463928,1.30045759677887,1.44942307472229,1.45551562309265,1.27218317985535,1.3004754781723,1.46170496940613,1.45521283149719,1.27992475032806,1.3006272315979,1.45082747936249,1.45484733581543,1.31348049640656,1.30078125,1.45924055576324,1.45695662498474,1.24133849143982,1.30044865608215,1.3299
1.49154984951019,1.54346394538879,1.31547796726227,1.33856403827667,1.47746443748474,1.54394817352295,1.32604002952576,1.33884501457214,1.48906016349792,1.54248929023743,1.35534656047821,1.34063243865967,1.49550008773804,1.54359972476959,1.31843602657318,1.3409411907196,1.50951826572418,1.54333257675171,1.32563018798828,1.34099686145782,1.49630653858185,1.54275298118591,1.35355591773987,1.34101343154907,1.50769853591919,1.54505455493927,1.28861486911774,1.34031236171722,1.3458
1.54787683486938,1.5573832988739,1.36065638065338,1.35816764831543,1.5255514383316,1.55788958072662,1.36962485313416,1.35815608501434,1.53807771205902,1.5564329624176,1.39584279060364,1.36010575294495,1.5493940114975,1.55751526355743,1.36631441116333,1.36035394668579,1.564866065979,1.5572464466095,1.37345254421234,1.36044812202454,1.54750883579254,1.55668616294861,1.39496195316315,1.36054039001465,1.56865525245667,1.55902087688446,1.33402132987976,1.35964417457581,1.3827
1.60361135005951,1.57796168327332,1.40212893486023,1.38316714763641,1.57592666149139,1.57854557037354,1.40896010398865,1.38316774368286,1.58743000030518,1.57703161239624,1.43357038497925,1.38429343700409,1.60257613658905,1.57815134525299,1.40901505947113,1.38491785526276,1.61970436573029,1.57789444923401,1.41607582569122,1.38482618331909,1.59810936450958,1.5772784948349,1.4322612285614,1.38528895378113,1.62942934036255,1.57973301410675,1.37475883960724,1.38422381877899,1.423
1.60662055015564,1.62360680103302,1.39971995353699,1.36451411247253,1.59119307994843,1.62428545951843,1.40833282470703,1.36549139022827,1.59002840518951,1.62262010574341,1.43689608573914,1.36650216579437,1.60133516788483,1.62395656108856,1.40871465206146,1.36664795875549,1.61956000328064,1.62373483181,1.41642916202545,1.36578977108002,1.59355485439301,1.62289762496948,1.43475389480591,1.36675107479095,1.63947188854218,1.62550342082977,1.37320256233215,1.36468744277954,1.3562
1.60850369930267,1.61523151397705,1.38179671764374,1.33379948139191,1.59646344184875,1.61597895622253,1.39336371421814,1.33474624156952,1.58970475196838,1.61427044868469,1.42612743377686,1.33593046665192,1.60112011432648,1.61562514305115,1.39262723922729,1.33589351177216,1.61981594562531,1.61540830135345,1.40103244781494,1.33518815040588,1.59209716320038,1.6145396232605,1.42311871051788,1.33626163005829,1.64451396465302,1.6172536611557,1.35451519489288,1.33357548713684,1.3273
1.58272409439087,1.58793807029724,1.35900545120239,1.31188797950745,1.58006823062897,1.58871793746948,1.37357115745544,1.31204307079315,1.56380748748779,1.58701014518738,1.40815687179565,1.31266152858734,1.57263672351837,1.58832979202271,1.37187147140503,1.313197016716,1.59127843379974,1.5881096124649,1.37991058826447,1.31326544284821,1.56212413311005,1.58726668357849,1.40416812896729,1.31415903568268,1.6222323179245,1.59002828598022,1.33232843875885,1.31161737442017,1.2833
1.52556228637695,1.59646701812744,1.33589029312134,1.30129563808441,1.53644907474518,1.59728360176086,1.34598588943481,1.30104398727417,1.50285935401917,1.59546232223511,1.37846970558167,1.30170214176178,1.50855338573456,1.59698021411896,1.34725797176361,1.30283856391907,1.52650260925293,1.59679317474365,1.35520601272583,1.30300271511078,1.49310636520386,1.59575664997101,1.37432217597961,1.30346155166626,1.57341718673706,1.59857296943665,1.31046426296234,1.30117607116699,1.2291
1.49601709842682,1.61033272743225,1.32459211349487,1.30433964729309,1.51216995716095,1.61119878292084,1.3303861618042,1.30417907238007,1.46677780151367,1.60928356647491,1.35755610466003,1.30536067485809,1.47242558002472,1.61094439029694,1.33544826507568,1.307204246521,1.48997676372528,1.61078655719757,1.34290659427643,1.30754947662354,1.45155715942383,1.60959982872009,1.35353052616119,1.30699014663696,1.55206000804901,1.61248970031738,1.29987072944641,1.30473017692566,1.1849
1.47060012817383,1.53307461738586,1.32526195049286,1.28476524353027,1.47920417785645,1.53387475013733,1.33390331268311,1.28477966785431,1.43479371070862,1.53210771083832,1.35478627681732,1.28594827651978,1.44538581371307,1.53352856636047,1.34067153930664,1.28775835037231,1.46175372600555,1.53333640098572,1.34794592857361,1.28793334960938,1.42364192008972,1.53238451480865,1.35080063343048,1.28736925125122,1.52698457241058,1.53516066074371,1.303879737854,1.28519868850708,1.1417
1.43106651306152,1.5022224187851,1.32372224330902,1.27421998977661,1.44215798377991,1.50295102596283,1.32775616645813,1.27428078651428,1.39701557159424,1.50121426582336,1.3426821231842,1.27510821819305,1.40597784519196,1.50264775753021,1.33997368812561,1.2767561674118,1.42113149166107,1.50245177745819,1.34651124477386,1.27652227878571,1.38447535037994,1.50150763988495,1.33852529525757,1.27636969089508,1.48601007461548,1.50417256355286,1.30348992347717,1.27453708648682,1.1242
1.42087018489838,1.49048388004303,1.32664442062378,1.27169013023376,1.43350601196289,1.49116861820221,1.32484126091003,1.27247500419617,1.39319813251495,1.48944282531738,1.33576273918152,1.27352213859558,1.39924895763397,1.49090015888214,1.34045088291168,1.27492797374725,1.41392397880554,1.49070072174072,1.34791696071625,1.27423918247223,1.38036096096039,1.48974931240082,1.33135461807251,1.2740797996521,1.47099483013153,1.492351770401,1.3054963350296,1.27214527130127,1.1111
1.40056502819061,1.43755996227264,1.30032992362976,1.20322895050049,1.41727375984192,1.43814897537231,1.30463981628418,1.20456516742706,1.3871887922287,1.43653631210327,1.31917977333069,1.20555818080902,1.38762247562408,1.4378604888916,1.32017207145691,1.20616936683655,1.40149545669556,1.43762493133545,1.3287011384964,1.20527219772339,1.37628412246704,1.43683183193207,1.31448757648468,1.20572435855865,1.43872034549713,1.43929445743561,1.27927196025848,1.20317578315735,1.0966
1.38327944278717,1.41594016551971,1.297722697258,1.19115400314331,1.40327787399292,1.41650938987732,1.3016152381897,1.19207501411438,1.37829053401947,1.4149683713913,1.31669497489929,1.1928049325943,1.37575376033783,1.41616463661194,1.31784164905548,1.1933913230896,1.38912522792816,1.41590738296509,1.3270617723465,1.19273543357849,1.36970543861389,1.41524028778076,1.31243944168091,1.19330954551697,1.41379058361053,1.41767036914825,1.27602064609528,1.19118690490723,1.1522
1.37160897254944,1.42038249969482,1.27383232116699,1.16939675807953,1.39552783966064,1.42097902297974,1.2804160118103,1.17007970809937,1.36974823474884,1.41946983337402,1.30035924911499,1.1713969707489,1.36552059650421,1.42057073116302,1.29398036003113,1.17239987850189,1.37878215312958,1.42030489444733,1.30417609214783,1.1723827123642,1.36130499839783,1.41971683502197,1.29629254341125,1.17218363285065,1.40008294582367,1.42218112945557,1.25140643119812,1.16972672939301,1.2051
1.36639046669006,1.46214687824249,1.25786316394806,1.14998126029968,1.39439189434052,1.46277141571045,1.26487731933594,1.15013563632965,1.36709856987,1.46118426322937,1.28802895545959,1.15159606933594,1.36054980754852,1.46241843700409,1.27749705314636,1.15285503864288,1.37385535240173,1.46217226982117,1.28751492500305,1.15339636802673,1.35648596286774,1.46145486831665,1.28391945362091,1.15296125411987,1.39476692676544,1.46396744251251,1.23528528213501,1.15029978752136,1.2339
1.36961889266968,1.45056104660034,1.23928034305573,1.1392240524292,1.39126360416412,1.45121788978577,1.25184941291809,1.13931441307068,1.36567366123199,1.44969534873962,1.2781013250351,1.14008760452271,1.36349761486053,1.45075964927673,1.26054406166077,1.14221477508545,1.37666118144989,1.45050024986267,1.27117991447449,1.14291322231293,1.3598028421402,1.44992387294769,1.27383291721344,1.14216256141663,1.39775264263153,1.45247066020966,1.21710979938507,1.13904798030853,1.2626
1.36480939388275,1.50176060199738,1.23937141895294,1.14862012863159,1.39281594753265,1.50247204303741,1.25145959854126,1.14933717250824,1.36259710788727,1.50084340572357,1.27770018577576,1.15042150020599,1.35750663280487,1.50207149982452,1.26158678531647,1.1523699760437,1.37092351913452,1.5018390417099,1.27137207984924,1.15274155139923,1.35272085666656,1.50109732151031,1.27337670326233,1.15196812152863,1.39501178264618,1.50373268127441,1.21778881549835,1.14811539649963,1.278
