small_1,small_de_2,all_3,all_de_4,small_5,small_de_6,all_7,all_de_8,small_9,small_de_10,all_11,all_de_12,small_13,small_de_14,all_15,all_de_16,small_17,small_de_18,all_19,all_de_20,small_21,small_de_22,all_23,all_de_24,small_25,small_de_26,all_27,all_de_28,original
1.34283864498138,1.41552698612213,1.19474577903748,1.08983826637268,1.33465671539307,1.41572964191437,1.18325304985046,1.08995640277863,1.31577849388123,1.33670258522034,1.14773297309875,1.09159958362579,1.32413387298584,1.33678960800171,1.22097754478455,1.09215366840363,1.3436062335968,1.33670008182526,1.21135640144348,1.33670020103455,1.32064568996429,1.33669996261597,1.23500323295593,1.33670008182526,1.34324705600739,1.4156539440155,1.15302324295044,1.08939599990845,1.2909
1.35432434082031,1.45566272735596,1.19418478012085,1.10854089260101,1.34466850757599,1.4558516740799,1.18431878089905,1.10857963562012,1.32263135910034,1.35090386867523,1.14773404598236,1.10934805870056,1.33367109298706,1.35100638866425,1.22167146205902,1.10836243629456,1.35457134246826,1.35089647769928,1.2115752696991,1.35089671611786,1.32925546169281,1.35089635848999,1.2345769405365,1.35089647769928,1.35482048988342,1.45578348636627,1.15396618843079,1.10840034484863,1.2498
1.37043714523315,1.46509313583374,1.21209573745728,1.13659691810608,1.35731148719788,1.46530055999756,1.20188844203949,1.13668191432953,1.33377885818481,1.36086785793304,1.16430068016052,1.13540256023407,1.35029256343842,1.36096513271332,1.23831462860107,1.13277077674866,1.37481117248535,1.36086070537567,1.23065209388733,1.36086094379425,1.34618663787842,1.36086070537567,1.2546660900116,1.36086082458496,1.3713812828064,1.46522974967957,1.17239308357239,1.13649189472198,1.2267
1.37484788894653,1.48362863063812,1.22852778434753,1.16317820549011,1.36095869541168,1.48384094238281,1.2175258398056,1.16316509246826,1.3373441696167,1.37499284744263,1.17995047569275,1.16317164897919,1.35572600364685,1.37508857250214,1.25357580184937,1.16002690792084,1.38077592849731,1.37498569488525,1.24862682819366,1.37498593330383,1.35167694091797,1.37498569488525,1.27206981182098,1.37498581409454,1.37592113018036,1.48377072811127,1.18952560424805,1.16301643848419,1.2199
1.37874579429626,1.53496468067169,1.25016474723816,1.20363974571228,1.36440348625183,1.53516209125519,1.23942303657532,1.20328795909882,1.33966779708862,1.39269292354584,1.20226395130157,1.19684708118439,1.35809803009033,1.39281141757965,1.27502310276031,1.19009375572205,1.38389122486115,1.39267861843109,1.27189874649048,1.39267873764038,1.35379958152771,1.3926784992218,1.29670298099518,1.39267861843109,1.3798166513443,1.53510046005249,1.21421492099762,1.20415031909943,1.2156
1.38694965839386,1.56761145591736,1.26173758506775,1.20268130302429,1.372633934021,1.56778788566589,1.24989128112793,1.20231151580811,1.34624671936035,1.41181862354279,1.21255218982697,1.19582188129425,1.36573553085327,1.41194319725037,1.28795146942139,1.1909761428833,1.39107799530029,1.4118036031723,1.28611350059509,1.41180372238159,1.36051952838898,1.41180348396301,1.31228256225586,1.4118036031723,1.38797509670258,1.5677330493927,1.22708547115326,1.20324885845184,1.2168
1.34742391109467,1.51703631877899,1.26188921928406,1.18765950202942,1.33908462524414,1.51721358299255,1.24847948551178,1.18778717517853,1.32253408432007,1.43384838104248,1.21224474906921,1.18914031982422,1.33169090747833,1.43392956256866,1.28859686851501,1.18889880180359,1.35106074810028,1.43385004997253,1.28601455688477,1.43385028839111,1.32893991470337,1.43384993076324,1.31004083156586,1.43385016918182,1.34797668457031,1.51714432239532,1.22678792476654,1.18745219707489,1.1999
1.36617422103882,1.54079520702362,1.26088786125183,1.20623588562012,1.35940361022949,1.5409551858902,1.24886298179626,1.20604419708252,1.34474396705627,1.45205450057983,1.21426856517792,1.2034158706665,1.35260987281799,1.45213341712952,1.2862229347229,1.19903361797333,1.36979126930237,1.4520571231842,1.28232765197754,1.45205736160278,1.34947752952576,1.4520571231842,1.30633330345154,1.45205724239349,1.36661577224731,1.54089152812958,1.22669017314911,1.20617115497589,1.1818
1.41971111297607,1.57613587379456,1.26917326450348,1.21808862686157,1.4131885766983,1.57628965377808,1.25770080089569,1.21801102161407,1.39815402030945,1.46489834785461,1.22668373584747,1.20985209941864,1.40753841400146,1.46499538421631,1.29334735870361,1.20223903656006,1.42357730865479,1.46489644050598,1.28988313674927,1.46489655971527,1.40284514427185,1.46489632129669,1.31487512588501,1.46489644050598,1.42015933990479,1.57622969150543,1.23614239692688,1.21882438659668,1.1635
1.49025738239288,1.63300633430481,1.27886819839478,1.20285904407501,1.47931861877441,1.6331695318222,1.26718592643738,1.20241940021515,1.45946621894836,1.45753955841064,1.23718404769897,1.19724416732788,1.47630178928375,1.45768058300018,1.30655717849731,1.19050681591034,1.4966721534729,1.45752143859863,1.30495548248291,1.45752155780792,1.46985423564911,1.45752131938934,1.32994055747986,1.45752155780792,1.49116313457489,1.63311862945557,1.24676704406738,1.20282053947449,1.1432
1.51086783409119,1.59461975097656,1.28506517410278,1.18707454204559,1.50417757034302,1.59478437900543,1.27113080024719,1.18745446205139,1.48909211158752,1.43604576587677,1.2404088973999,1.18434524536133,1.50155425071716,1.43618416786194,1.31696486473083,1.17883586883545,1.51642727851868,1.43603217601776,1.31549406051636,1.43603241443634,1.49467420578003,1.43603205680847,1.33896112442017,1.43603229522705,1.51142823696136,1.59472680091858,1.25040519237518,1.18698251247406,1.128
1.54196786880493,1.58361673355103,1.28667056560516,1.20252430438995,1.53875112533569,1.58379304409027,1.27095830440521,1.20315587520599,1.52803492546082,1.40354061126709,1.23898530006409,1.19756710529327,1.5370728969574,1.40372276306152,1.32214307785034,1.18642902374268,1.54734563827515,1.40352141857147,1.32078337669373,1.40352177619934,1.52969980239868,1.40352141857147,1.34286189079285,1.40352153778076,1.5422728061676,1.58372581005096,1.24869382381439,1.20224571228027,1.1041
1.51753497123718,1.51087665557861,1.26080739498138,1.19663488864899,1.51801037788391,1.51103496551514,1.24254477024078,1.19641995429993,1.50553226470947,1.37125837802887,1.20703947544098,1.188316822052,1.51115298271179,1.37141299247742,1.30077576637268,1.17368590831757,1.51671433448792,1.37125039100647,1.29434394836426,1.37125074863434,1.50207495689392,1.37125027179718,1.31299638748169,1.37125051021576,1.51728200912476,1.51096403598785,1.21649277210236,1.19548773765564,1.0813
1.53486704826355,1.52880072593689,1.21915054321289,1.1585134267807,1.53184962272644,1.52893483638763,1.20096850395203,1.15905129909515,1.50441765785217,1.33346235752106,1.16028666496277,1.15337479114532,1.51960611343384,1.33364105224609,1.26529741287231,1.14238047599792,1.52745509147644,1.33344459533691,1.25225186347961,1.33344495296478,1.50540924072266,1.33344459533691,1.26753044128418,1.33344483375549,1.53457868099213,1.52888178825378,1.16895532608032,1.15903675556183,1.0597
1.47010314464569,1.44776105880737,1.1616199016571,1.10115039348602,1.47326683998108,1.44784665107727,1.14342617988586,1.10086262226105,1.44238781929016,1.30771386623383,1.09664726257324,1.09597074985504,1.45069861412048,1.30784893035889,1.21335411071777,1.09410774707794,1.45118355751038,1.30771255493164,1.19188022613525,1.30771267414093,1.4341025352478,1.30771243572235,1.20448088645935,1.30771267414093,1.46882271766663,1.44779562950134,1.10669302940369,1.10180807113647,1.0463
1.41945624351501,1.39404439926147,1.12199604511261,1.05065977573395,1.42507410049438,1.39410412311554,1.10717463493347,1.05027031898499,1.38810443878174,1.28922533988953,1.05890595912933,1.05071663856506,1.39499640464783,1.28932344913483,1.1724853515625,1.05343115329742,1.39219403266907,1.28923463821411,1.14577543735504,1.28923487663269,1.37607443332672,1.28923463821411,1.15832018852234,1.28923487663269,1.41760575771332,1.39405643939972,1.06756460666656,1.05085468292236,1.0191
1.41580748558044,1.4097284078598,1.11859560012817,1.06002569198608,1.41757464408875,1.40977001190186,1.10665500164032,1.05954730510712,1.3696004152298,1.277299284935,1.06134152412415,1.05837678909302,1.38487386703491,1.27739477157593,1.15942561626434,1.05996632575989,1.38540625572205,1.2773050069809,1.13265013694763,1.27730512619019,1.36304461956024,1.2773050069809,1.14845132827759,1.27730512619019,1.41409945487976,1.40973699092865,1.06516051292419,1.06045341491699,1.0021
1.44223725795746,1.44708180427551,1.12966048717499,1.08080208301544,1.43773257732391,1.4471423625946,1.1225917339325,1.08045530319214,1.38504409790039,1.27519917488098,1.08106529712677,1.07798206806183,1.40954208374023,1.27531385421753,1.16173005104065,1.07771015167236,1.41691780090332,1.27519500255585,1.1381322145462,1.27519512176514,1.38768076896667,1.27519500255585,1.15746247768402,1.27519512176514,1.44122874736786,1.44711482524872,1.08230185508728,1.08135807514191,0.99671
1.37429928779602,1.36149442195892,1.13494467735291,1.07196485996246,1.3795999288559,1.36151897907257,1.12959039211273,1.07154560089111,1.339231133461,1.27350389957428,1.09265911579132,1.07028138637543,1.34796571731567,1.27356731891632,1.16138029098511,1.07113981246948,1.34515285491943,1.27352142333984,1.14005649089813,1.27352154254913,1.32867193222046,1.27352142333984,1.16118335723877,1.27352154254913,1.37237811088562,1.36148226261139,1.09274780750275,1.07211899757385,1.0053
1.42422151565552,1.44427907466888,1.16005253791809,1.11149394512177,1.4198557138443,1.44434082508087,1.15786457061768,1.11135053634644,1.3734804391861,1.28038775920868,1.12552893161774,1.10923779010773,1.39578223228455,1.28049528598785,1.17766106128693,1.10397684574127,1.40372395515442,1.28038609027863,1.16325831413269,1.28038620948792,1.37679100036621,1.28038597106934,1.18982934951782,1.28038609027863,1.42341732978821,1.44431185722351,1.12207746505737,1.11130619049072,1.0668
1.40769481658936,1.41764092445374,1.18023300170898,1.13013708591461,1.40094876289368,1.41776049137115,1.17419278621674,1.1306095123291,1.36195421218872,1.2940798997879,1.1436505317688,1.13116490840912,1.38321483135223,1.2941654920578,1.19442021846771,1.12682962417603,1.39543879032135,1.2940821647644,1.18397378921509,1.29408228397369,1.36866760253906,1.29408204555511,1.21076345443726,1.2940821647644,1.40743362903595,1.41771304607391,1.13988018035889,1.12916266918182,1.1172
1.41745090484619,1.45274472236633,1.19035887718201,1.15053999423981,1.40941214561462,1.45286393165588,1.18782091140747,1.15107774734497,1.36897540092468,1.30612730979919,1.15536665916443,1.15387272834778,1.39277577400208,1.30622518062592,1.20712959766388,1.15054619312286,1.40615785121918,1.30612504482269,1.19783329963684,1.30612516403198,1.37788164615631,1.3061249256134,1.22358775138855,1.30612504482269,1.41733169555664,1.45282113552094,1.15612816810608,1.14975166320801,1.1777
1.37826824188232,1.4425562620163,1.20760130882263,1.17548489570618,1.37962222099304,1.44259452819824,1.20220506191254,1.17530643939972,1.34256637096405,1.31443130970001,1.17129731178284,1.16928911209106,1.35482168197632,1.31451749801636,1.22443544864655,1.16467809677124,1.35713219642639,1.31443929672241,1.21679139137268,1.3144394159317,1.33834171295166,1.31443929672241,1.24406504631042,1.31443929672241,1.37700212001801,1.4425630569458,1.17313098907471,1.17652153968811,1.2047
1.37365162372589,1.45736873149872,1.20560622215271,1.18514966964722,1.37778317928314,1.45736658573151,1.20138049125671,1.18423855304718,1.33915233612061,1.32219398021698,1.17191970348358,1.17585492134094,1.34930038452148,1.32228302955627,1.2228536605835,1.17124807834625,1.34785270690918,1.32220363616943,1.21332454681396,1.32220363616943,1.33110594749451,1.32220351696014,1.24084508419037,1.32220363616943,1.37196910381317,1.45734429359436,1.17326593399048,1.18653380870819,1.2312
