small_1,small_de_2,all_3,all_de_4,small_5,small_de_6,all_7,all_de_8,small_9,small_de_10,all_11,all_de_12,small_13,small_de_14,all_15,all_de_16,small_17,small_de_18,all_19,all_de_20,small_21,small_de_22,all_23,all_de_24,small_25,small_de_26,all_27,all_de_28,original
1.39941811561584,1.49113142490387,1.19402146339417,1.19295084476471,1.4117443561554,1.49122190475464,1.19668483734131,1.1920018196106,1.39776408672333,1.49133408069611,1.18188011646271,1.19443845748901,1.41427314281464,1.49146044254303,1.19424629211426,1.19429278373718,1.39118468761444,1.4912828207016,1.21516311168671,1.19695401191711,1.4021121263504,1.49117505550385,1.2032276391983,1.20057678222656,1.40173399448395,1.49077141284943,1.20241475105286,1.19742226600647,1.2555
1.40735006332397,1.45706510543823,1.21002554893494,1.20707654953003,1.40260326862335,1.457111120224,1.20874357223511,1.20620250701904,1.40449512004852,1.4572206735611,1.19667768478394,1.20819115638733,1.40006685256958,1.45731174945831,1.21074748039246,1.20843935012817,1.40155339241028,1.45717012882233,1.22503328323364,1.21067190170288,1.40820515155792,1.45708739757538,1.21632659435272,1.21699118614197,1.41601157188416,1.45661175251007,1.21313679218292,1.20943856239319,1.2759
1.42556691169739,1.49378633499146,1.21357178688049,1.24308240413666,1.42327642440796,1.49385976791382,1.21606063842773,1.24354004859924,1.42296946048737,1.49397468566895,1.19954574108124,1.24148678779602,1.41977214813232,1.49409115314484,1.21542656421661,1.24123215675354,1.41947495937347,1.49392223358154,1.23007690906525,1.23918628692627,1.42593860626221,1.49382984638214,1.21941101551056,1.23688125610352,1.43375110626221,1.49342453479767,1.21762359142303,1.23967266082764,1.2973
1.41011655330658,1.49649393558502,1.20333766937256,1.25228595733643,1.40932679176331,1.49655568599701,1.20714449882507,1.25213527679443,1.40750288963318,1.49666512012482,1.18748760223389,1.25112497806549,1.40801095962524,1.49676823616028,1.21042859554291,1.25080442428589,1.4036853313446,1.49661421775818,1.22999691963196,1.24830412864685,1.41127741336823,1.49652194976807,1.21617066860199,1.24534225463867,1.41730284690857,1.4960629940033,1.20831573009491,1.24855983257294,1.3135
1.39796566963196,1.51104390621185,1.20641660690308,1.21734476089478,1.39655351638794,1.5111038684845,1.20274209976196,1.21682107448578,1.39520168304443,1.51121234893799,1.18905472755432,1.2170797586441,1.39658069610596,1.51131367683411,1.21643924713135,1.21700322628021,1.39149880409241,1.51116108894348,1.23852133750916,1.21708357334137,1.39957761764526,1.51106989383698,1.22664248943329,1.21732938289642,1.40499603748322,1.51059889793396,1.20807325839996,1.21729552745819,1.3435
1.39837718009949,1.52798891067505,1.23229026794434,1.255166888237,1.39611315727234,1.52804708480835,1.23052537441254,1.25474655628204,1.39553391933441,1.52815461158752,1.21613121032715,1.25507318973541,1.39597725868225,1.52825391292572,1.2392749786377,1.25482833385468,1.39203476905823,1.5281035900116,1.25788652896881,1.25516033172607,1.39995181560516,1.52801239490509,1.24893796443939,1.25502967834473,1.40570878982544,1.52753281593323,1.23476612567902,1.25600433349609,1.3748
1.38570237159729,1.52678084373474,1.24335861206055,1.2822322845459,1.38407814502716,1.52681648731232,1.24441993236542,1.28181374073029,1.3827600479126,1.52691602706909,1.22823262214661,1.28192508220673,1.38579976558685,1.52699184417725,1.24810254573822,1.28172886371613,1.37916553020477,1.52686750888824,1.26177394390106,1.28160572052002,1.38798725605011,1.52677965164185,1.25520443916321,1.28145432472229,1.39239084720612,1.52621603012085,1.24691045284271,1.28194499015808,1.3989
1.43052804470062,1.58901476860046,1.30353713035583,1.33028376102448,1.42797803878784,1.58909809589386,1.30575442314148,1.33000123500824,1.42741179466248,1.58921182155609,1.28951740264893,1.32984435558319,1.4274890422821,1.58933484554291,1.30414021015167,1.32967054843903,1.42402541637421,1.58915758132935,1.31436717510223,1.32910943031311,1.43155002593994,1.5890611410141,1.31301081180573,1.32848727703094,1.43813323974609,1.58864605426788,1.30835139751434,1.32965207099915,1.4108
1.43905293941498,1.56123733520508,1.35616767406464,1.36482930183411,1.43638396263123,1.56128191947937,1.36248862743378,1.36432361602783,1.43545436859131,1.56138467788696,1.34388387203217,1.36497735977173,1.43847572803497,1.56146860122681,1.35351955890656,1.36488687992096,1.43218243122101,1.56133341789246,1.36082684993744,1.36512899398804,1.4406316280365,1.5612473487854,1.36170852184296,1.36636066436768,1.44615411758423,1.56070196628571,1.36394321918488,1.36543571949005,1.4151
1.44713413715363,1.5451066493988,1.40005910396576,1.38771569728851,1.4468138217926,1.5451432466507,1.41102528572083,1.3874648809433,1.44350242614746,1.54524302482605,1.38915205001831,1.38789761066437,1.45017182826996,1.54531669616699,1.39112663269043,1.38766980171204,1.43986129760742,1.54519283771515,1.39312624931335,1.38823091983795,1.44914221763611,1.54510724544525,1.39902102947235,1.38893258571625,1.45329034328461,1.54452502727509,1.41228151321411,1.3892982006073,1.3939
1.50697576999664,1.54078662395477,1.48768818378448,1.47878003120422,1.50922501087189,1.54083156585693,1.50701284408569,1.47891640663147,1.50255393981934,1.54093945026398,1.47925317287445,1.47844195365906,1.51594603061676,1.54103267192841,1.46964800357819,1.47814476490021,1.49861264228821,1.54089057445526,1.47099220752716,1.47695291042328,1.50918197631836,1.54080474376678,1.48032534122467,1.47617757320404,1.51182341575623,1.54033875465393,1.50727641582489,1.47778534889221,1.3525
1.51835060119629,1.55529022216797,1.47294080257416,1.46503400802612,1.52999782562256,1.55538189411163,1.4887638092041,1.46522557735443,1.51479935646057,1.55550050735474,1.46358096599579,1.46442568302155,1.53728377819061,1.55563735961914,1.45422387123108,1.46436989307404,1.50876235961914,1.55544757843018,1.45278072357178,1.46233487129211,1.52066576480865,1.55534780025482,1.46670401096344,1.46144413948059,1.52023470401764,1.55500876903534,1.49173307418823,1.46267056465149,1.2995
1.48416686058044,1.50836586952209,1.44942367076874,1.44911086559296,1.5046865940094,1.50844633579254,1.4703106880188,1.44932198524475,1.48162913322449,1.5085541009903,1.44054734706879,1.44866919517517,1.51412928104401,1.50867021083832,1.42519724369049,1.4486358165741,1.47348535060883,1.50850224494934,1.41097867488861,1.4469735622406,1.4875031709671,1.50839853286743,1.43532478809357,1.44636464118958,1.48272240161896,1.507941365242,1.46739447116852,1.44786703586578,1.2461
1.45002746582031,1.4500652551651,1.22031700611115,1.23174393177032,1.47428667545319,1.45012652873993,1.22593426704407,1.23136341571808,1.4480926990509,1.45022678375244,1.20621192455292,1.23191797733307,1.48470616340637,1.45032060146332,1.21342921257019,1.23170340061188,1.43900859355927,1.45017635822296,1.21201908588409,1.2320522069931,1.45406210422516,1.45007598400116,1.21833157539368,1.23207914829254,1.44709491729736,1.44953060150146,1.22567009925842,1.23321390151978,1.193
1.42582857608795,1.39755070209503,1.21046984195709,1.25388860702515,1.45514965057373,1.39757943153381,1.22045910358429,1.25382459163666,1.42402994632721,1.39766955375671,1.19933843612671,1.25351130962372,1.4700071811676,1.39773392677307,1.20081925392151,1.25324070453644,1.413822889328,1.39762389659882,1.19902634620667,1.25259292125702,1.43135297298431,1.39752805233002,1.20088851451874,1.25174379348755,1.42027378082275,1.39689540863037,1.21968817710876,1.25326979160309,1.1399
1.37488985061646,1.32971000671387,1.16539144515991,1.20423436164856,1.40825021266937,1.32968771457672,1.17718780040741,1.20391941070557,1.37343513965607,1.32976055145264,1.15632247924805,1.20389783382416,1.42706060409546,1.32977247238159,1.15420258045197,1.20376181602478,1.36225807666779,1.32972061634064,1.15192461013794,1.20284008979797,1.38211464881897,1.32963287830353,1.15103042125702,1.20256805419922,1.36703872680664,1.32881891727448,1.17752134799957,1.20287668704987,1.086
1.37474417686462,1.34431123733521,1.14193439483643,1.15385508537292,1.40771150588989,1.34431850910187,1.15392827987671,1.15353119373322,1.37375450134277,1.34439861774445,1.13355278968811,1.15371525287628,1.42339098453522,1.3444367647171,1.12681651115417,1.15348792076111,1.36245954036713,1.3443546295166,1.12115204334259,1.15361309051514,1.38095283508301,1.3442610502243,1.1256947517395,1.15354585647583,1.36767578125,1.34351599216461,1.154820561409,1.15429222583771,1.1171
1.41388058662415,1.39346945285797,1.15727198123932,1.18279874324799,1.44532179832458,1.39353001117706,1.17054271697998,1.18274617195129,1.41276586055756,1.39362585544586,1.14980208873749,1.18197405338287,1.45868873596191,1.39371836185455,1.14091515541077,1.1816942691803,1.4016295671463,1.39357578754425,1.13304281234741,1.18037462234497,1.41859912872314,1.39347219467163,1.13900089263916,1.17842078208923,1.40787637233734,1.39289903640747,1.17102158069611,1.18093454837799,1.1194
1.41313397884369,1.39585828781128,1.15888714790344,1.18199145793915,1.44241583347321,1.39592361450195,1.17355728149414,1.18171119689941,1.41180777549744,1.39602053165436,1.15222156047821,1.1818288564682,1.45569455623627,1.39611768722534,1.14465570449829,1.18149983882904,1.40111601352692,1.3959698677063,1.1401754617691,1.18110251426697,1.41774606704712,1.39586520195007,1.13974249362946,1.17986822128296,1.40779852867126,1.39530467987061,1.17489576339722,1.18207573890686,1.1035
1.40867483615875,1.3917475938797,1.18069684505463,1.18033218383789,1.43117642402649,1.3918023109436,1.19660651683807,1.1797810792923,1.40686786174774,1.39189875125885,1.17317843437195,1.18074250221252,1.44286930561066,1.39198756217957,1.16547310352325,1.18055331707001,1.39765059947968,1.39184820652008,1.16609120368958,1.18136239051819,1.41282665729523,1.39174962043762,1.16378009319305,1.18265807628632,1.40574741363525,1.39117300510406,1.19969010353088,1.18182718753815,1.0888
1.42201864719391,1.42021381855011,1.19891023635864,1.19266414642334,1.44140267372131,1.42028295993805,1.2125848531723,1.19242489337921,1.42009425163269,1.42038464546204,1.18984389305115,1.19246470928192,1.45070099830627,1.4204888343811,1.18397879600525,1.19224143028259,1.4115629196167,1.42033278942108,1.18830752372742,1.19226849079132,1.42534458637238,1.42023169994354,1.18684804439545,1.19231498241425,1.42062342166901,1.41971111297607,1.21767103672028,1.19292485713959,0.98622
1.40964221954346,1.42049169540405,1.19044101238251,1.20763218402863,1.42891383171082,1.42054867744446,1.20425391197205,1.20741426944733,1.4075540304184,1.42064595222473,1.18024468421936,1.20673763751984,1.44010162353516,1.42073750495911,1.1780047416687,1.20667290687561,1.39900255203247,1.42059504985809,1.1829571723938,1.20506119728088,1.41351902484894,1.42049646377563,1.18037939071655,1.2042601108551,1.40780580043793,1.4199275970459,1.20853292942047,1.20481395721436,1.0248
1.4109365940094,1.44083511829376,1.18815553188324,1.20651602745056,1.42888152599335,1.4409042596817,1.19942116737366,1.20620954036713,1.40870916843414,1.44100606441498,1.17706120014191,1.20623886585236,1.43998408317566,1.44111084938049,1.17716932296753,1.20603501796722,1.40042519569397,1.44095361232758,1.18280673027039,1.20569479465485,1.4147025346756,1.44085383415222,1.18057382106781,1.20520746707916,1.40952169895172,1.44033300876617,1.20475935935974,1.20649063587189,1.0624
1.42083394527435,1.45955622196198,1.21573150157928,1.23957753181458,1.43665456771851,1.45963597297668,1.22749292850494,1.23918473720551,1.41853857040405,1.45974290370941,1.20467257499695,1.23970770835876,1.44600188732147,1.45985972881317,1.20374894142151,1.23947322368622,1.41071796417236,1.45968914031982,1.20827543735504,1.2397917509079,1.42398989200592,1.45958888530731,1.20873308181763,1.24034023284912,1.42049276828766,1.45911860466003,1.2327868938446,1.24048793315887,1.0991
