small_1,small_de_2,all_3,all_de_4,small_5,small_de_6,all_7,all_de_8,small_9,small_de_10,all_11,all_de_12,small_13,small_de_14,all_15,all_de_16,small_17,small_de_18,all_19,all_de_20,small_21,small_de_22,all_23,all_de_24,small_25,small_de_26,all_27,all_de_28,original
1.11339688301086,1.67459738254547,0.974867761135101,1.66949391365051,1.35682034492493,1.41088104248047,1.12627017498016,1.18349969387054,1.35122692584991,1.30973756313324,1.12723004817963,1.17761373519897,1.34946930408478,1.39300978183746,1.08594310283661,1.18123304843903,1.34783935546875,1.30973625183105,1.11905241012573,1.30973601341248,1.3500075340271,1.30973565578461,1.11456334590912,1.30973553657532,1.35790133476257,1.41085517406464,1.14282774925232,1.18402278423309,1.1646
1.31413650512695,1.67170691490173,1.14160001277924,1.60291290283203,1.34506583213806,1.39966225624084,1.13245737552643,1.16452968120575,1.34123122692108,1.32344472408295,1.13587021827698,1.1655250787735,1.34072411060333,1.38198041915894,1.09759867191315,1.16453814506531,1.33711647987366,1.32344329357147,1.12873005867004,1.32344317436218,1.33915662765503,1.32344281673431,1.12779211997986,1.32344269752502,1.34607553482056,1.39962983131409,1.14840734004974,1.16448366641998,1.1973
1.42523801326752,1.66792643070221,1.22386515140533,1.53962409496307,1.36258506774902,1.41091442108154,1.14417564868927,1.16890287399292,1.35943758487701,1.33215689659119,1.1482070684433,1.17186486721039,1.35769963264465,1.39826083183289,1.11049151420593,1.17096889019012,1.35828542709351,1.33215403556824,1.1403716802597,1.33215391635895,1.35933220386505,1.33215343952179,1.14199757575989,1.33215343952179,1.36309504508972,1.41089165210724,1.1605943441391,1.16846561431885,1.2161
1.49004685878754,1.67280089855194,1.26468229293823,1.48990988731384,1.3774631023407,1.42847895622253,1.15919494628906,1.19348633289337,1.37555766105652,1.34420871734619,1.16352128982544,1.18868803977966,1.37272834777832,1.42501711845398,1.1258704662323,1.19285142421722,1.37776970863342,1.34420394897461,1.15545082092285,1.34420394897461,1.37758982181549,1.34420347213745,1.15896201133728,1.34420359134674,1.37735748291016,1.42847299575806,1.17568027973175,1.19335699081421,1.2358
1.51380944252014,1.67976295948029,1.28073143959045,1.44822061061859,1.3500884771347,1.43421518802643,1.15974485874176,1.18262159824371,1.34861135482788,1.36061024665833,1.16640102863312,1.18052411079407,1.34725904464722,1.42458891868591,1.13157284259796,1.18201506137848,1.34879720211029,1.36060762405396,1.16002297401428,1.36060750484467,1.34907412528992,1.36060702800751,1.16342484951019,1.3606071472168,1.35024785995483,1.43419682979584,1.174560546875,1.18272233009338,1.2552
1.51933169364929,1.68394982814789,1.2865002155304,1.40920519828796,1.325279712677,1.43506050109863,1.16631066799164,1.17534875869751,1.32396852970123,1.37905764579773,1.17502224445343,1.17401766777039,1.32377052307129,1.41818928718567,1.14346897602081,1.17396652698517,1.32253074645996,1.37905752658844,1.1693127155304,1.37905752658844,1.32319355010986,1.37905704975128,1.17512500286102,1.37905704975128,1.3256733417511,1.43502855300903,1.18106925487518,1.17596805095673,1.2747
1.52824735641479,1.69092690944672,1.28771877288818,1.37863028049469,1.33837366104126,1.45448100566864,1.1815413236618,1.18791675567627,1.33829689025879,1.39837729930878,1.18846595287323,1.18876624107361,1.3377525806427,1.44301104545593,1.15868771076202,1.18806254863739,1.33854627609253,1.39837539196014,1.18291997909546,1.39837539196014,1.33851289749146,1.39837491512299,1.18984067440033,1.39837491512299,1.33838200569153,1.45445704460144,1.19591581821442,1.18797636032104,1.2852
1.54801845550537,1.70258808135986,1.2894127368927,1.35552513599396,1.37310910224915,1.51276350021362,1.20778465270996,1.22478318214417,1.37155270576477,1.41326928138733,1.21176385879517,1.22586488723755,1.36946880817413,1.49891769886017,1.18304252624512,1.22551286220551,1.37264537811279,1.41326475143433,1.20650446414948,1.41326463222504,1.37275004386902,1.41326415538788,1.21116554737091,1.41326427459717,1.37311482429504,1.51275777816772,1.22078418731689,1.22488749027252,1.2837
1.55668950080872,1.71180748939514,1.28924345970154,1.33029806613922,1.3792576789856,1.52224063873291,1.21713721752167,1.23336672782898,1.37706089019775,1.42355990409851,1.22123599052429,1.23449289798737,1.37612199783325,1.50050711631775,1.19340658187866,1.23173129558563,1.37450695037842,1.42355418205261,1.21598172187805,1.42355382442474,1.37591087818146,1.42355346679688,1.21970784664154,1.42355358600616,1.37982726097107,1.52224063873291,1.22869038581848,1.2343772649765,1.2837
1.56908988952637,1.70330667495728,1.28203308582306,1.28846096992493,1.38608026504517,1.50938320159912,1.20581197738647,1.20351588726044,1.38397550582886,1.41545927524567,1.21146821975708,1.20466876029968,1.38418650627136,1.48412179946899,1.17915952205658,1.20125186443329,1.37884593009949,1.41545414924622,1.20404124259949,1.41545379161835,1.38110160827637,1.41545355319977,1.20859444141388,1.41545355319977,1.38695907592773,1.50938081741333,1.21982443332672,1.20433819293976,1.2821
1.56685292720795,1.67476236820221,1.27182626724243,1.23333024978638,1.36080956459045,1.44950783252716,1.195840716362,1.16410684585571,1.35974311828613,1.39534103870392,1.20339941978455,1.16281497478485,1.36105608940125,1.42528259754181,1.16928398609161,1.16166925430298,1.35437476634979,1.39533984661102,1.19510912895203,1.39533960819244,1.35643875598907,1.39533925056458,1.20117342472076,1.39533925056458,1.36161184310913,1.44951331615448,1.21226322650909,1.16466009616852,1.2772
1.55387926101685,1.6311628818512,1.2481586933136,1.17663562297821,1.36172127723694,1.38118672370911,1.1653413772583,1.12704789638519,1.36269187927246,1.36362028121948,1.1707991361618,1.1274756193161,1.36716032028198,1.3621312379837,1.13489592075348,1.12646234035492,1.35230791568756,1.36361825466156,1.16206741333008,1.36361825466156,1.35563945770264,1.3636177778244,1.1676332950592,1.3636177778244,1.36296081542969,1.38116025924683,1.1834522485733,1.12700295448303,1.2772
1.5216646194458,1.57769000530243,1.20768141746521,1.13050246238708,1.33570289611816,1.28773677349091,1.11750221252441,1.0979779958725,1.3383469581604,1.33242177963257,1.12135517597198,1.09772217273712,1.34633827209473,1.26739323139191,1.08145391941071,1.10152316093445,1.32256710529327,1.33242201805115,1.11281800270081,1.33242225646973,1.32723093032837,1.33242177963257,1.11305356025696,1.33242154121399,1.33751511573792,1.28766763210297,1.13786995410919,1.09742331504822,1.2772
1.46689784526825,1.51270365715027,1.15558445453644,1.08383667469025,1.28074789047241,1.22705888748169,1.05621135234833,1.07533514499664,1.28213274478912,1.29503583908081,1.05890440940857,1.06740260124207,1.29037284851074,1.20471358299255,1.01460945606232,1.07418823242188,1.26587557792664,1.29503786563873,1.04905676841736,1.29503786563873,1.27064657211304,1.29503738880157,1.04302453994751,1.29503726959229,1.28288006782532,1.22700667381287,1.0792943239212,1.0752946138382,1.2772
1.42707300186157,1.456946849823,1.1017735004425,1.05052351951599,1.26618552207947,1.19376516342163,1.00162744522095,1.02498435974121,1.26653385162354,1.26847124099731,1.00053930282593,1.0204861164093,1.27461862564087,1.17309463024139,0.952773869037628,1.02312755584717,1.24985265731812,1.26847350597382,0.99383145570755,1.26847350597382,1.25486516952515,1.26847314834595,0.978873729705811,1.26847290992737,1.26852583885193,1.19370698928833,1.0252697467804,1.02477216720581,1.2772
1.40032148361206,1.41322898864746,1.05895471572876,1.02961671352386,1.26891982555389,1.19881749153137,0.977988302707672,0.995193183422089,1.26694488525391,1.25059413909912,0.974275171756744,0.995970785617828,1.27257466316223,1.18352115154266,0.92248797416687,0.995230793952942,1.25322318077087,1.25059568881989,0.966997385025024,1.25059545040131,1.2576916217804,1.25059533119202,0.948136448860168,1.25059497356415,1.27112793922424,1.19877398014069,0.99916934967041,0.995664834976196,1.2756
1.38177680969238,1.38009989261627,1.03859603404999,1.02102553844452,1.2774178981781,1.20101571083069,0.986710906028748,0.997626900672913,1.27483022212982,1.24174010753632,0.982603967189789,0.995597839355469,1.279088139534,1.18959033489227,0.927754640579224,0.996665298938751,1.26327502727509,1.24174106121063,0.97487211227417,1.24174094200134,1.26718807220459,1.24174070358276,0.956987619400024,1.2417403459549,1.27939474582672,1.20097577571869,1.0085597038269,0.99787962436676,1.2659
1.36191511154175,1.35006308555603,1.03012120723724,1.01394832134247,1.27662682533264,1.19367837905884,0.994198858737946,0.981588959693909,1.27452194690704,1.23719966411591,0.991489768028259,0.984674036502838,1.27894568443298,1.18034374713898,0.937522768974304,0.982233941555023,1.26305270195007,1.23720097541809,0.98372757434845,1.2372008562088,1.26684713363647,1.23720061779022,0.968093633651733,1.23720026016235,1.27854561805725,1.19363474845886,1.01440179347992,0.981784820556641,1.2419
1.33944129943848,1.31918835639954,1.03050291538239,1.00470209121704,1.26113295555115,1.17822992801666,1.00307893753052,0.977460205554962,1.26005220413208,1.23339891433716,1.00297820568085,0.978448808193207,1.26515626907349,1.16232347488403,0.950889945030212,0.977206647396088,1.24861562252045,1.23340177536011,0.995616853237152,1.23340153694153,1.25215494632721,1.23340141773224,0.983126997947693,1.23340106010437,1.26295685768127,1.17818176746368,1.02376103401184,0.977640867233276,1.2141
1.32179439067841,1.29934132099152,1.03113913536072,1.0041971206665,1.25995576381683,1.19127488136292,1.00125980377197,0.976665556430817,1.25926494598389,1.23974764347076,1.00209903717041,0.975471198558807,1.2642902135849,1.17352473735809,0.952883720397949,0.975165963172913,1.24846875667572,1.239750623703,0.995952606201172,1.23975050449371,1.2517306804657,1.23975026607513,0.985120177268982,1.23974990844727,1.26165127754211,1.19122445583344,1.02169251441956,0.977218091487885,1.1871
1.31446695327759,1.28531503677368,1.03252172470093,1.0081799030304,1.27902746200562,1.22226691246033,1.00445163249969,0.983980536460876,1.27810943126678,1.24889922142029,1.00485944747925,0.982673406600952,1.28180265426636,1.20634150505066,0.958727598190308,0.983053505420685,1.26954591274261,1.24890100955963,1.00069546699524,1.24890077114105,1.27221667766571,1.24890065193176,0.99006199836731,1.24890029430389,1.28041577339172,1.22222256660461,1.02372980117798,0.984495282173157,1.1631
1.30411958694458,1.27760243415833,1.03375291824341,1.02022504806519,1.28984189033508,1.24952018260956,1.00814485549927,1.00737226009369,1.28867220878601,1.26363182067871,1.00836288928986,1.00556206703186,1.2924861907959,1.23130321502686,0.964146494865417,1.00592756271362,1.27911829948425,1.26363253593445,1.00514054298401,1.26363217830658,1.28219223022461,1.26363205909729,0.994099259376526,1.26363170146942,1.29138290882111,1.24947082996368,1.02566516399384,1.00810706615448,1.1506
1.29924213886261,1.26843798160553,1.03801584243774,1.02998769283295,1.30535221099854,1.28024637699127,1.01837742328644,1.03482794761658,1.30422854423523,1.27398669719696,1.0195654630661,1.03150880336761,1.30751705169678,1.26345145702362,0.977478384971619,1.03312289714813,1.29538524150848,1.27398610115051,1.01657128334045,1.27398574352264,1.29828906059265,1.27398562431335,1.00663352012634,1.27398538589478,1.30677223205566,1.28020143508911,1.03494691848755,1.03554081916809,1.1513
1.29024302959442,1.25748133659363,1.04197490215302,1.03816366195679,1.30319130420685,1.27849638462067,1.02255058288574,1.04317092895508,1.30282783508301,1.28262948989868,1.02479481697083,1.039311170578,1.30657386779785,1.26208281517029,0.981889247894287,1.04104590415955,1.29375445842743,1.28262889385223,1.0208375453949,1.28262865543365,1.29658818244934,1.28262853622437,1.01216852664948,1.28262829780579,1.30456566810608,1.27845013141632,1.03981113433838,1.04376828670502,1.1608
