small_1,small_de_2,all_3,all_de_4,small_5,small_de_6,all_7,all_de_8,small_9,small_de_10,all_11,all_de_12,small_13,small_de_14,all_15,all_de_16,small_17,small_de_18,all_19,all_de_20,small_21,small_de_22,all_23,all_de_24,small_25,small_de_26,all_27,all_de_28,original
1.35910105705261,1.33824265003204,1.17689442634583,1.13084399700165,1.35674142837524,1.33888125419617,1.16328346729279,1.12444818019867,1.36707019805908,1.27159798145294,1.28301095962524,1.29628479480743,1.35200357437134,1.3500474691391,1.25383901596069,1.1657383441925,1.4062876701355,1.26770031452179,1.22839760780334,1.2677001953125,1.34530866146088,1.2677001953125,1.25676250457764,1.26769995689392,1.3589551448822,1.33938050270081,1.17575335502625,1.12591814994812,1.254
1.35679578781128,1.35550487041473,1.1796680688858,1.14592409133911,1.35445833206177,1.35615062713623,1.17047476768494,1.13938939571381,1.36561918258667,1.28791785240173,1.28647351264954,1.31278145313263,1.35119247436523,1.36660802364349,1.25981760025024,1.18070936203003,1.40602350234985,1.28401470184326,1.23012208938599,1.28401446342468,1.34484612941742,1.28401458263397,1.26248550415039,1.2840142250061,1.35661745071411,1.35659658908844,1.17881631851196,1.14101421833038,1.2765
1.3532543182373,1.36671411991119,1.17828977108002,1.14007353782654,1.35100817680359,1.3673654794693,1.17151153087616,1.13351619243622,1.36448931694031,1.29724824428558,1.28692507743835,1.31797695159912,1.3519948720932,1.37713599205017,1.26159644126892,1.17770636081696,1.40664803981781,1.29333245754242,1.23082852363586,1.29333233833313,1.34579563140869,1.29333233833313,1.26580858230591,1.29333209991455,1.35296833515167,1.36778616905212,1.17756414413452,1.13503479957581,1.2516
1.34721028804779,1.38680124282837,1.18355238437653,1.15399897098541,1.34512078762054,1.38747048377991,1.1812037229538,1.14725065231323,1.36275351047516,1.30932950973511,1.29292321205139,1.3343790769577,1.35342144966125,1.39349579811096,1.26988673210144,1.18756592273712,1.40779745578766,1.30535745620728,1.23367238044739,1.30535733699799,1.34764301776886,1.30535733699799,1.27381420135498,1.30535709857941,1.34673726558685,1.38783752918243,1.18339025974274,1.14893066883087,1.2369
1.34929025173187,1.39883732795715,1.18902373313904,1.16641342639923,1.34712886810303,1.39950013160706,1.18805980682373,1.15958595275879,1.36288058757782,1.32525718212128,1.29730010032654,1.34955596923828,1.35120403766632,1.40702509880066,1.27579188346863,1.19968068599701,1.40652143955231,1.32131457328796,1.2355477809906,1.32131445407867,1.34572553634644,1.32131457328796,1.27888774871826,1.3213142156601,1.34894645214081,1.39985752105713,1.188312292099,1.16124045848846,1.2302
1.35357010364532,1.41729080677032,1.19660151004791,1.18553948402405,1.35139834880829,1.41797614097595,1.19899880886078,1.17890012264252,1.36556363105774,1.34280896186829,1.30344724655151,1.36788201332092,1.35448896884918,1.42420077323914,1.28351140022278,1.21771252155304,1.40770411491394,1.33885037899017,1.23803329467773,1.33885014057159,1.34723782539368,1.33885025978088,1.28532457351685,1.33884990215302,1.35323178768158,1.41824984550476,1.19620931148529,1.18062782287598,1.2176
1.3602637052536,1.42634439468384,1.20727348327637,1.21096038818359,1.35801458358765,1.42700743675232,1.21379470825195,1.20429813861847,1.36877632141113,1.36034822463989,1.31061327457428,1.38507771492004,1.35509490966797,1.43695199489594,1.29291963577271,1.24265670776367,1.40739178657532,1.35645031929016,1.24073266983032,1.35645020008087,1.34667098522186,1.35645020008087,1.29163336753845,1.35644996166229,1.36009311676025,1.42735028266907,1.20609867572784,1.20612275600433,1.208
1.36797881126404,1.43584859371185,1.21648097038269,1.23167836666107,1.36569762229919,1.43649554252625,1.22522735595703,1.22519171237946,1.37319827079773,1.37274956703186,1.31693756580353,1.39448642730713,1.36046755313873,1.44421064853668,1.30014717578888,1.2616845369339,1.40920102596283,1.36888611316681,1.24263763427734,1.36888587474823,1.34880375862122,1.36888599395752,1.2956919670105,1.36888563632965,1.36783576011658,1.43678367137909,1.2158145904541,1.22708225250244,1.1961
1.3775988817215,1.42537796497345,1.22653090953827,1.23536288738251,1.37518525123596,1.42593228816986,1.23322033882141,1.22856974601746,1.37765264511108,1.37811303138733,1.32280564308167,1.39748215675354,1.36131680011749,1.4389591217041,1.30622696876526,1.26695680618286,1.40879845619202,1.37439692020416,1.24468767642975,1.37439656257629,1.34805941581726,1.37439668178558,1.29884433746338,1.37439632415771,1.37768507003784,1.42642998695374,1.22413206100464,1.23063373565674,1.2437
1.38584017753601,1.42172479629517,1.23239409923553,1.22485661506653,1.38352429866791,1.42228019237518,1.23471581935883,1.21807432174683,1.38489353656769,1.37055826187134,1.32749593257904,1.39213919639587,1.37227118015289,1.43027937412262,1.30931210517883,1.25319993495941,1.41333734989166,1.36681830883026,1.24615967273712,1.36681795120239,1.35443258285522,1.36681807041168,1.30088782310486,1.3668178319931,1.38580226898193,1.42275035381317,1.23035931587219,1.21993565559387,1.29
1.39541804790497,1.39228498935699,1.223015666008,1.21744418144226,1.39286172389984,1.39276683330536,1.22632741928101,1.210897564888,1.38819575309753,1.35353350639343,1.31931710243225,1.35966038703918,1.37209057807922,1.40526580810547,1.30079793930054,1.24537992477417,1.41264259815216,1.3499219417572,1.24306130409241,1.34992146492004,1.35320043563843,1.34992170333862,1.29386687278748,1.34992134571075,1.39558935165405,1.39330816268921,1.22052645683289,1.21281182765961,1.3244
1.38916110992432,1.35554909706116,1.21436560153961,1.19323861598969,1.38649916648865,1.35598540306091,1.21141028404236,1.18676376342773,1.38229155540466,1.3244104385376,1.31100082397461,1.32717370986938,1.36317920684814,1.3706202507019,1.28942179679871,1.22256124019623,1.40894532203674,1.32086133956909,1.23957228660583,1.32086074352264,1.34796524047852,1.32086098194122,1.28436040878296,1.32086062431335,1.38943433761597,1.35669791698456,1.21167039871216,1.18846499919891,1.2432
1.3819272518158,1.33330309391022,1.2055196762085,1.18217694759369,1.37940239906311,1.33378291130066,1.20273017883301,1.17580020427704,1.37930464744568,1.29639995098114,1.30464386940002,1.30109858512878,1.36339116096497,1.34376168251038,1.28147101402283,1.20984721183777,1.40957713127136,1.29277229309082,1.23711681365967,1.29277181625366,1.3489511013031,1.29277193546295,1.27801275253296,1.29277169704437,1.38201403617859,1.33452415466309,1.20455551147461,1.17673850059509,1.1951
1.37935853004456,1.3142101764679,1.19826626777649,1.18268465995789,1.37693500518799,1.31478488445282,1.20082950592041,1.17658042907715,1.37932419776917,1.26314496994019,1.30017423629761,1.27794945240021,1.36700022220612,1.31758904457092,1.27807915210724,1.20685470104218,1.41156005859375,1.2593629360199,1.23511219024658,1.25936245918274,1.35185861587524,1.25936269760132,1.27482056617737,1.25936245918274,1.37925553321838,1.31541323661804,1.19899713993073,1.17727482318878,1.1441
1.37564730644226,1.28957629203796,1.19233214855194,1.17425167560577,1.3731290102005,1.29020476341248,1.20046150684357,1.1684136390686,1.37555885314941,1.23519337177277,1.29646515846252,1.25876200199127,1.36284041404724,1.29232347011566,1.27636504173279,1.19652140140533,1.40998554229736,1.23135578632355,1.23379707336426,1.23135542869568,1.34951305389404,1.23135554790497,1.27414667606354,1.23135542869568,1.3755384683609,1.29074311256409,1.19366002082825,1.16941404342651,1.0954
1.38153648376465,1.26313555240631,1.18621754646301,1.15820050239563,1.37881815433502,1.26378226280212,1.19703817367554,1.15231895446777,1.37645435333252,1.21800065040588,1.29103302955627,1.24564242362976,1.35851073265076,1.27250480651855,1.27148878574371,1.18578362464905,1.4074535369873,1.21418857574463,1.23209822177887,1.21418833732605,1.34573793411255,1.21418845653534,1.2712938785553,1.21418821811676,1.38170909881592,1.2644374370575,1.1869078874588,1.15323579311371,1.0694
1.39082646369934,1.24586546421051,1.17954981327057,1.14506280422211,1.387850522995,1.24651849269867,1.18642044067383,1.13931715488434,1.37877750396729,1.21070051193237,1.28373408317566,1.23867213726044,1.35551297664642,1.26228022575378,1.26121306419373,1.17549633979797,1.40528094768524,1.2069411277771,1.22931957244873,1.20694077014923,1.34227180480957,1.20694088935852,1.26308369636536,1.20694065093994,1.39131236076355,1.24719393253326,1.17952871322632,1.14021646976471,1.0365
1.38603544235229,1.25133550167084,1.1687263250351,1.1246565580368,1.38317811489105,1.2520147562027,1.16944801807404,1.11881494522095,1.37723803520203,1.20655286312103,1.27480816841125,1.22558104991913,1.35711359977722,1.26408851146698,1.24799311161041,1.15270698070526,1.40639400482178,1.20272958278656,1.22570323944092,1.20272934436798,1.34390294551849,1.20272946357727,1.25199604034424,1.20272922515869,1.38635075092316,1.25256967544556,1.16892719268799,1.12037360668182,1.0293
1.39621758460999,1.23890769481659,1.16129040718079,1.11548864841461,1.39307153224945,1.23956429958344,1.15842890739441,1.10969543457031,1.38019800186157,1.20297646522522,1.26675391197205,1.21427869796753,1.35487008094788,1.25858199596405,1.23839569091797,1.15117788314819,1.40467071533203,1.19923746585846,1.22201228141785,1.19923722743988,1.34121823310852,1.19923734664917,1.24217450618744,1.19923710823059,1.39682459831238,1.24004554748535,1.16012215614319,1.11136865615845,1.0243
1.40086627006531,1.24406039714813,1.16362345218658,1.10197269916534,1.39758598804474,1.24473118782043,1.15041494369507,1.09648859500885,1.38163709640503,1.20842921733856,1.26716768741608,1.22133708000183,1.35517382621765,1.26481139659882,1.23495638370514,1.13836920261383,1.40455842018127,1.20470070838928,1.22169649600983,1.2047004699707,1.34088492393494,1.20470058917999,1.23881316184998,1.20470035076141,1.40154814720154,1.24504899978638,1.16182279586792,1.0981273651123,1.0313
1.40450608730316,1.24652528762817,1.16342163085938,1.08763682842255,1.40114486217499,1.24718689918518,1.14099955558777,1.0818954706192,1.38279139995575,1.21579945087433,1.26582717895508,1.22344017028809,1.35466957092285,1.27026224136353,1.23014521598816,1.12292897701263,1.40400266647339,1.21211171150208,1.22123599052429,1.2121114730835,1.33993434906006,1.21211171150208,1.23479104042053,1.2121114730835,1.40529346466064,1.24747943878174,1.15990567207336,1.08366966247559,1.0364
1.41074502468109,1.25994789600372,1.16439175605774,1.09856498241425,1.40721619129181,1.26061308383942,1.13521564006805,1.09281587600708,1.38483059406281,1.23095619678497,1.26471292972565,1.23523592948914,1.3546861410141,1.28570401668549,1.22644639015198,1.13448417186737,1.40363502502441,1.22728955745697,1.22017633914948,1.22728931903839,1.33922302722931,1.22728955745697,1.23011076450348,1.22728931903839,1.41165685653687,1.26080214977264,1.16007924079895,1.09442377090454,1.0373
1.41951429843903,1.26776969432831,1.16527712345123,1.10487353801727,1.41574275493622,1.26842629909515,1.12991154193878,1.0991348028183,1.38754391670227,1.24189567565918,1.26343655586243,1.24491250514984,1.35387861728668,1.29758107662201,1.22276222705841,1.14022850990295,1.40270972251892,1.23827171325684,1.21940183639526,1.23827147483826,1.33766579627991,1.23827171325684,1.22610569000244,1.23827147483826,1.42063236236572,1.26850473880768,1.15978360176086,1.10099411010742,1.0341
1.42227649688721,1.27711653709412,1.16446912288666,1.10657286643982,1.41840672492981,1.27776670455933,1.12393152713776,1.10082697868347,1.38832342624664,1.25165450572968,1.26137161254883,1.25046813488007,1.3535144329071,1.30891811847687,1.21832585334778,1.14336478710175,1.40245223045349,1.24804675579071,1.21819972991943,1.24804639816284,1.33729219436646,1.24804675579071,1.22150850296021,1.24804651737213,1.4234504699707,1.27779686450958,1.1584804058075,1.10251212120056,1.0275
