original,trained_s_1,trained_s_2,trained_s_3,trained_b_1,trained_b_2,trained_b_3
0.35121,0.35121,0.35121,0.35121,0.35121,0.35121,0.35121
0.33512,0.33512,0.33512,0.33512,0.33512,0.33512,0.33512
0.33244,0.33244,0.33244,0.33244,0.33244,0.33244,0.33244
0.32976,0.32976,0.32976,0.32976,0.32976,0.32976,0.32976
0.32172,0.32172,0.32172,0.32172,0.32172,0.32172,0.32172
0.31099,0.31099,0.31099,0.31099,0.31099,0.31099,0.31099
0.30831,0.30831,0.30831,0.30831,0.30831,0.30831,0.30831
0.31903,0.31903,0.31903,0.31903,0.31903,0.31903,0.31903
0.34048,0.34048,0.34048,0.34048,0.34048,0.34048,0.34048
0.35389,0.35389,0.35389,0.35389,0.35389,0.35389,0.35389
0.35121,0.35121,0.35121,0.35121,0.35121,0.35121,0.35121
0.34316,0.34316,0.34316,0.34316,0.34316,0.34316,0.34316
0.33512,0.33512,0.33512,0.33512,0.33512,0.33512,0.33512
0.33512,0.33512,0.33512,0.33512,0.33512,0.33512,0.33512
0.33512,0.33512,0.33512,0.33512,0.33512,0.33512,0.33512
0.33244,0.33244,0.33244,0.33244,0.33244,0.33244,0.33244
0.3244,0.3244,0.3244,0.3244,0.3244,0.3244,0.3244
0.31635,0.31635,0.31635,0.31635,0.31635,0.31635,0.31635
0.29759,0.29759,0.29759,0.29759,0.29759,0.29759,0.29759
0.30027,0.30027,0.30027,0.30027,0.30027,0.30027,0.30027
0.27078,0.27078,0.27078,0.27078,0.27078,0.27078,0.27078
0.24933,0.24933,0.24933,0.24933,0.24933,0.24933,0.24933
0.24933,0.24933,0.24933,0.24933,0.24933,0.24933,0.24933
0.25201,0.25201,0.25201,0.25201,0.25201,0.25201,0.25201
0.21716,0.21716,0.21716,0.21716,0.21716,0.21716,0.21716
0.23861,0.23861,0.23861,0.23861,0.23861,0.23861,0.23861
0.2681,0.2681,0.2681,0.2681,0.2681,0.2681,0.2681
0.24665,0.24665,0.24665,0.24665,0.24665,0.24665,0.24665
0.30563,0.30563,0.30563,0.30563,0.30563,0.30563,0.30563
0.34316,0.34316,0.34316,0.34316,0.34316,0.34316,0.34316
0.33512,0.33512,0.33512,0.33512,0.33512,0.33512,0.33512
0.32172,0.32172,0.32172,0.32172,0.32172,0.32172,0.32172
0.3244,0.3244,0.3244,0.3244,0.3244,0.3244,0.3244
0.29223,0.29223,0.29223,0.29223,0.29223,0.29223,0.29223
0.32976,0.32976,0.32976,0.32976,0.32976,0.32976,0.32976
0.34316,0.34316,0.34316,0.34316,0.34316,0.34316,0.34316
0.37802,0.37802,0.37802,0.37802,0.37802,0.37802,0.37802
0.35657,0.35657,0.35657,0.35657,0.35657,0.35657,0.35657
0.27614,0.27614,0.27614,0.27614,0.27614,0.27614,0.27614
0.27614,0.27614,0.27614,0.27614,0.27614,0.27614,0.27614
0.26273,0.26273,0.26273,0.26273,0.26273,0.26273,0.26273
0.25201,0.25201,0.25201,0.25201,0.25201,0.25201,0.25201
0.24129,0.24129,0.24129,0.24129,0.24129,0.24129,0.24129
0.23056,0.23056,0.23056,0.23056,0.23056,0.23056,0.23056
0.23324,0.23324,0.23324,0.23324,0.23324,0.23324,0.23324
0.22788,0.22788,0.22788,0.22788,0.22788,0.22788,0.22788
0.22788,0.22788,0.22788,0.22788,0.22788,0.22788,0.22788
0.23056,0.23056,0.23056,0.23056,0.23056,0.23056,0.23056
0.22788,0.22788,0.22788,0.22788,0.22788,0.22788,0.22788
0.21984,0.21984,0.21984,0.21984,0.21984,0.21984,0.21984
0.21984,0.21984,0.21984,0.21984,0.21984,0.21984,0.21984
0.21716,0.21716,0.21716,0.21716,0.21716,0.21716,0.21716
0.20912,0.20912,0.20912,0.20912,0.20912,0.20912,0.20912
0.22252,0.22252,0.22252,0.22252,0.22252,0.22252,0.22252
0.25737,0.25737,0.25737,0.25737,0.25737,0.25737,0.25737
0.22252,0.22252,0.22252,0.22252,0.22252,0.22252,0.22252
0.25201,0.25201,0.25201,0.25201,0.25201,0.25201,0.25201
0.21716,0.21716,0.21716,0.21716,0.21716,0.21716,0.21716
0.25201,0.25201,0.25201,0.25201,0.25201,0.25201,0.25201
0.29491,0.29491,0.29491,0.29491,0.29491,0.29491,0.29491
0.31635,0.31635,0.31635,0.31635,0.31635,0.31635,0.31635
0.31635,0.31635,0.31635,0.31635,0.31635,0.31635,0.31635
0.29223,0.29223,0.29223,0.29223,0.29223,0.29223,0.29223
0.27882,0.27882,0.27882,0.27882,0.27882,0.27882,0.27882
0.27614,0.27614,0.27614,0.27614,0.27614,0.27614,0.27614
0.2815,0.2815,0.2815,0.2815,0.2815,0.2815,0.2815
0.27882,0.27882,0.27882,0.27882,0.27882,0.27882,0.27882
0.27346,0.27346,0.27346,0.27346,0.27346,0.27346,0.27346
0.27614,0.27614,0.27614,0.27614,0.27614,0.27614,0.27614
0.27078,0.27078,0.27078,0.27078,0.27078,0.27078,0.27078
0.26273,0.26273,0.26273,0.26273,0.26273,0.26273,0.26273
0.25737,0.25737,0.25737,0.25737,0.25737,0.25737,0.25737
0.25201,0.25201,0.25201,0.25201,0.25201,0.25201,0.25201
0.23861,0.23861,0.23861,0.23861,0.23861,0.23861,0.23861
0.23056,0.23056,0.23056,0.23056,0.23056,0.23056,0.23056
0.23056,0.23056,0.23056,0.23056,0.23056,0.23056,0.23056
0.22788,0.22788,0.22788,0.22788,0.22788,0.22788,0.22788
0.22788,0.22788,0.22788,0.22788,0.22788,0.22788,0.22788
0.22788,0.22788,0.22788,0.22788,0.22788,0.22788,0.22788
0.2252,0.2252,0.2252,0.2252,0.2252,0.2252,0.2252
0.23324,0.23324,0.23324,0.23324,0.23324,0.23324,0.23324
0.25469,0.25469,0.25469,0.25469,0.25469,0.25469,0.25469
0.27346,0.27346,0.27346,0.27346,0.27346,0.27346,0.27346
0.27882,0.27882,0.27882,0.27882,0.27882,0.27882,0.27882
0.27614,0.27614,0.27614,0.27614,0.27614,0.27614,0.27614
0.27882,0.27882,0.27882,0.27882,0.27882,0.27882,0.27882
0.30027,0.30027,0.30027,0.30027,0.30027,0.30027,0.30027
0.30027,0.30027,0.30027,0.30027,0.30027,0.30027,0.30027
0.30027,0.30027,0.30027,0.30027,0.30027,0.30027,0.30027
0.30027,0.30027,0.30027,0.30027,0.30027,0.30027,0.30027
0.30831,0.30831,0.30831,0.30831,0.30831,0.30831,0.30831
0.29759,0.29759,0.29759,0.29759,0.29759,0.29759,0.29759
0.29491,0.29491,0.29491,0.29491,0.29491,0.29491,0.29491
0.28954,0.28954,0.28954,0.28954,0.28954,0.28954,0.28954
0.2815,0.2815,0.2815,0.2815,0.2815,0.2815,0.2815
0.28418,0.28418,0.28418,0.28418,0.28418,0.28418,0.28418
0.28418,0.28418,0.28418,0.28418,0.28418,0.28418,0.28418
0.2681,0.2681,0.2681,0.2681,0.2681,0.2681,0.2681
0.25201,0.25201,0.25201,0.25201,0.25201,0.25201,0.25201
0.25469,0.25469,0.25469,0.25469,0.25469,0.25469,0.25469
0.25201,0.25201,0.25201,0.25201,0.25201,0.25201,0.25201
0.24397,0.24397,0.24397,0.24397,0.24397,0.24397,0.24397
0.25737,0.25737,0.25737,0.25737,0.25737,0.25737,0.25737
0.27614,0.27614,0.27614,0.27614,0.27614,0.27614,0.27614
0.27882,0.27882,0.27882,0.27882,0.27882,0.27882,0.27882
0.2815,0.2815,0.2815,0.2815,0.2815,0.2815,0.2815
0.29759,0.29759,0.29759,0.29759,0.29759,0.29759,0.29759
0.28954,0.28954,0.28954,0.28954,0.28954,0.28954,0.28954
0.27078,0.27078,0.27078,0.27078,0.27078,0.27078,0.27078
0.28418,0.28418,0.28418,0.28418,0.28418,0.28418,0.28418
0.29223,0.29223,0.29223,0.29223,0.29223,0.29223,0.29223
0.30831,0.30831,0.30831,0.30831,0.30831,0.30831,0.30831
0.29491,0.29491,0.29491,0.29491,0.29491,0.29491,0.29491
0.2815,0.2815,0.2815,0.2815,0.2815,0.2815,0.2815
0.28418,0.28418,0.28418,0.28418,0.28418,0.28418,0.28418
0.26273,0.26273,0.26273,0.26273,0.26273,0.26273,0.26273
0.25469,0.25469,0.25469,0.25469,0.25469,0.25469,0.25469
0.25737,0.25737,0.25737,0.25737,0.25737,0.25737,0.25737
0.26005,0.26005,0.26005,0.26005,0.26005,0.26005,0.26005
0.25201,0.25201,0.25201,0.25201,0.25201,0.25201,0.25201
0.26273,0.26273,0.26273,0.26273,0.26273,0.26273,0.26273
0.24933,0.24933,0.24933,0.24933,0.24933,0.24933,0.24933
0.23592,0.23592,0.23592,0.23592,0.23592,0.23592,0.23592
0.21984,0.21984,0.21984,0.21984,0.21984,0.21984,0.21984
0.20375,0.20375,0.20375,0.20375,0.20375,0.20375,0.20375
0.19035,0.19035,0.19035,0.19035,0.19035,0.19035,0.19035
0.21448,0.21448,0.21448,0.21448,0.21448,0.21448,0.21448
0.24665,0.24665,0.24665,0.24665,0.24665,0.24665,0.24665
0.27882,0.27882,0.27882,0.27882,0.27882,0.27882,0.27882
0.32172,0.32172,0.32172,0.32172,0.32172,0.32172,0.32172
0.34048,0.34048,0.34048,0.34048,0.34048,0.34048,0.34048
0.35925,0.35925,0.35925,0.35925,0.35925,0.35925,0.35925
0.3807,0.3807,0.3807,0.3807,0.3807,0.3807,0.3807
0.39142,0.39142,0.39142,0.39142,0.39142,0.39142,0.39142
0.40214,0.40214,0.40214,0.40214,0.40214,0.40214,0.40214
0.39946,0.39946,0.39946,0.39946,0.39946,0.39946,0.39946
0.35389,0.35389,0.35389,0.35389,0.35389,0.35389,0.35389
0.30831,0.30831,0.30831,0.30831,0.30831,0.30831,0.30831
0.31099,0.31099,0.31099,0.31099,0.31099,0.31099,0.31099
0.29491,0.29491,0.29491,0.29491,0.29491,0.29491,0.29491
0.29223,0.29223,0.29223,0.29223,0.29223,0.29223,0.29223
0.29491,0.29491,0.29491,0.29491,0.29491,0.29491,0.29491
0.28954,0.28954,0.28954,0.28954,0.28954,0.28954,0.28954
0.26542,0.26542,0.26542,0.26542,0.26542,0.26542,0.26542
0.24129,0.24129,0.24129,0.24129,0.24129,0.24129,0.24129
0.22788,0.22788,0.22788,0.22788,0.22788,0.22788,0.22788
0.2252,0.2252,0.2252,0.2252,0.2252,0.2252,0.2252
0.20912,0.20912,0.20912,0.20912,0.20912,0.20912,0.20912
0.19571,0.19571,0.19571,0.19571,0.19571,0.19571,0.19571
0.19571,0.19571,0.19571,0.19571,0.19571,0.19571,0.19571
0.18767,0.18767,0.18767,0.18767,0.18767,0.18767,0.18767
0.19035,0.19035,0.19035,0.19035,0.19035,0.19035,0.19035
0.23324,0.23324,0.23324,0.23324,0.23324,0.23324,0.23324
0.30295,0.30295,0.30295,0.30295,0.30295,0.30295,0.30295
0.3378,0.3378,0.3378,0.3378,0.3378,0.3378,0.3378
0.35121,0.35121,0.35121,0.35121,0.35121,0.35121,0.35121
0.36729,0.36729,0.36729,0.36729,0.36729,0.36729,0.36729
0.3807,0.3807,0.3807,0.3807,0.3807,0.3807,0.3807
0.38338,0.38338,0.38338,0.38338,0.38338,0.38338,0.38338
0.3807,0.3807,0.3807,0.3807,0.3807,0.3807,0.3807
0.36729,0.36729,0.36729,0.36729,0.36729,0.36729,0.36729
0.34584,0.34584,0.34584,0.34584,0.34584,0.34584,0.34584
0.31367,0.31367,0.31367,0.31367,0.31367,0.31367,0.31367
0.28418,0.28418,0.28418,0.28418,0.28418,0.28418,0.28418
0.24933,0.24933,0.24933,0.24933,0.24933,0.24933,0.24933
0.21448,0.21448,0.21448,0.21448,0.21448,0.21448,0.21448
0.20912,0.20912,0.20912,0.20912,0.20912,0.20912,0.20912
0.19839,0.19839,0.19839,0.19839,0.19839,0.19839,0.19839
0.19035,0.19035,0.19035,0.19035,0.19035,0.19035,0.19035
0.18231,0.18231,0.18231,0.18231,0.18231,0.18231,0.18231
0.17426,0.17426,0.17426,0.17426,0.17426,0.17426,0.17426
0.17158,0.17158,0.17158,0.17158,0.17158,0.17158,0.17158
0.16622,0.16622,0.16622,0.16622,0.16622,0.16622,0.16622
0.16086,0.16086,0.16086,0.16086,0.16086,0.16086,0.16086
0.16086,0.16086,0.16086,0.16086,0.16086,0.16086,0.16086
0.17694,0.17694,0.17694,0.17694,0.17694,0.17694,0.17694
0.20107,0.20107,0.20107,0.20107,0.20107,0.20107,0.20107
0.24397,0.24397,0.24397,0.24397,0.24397,0.24397,0.24397
0.29759,0.29759,0.29759,0.29759,0.29759,0.29759,0.29759
0.32708,0.32708,0.32708,0.32708,0.32708,0.32708,0.32708
0.35389,0.35389,0.35389,0.35389,0.35389,0.35389,0.35389
0.36461,0.36461,0.36461,0.36461,0.36461,0.36461,0.36461
0.37265,0.37265,0.37265,0.37265,0.37265,0.37265,0.37265
0.36729,0.36729,0.36729,0.36729,0.36729,0.36729,0.36729
0.35121,0.35121,0.35121,0.35121,0.35121,0.35121,0.35121
0.3378,0.3378,0.3378,0.3378,0.3378,0.3378,0.3378
0.30295,0.30295,0.30295,0.30295,0.30295,0.30295,0.30295
0.28686,0.28686,0.28686,0.28686,0.28686,0.28686,0.28686
0.2815,0.2815,0.2815,0.2815,0.2815,0.2815,0.2815
0.2815,0.2815,0.2815,0.2815,0.2815,0.2815,0.2815
0.26542,0.26542,0.26542,0.26542,0.26542,0.26542,0.26542
0.31635,0.31635,0.31635,0.31635,0.31635,0.31635,0.31635
0.37265,0.37265,0.37265,0.37265,0.37265,0.37265,0.37265
0.36997,0.36997,0.36997,0.36997,0.36997,0.36997,0.36997
0.36729,0.36729,0.36729,0.36729,0.36729,0.36729,0.36729
0.35657,0.35657,0.35657,0.35657,0.35657,0.35657,0.35657
0.35925,0.35925,0.35925,0.35925,0.35925,0.35925,0.35925
0.35389,0.35389,0.35389,0.35389,0.35389,0.35389,0.35389
0.34853,0.34853,0.34853,0.34853,0.34853,0.34853,0.34853
0.36193,0.36193,0.36193,0.36193,0.36193,0.36193,0.36193
0.38338,0.38338,0.38338,0.38338,0.38338,0.38338,0.38338
0.38338,0.38338,0.38338,0.38338,0.38338,0.38338,0.38338
0.3807,0.3807,0.3807,0.3807,0.3807,0.3807,0.3807
0.37534,0.37534,0.37534,0.37534,0.37534,0.37534,0.37534
0.39142,0.39142,0.39142,0.39142,0.39142,0.39142,0.39142
0.42895,0.42895,0.42895,0.42895,0.42895,0.42895,0.42895
0.3941,0.3941,0.3941,0.3941,0.3941,0.3941,0.3941
0.39142,0.39142,0.39142,0.39142,0.39142,0.39142,0.39142
0.3941,0.3941,0.3941,0.3941,0.3941,0.3941,0.3941
0.40214,0.40214,0.40214,0.40214,0.40214,0.40214,0.40214
0.39678,0.39678,0.39678,0.39678,0.39678,0.39678,0.39678
0.44236,0.44236,0.44236,0.44236,0.44236,0.44236,0.44236
0.4504,0.4504,0.4504,0.4504,0.4504,0.4504,0.4504
0.437,0.437,0.437,0.437,0.437,0.437,0.437
0.30295,0.30295,0.30295,0.30295,0.30295,0.30295,0.30295
0.27346,0.27346,0.27346,0.27346,0.27346,0.27346,0.27346
0.25201,0.25201,0.25201,0.25201,0.25201,0.25201,0.25201
0.25201,0.25201,0.25201,0.25201,0.25201,0.25201,0.25201
0.25469,0.25469,0.25469,0.25469,0.25469,0.25469,0.25469
0.25201,0.25201,0.25201,0.25201,0.25201,0.25201,0.25201
0.25469,0.25469,0.25469,0.25469,0.25469,0.25469,0.25469
0.25737,0.25737,0.25737,0.25737,0.25737,0.25737,0.25737
0.25737,0.25737,0.25737,0.25737,0.25737,0.25737,0.25737
0.26005,0.26005,0.26005,0.26005,0.26005,0.26005,0.26005
0.27882,0.27882,0.27882,0.27882,0.27882,0.27882,0.27882
0.29759,0.29759,0.29759,0.29759,0.29759,0.29759,0.29759
0.32708,0.32708,0.32708,0.32708,0.32708,0.32708,0.32708
0.36461,0.36461,0.36461,0.36461,0.36461,0.36461,0.36461
0.38338,0.38338,0.38338,0.38338,0.38338,0.38338,0.38338
0.37265,0.37265,0.37265,0.37265,0.37265,0.37265,0.37265
0.36461,0.36461,0.36461,0.36461,0.36461,0.36461,0.36461
0.36729,0.36729,0.36729,0.36729,0.36729,0.36729,0.36729
0.35389,0.35389,0.35389,0.35389,0.35389,0.35389,0.35389
0.34048,0.34048,0.34048,0.34048,0.34048,0.34048,0.34048
0.31635,0.31635,0.31635,0.31635,0.31635,0.31635,0.31635
0.30295,0.30295,0.30295,0.30295,0.30295,0.30295,0.30295
0.30563,0.30563,0.30563,0.30563,0.30563,0.30563,0.30563
0.29491,0.29491,0.29491,0.29491,0.29491,0.29491,0.29491
0.30563,0.30563,0.30563,0.30563,0.30563,0.30563,0.30563
0.30295,0.30295,0.30295,0.30295,0.30295,0.30295,0.30295
0.28418,0.28418,0.28418,0.28418,0.28418,0.28418,0.28418
0.27346,0.27346,0.27346,0.27346,0.27346,0.27346,0.27346
0.26273,0.26273,0.26273,0.26273,0.26273,0.26273,0.26273
0.24933,0.24933,0.24933,0.24933,0.24933,0.24933,0.24933
0.21448,0.21448,0.21448,0.21448,0.21448,0.21448,0.21448
0.2118,0.2118,0.2118,0.2118,0.2118,0.2118,0.2118
0.22788,0.22788,0.22788,0.22788,0.22788,0.22788,0.22788
0.25469,0.25469,0.25469,0.25469,0.25469,0.25469,0.25469
0.33244,0.33244,0.33244,0.33244,0.33244,0.33244,0.33244
0.34853,0.34853,0.34853,0.34853,0.34853,0.34853,0.34853
0.3807,0.3807,0.3807,0.3807,0.3807,0.3807,0.3807
0.4933,0.4933,0.4933,0.4933,0.4933,0.4933,0.4933
0.4933,0.4933,0.4933,0.4933,0.4933,0.4933,0.4933
0.4933,0.4933,0.4933,0.4933,0.4933,0.4933,0.4933
0.47989,0.47989,0.47989,0.47989,0.47989,0.47989,0.47989
0.45308,0.45308,0.45308,0.45308,0.45308,0.45308,0.45308
0.45308,0.45308,0.45308,0.45308,0.45308,0.45308,0.45308
0.44504,0.44504,0.44504,0.44504,0.44504,0.44504,0.44504
0.44236,0.44236,0.44236,0.44236,0.44236,0.44236,0.44236
0.43432,0.43432,0.43432,0.43432,0.43432,0.43432,0.43432
0.41823,0.41823,0.41823,0.41823,0.41823,0.41823,0.41823
0.43432,0.43432,0.43432,0.43432,0.43432,0.43432,0.43432
0.44772,0.44772,0.44772,0.44772,0.44772,0.44772,0.44772
0.437,0.437,0.437,0.437,0.437,0.437,0.437
0.34048,0.34048,0.34048,0.34048,0.34048,0.34048,0.34048
0.34048,0.34048,0.34048,0.34048,0.34048,0.34048,0.34048
0.31099,0.31099,0.31099,0.31099,0.31099,0.31099,0.31099
0.30295,0.30295,0.30295,0.30295,0.30295,0.30295,0.30295
0.27614,0.27614,0.27614,0.27614,0.27614,0.27614,0.27614
0.27614,0.27614,0.27614,0.27614,0.27614,0.27614,0.27614
0.28954,0.28954,0.28954,0.28954,0.28954,0.28954,0.28954
0.30027,0.30027,0.30027,0.30027,0.30027,0.30027,0.30027
0.3378,0.3378,0.3378,0.3378,0.3378,0.3378,0.3378
0.38606,0.38606,0.38606,0.38606,0.38606,0.38606,0.38606
0.40214,0.40214,0.40214,0.40214,0.40214,0.40214,0.40214
0.42091,0.42091,0.42091,0.42091,0.42091,0.42091,0.42091
0.42627,0.42627,0.42627,0.42627,0.42627,0.42627,0.42627
0.42627,0.42627,0.42627,0.42627,0.42627,0.42627,0.42627
0.42627,0.42627,0.42627,0.42627,0.42627,0.42627,0.42627
0.41555,0.41555,0.41555,0.41555,0.41555,0.41555,0.41555
0.38874,0.38874,0.38874,0.38874,0.38874,0.38874,0.38874
0.36193,0.36193,0.36193,0.36193,0.36193,0.36193,0.36193
0.33512,0.33512,0.33512,0.33512,0.33512,0.33512,0.33512
0.30027,0.30027,0.30027,0.30027,0.30027,0.30027,0.30027
0.28418,0.28418,0.28418,0.28418,0.28418,0.28418,0.28418
0.28418,0.28418,0.28418,0.28418,0.28418,0.28418,0.28418
0.28418,0.28418,0.28418,0.28418,0.28418,0.28418,0.28418
0.28954,0.28954,0.28954,0.28954,0.28954,0.28954,0.28954
0.28418,0.28418,0.28418,0.28418,0.28418,0.28418,0.28418
0.2815,0.2815,0.2815,0.2815,0.2815,0.2815,0.2815
0.25469,0.25469,0.25469,0.25469,0.25469,0.25469,0.25469
0.21984,0.21984,0.21984,0.21984,0.21984,0.21984,0.21984
0.18767,0.18767,0.18767,0.18767,0.18767,0.18767,0.18767
0.20375,0.20375,0.20375,0.20375,0.20375,0.20375,0.20375
0.18499,0.18499,0.18499,0.18499,0.18499,0.18499,0.18499
0.19839,0.19839,0.19839,0.19839,0.19839,0.19839,0.19839
0.25469,0.25469,0.25469,0.25469,0.25469,0.25469,0.25469
0.29223,0.29223,0.29223,0.29223,0.29223,0.29223,0.29223
0.31099,0.31099,0.31099,0.31099,0.31099,0.31099,0.31099
0.33512,0.33512,0.33512,0.33512,0.33512,0.33512,0.33512
0.35389,0.35389,0.35389,0.35389,0.35389,0.35389,0.35389
0.36729,0.36729,0.36729,0.36729,0.36729,0.36729,0.36729
0.35925,0.35925,0.35925,0.35925,0.35925,0.35925,0.35925
0.35389,0.35389,0.35389,0.35389,0.35389,0.35389,0.35389
0.33512,0.33512,0.33512,0.33512,0.33512,0.33512,0.33512
0.31367,0.31367,0.31367,0.31367,0.31367,0.31367,0.31367
0.28418,0.28418,0.28418,0.28418,0.28418,0.28418,0.28418
0.25201,0.25201,0.25201,0.25201,0.25201,0.25201,0.25201
0.23592,0.23592,0.23592,0.23592,0.23592,0.23592,0.23592
0.22252,0.22252,0.22252,0.22252,0.22252,0.22252,0.22252
0.21448,0.21448,0.21448,0.21448,0.21448,0.21448,0.21448
0.23592,0.23592,0.23592,0.23592,0.23592,0.23592,0.23592
0.25469,0.25469,0.25469,0.25469,0.25469,0.25469,0.25469
0.24129,0.24129,0.24129,0.24129,0.24129,0.24129,0.24129
0.21984,0.21984,0.21984,0.21984,0.21984,0.21984,0.21984
0.2118,0.2118,0.2118,0.2118,0.2118,0.2118,0.2118
0.18767,0.18767,0.18767,0.18767,0.18767,0.18767,0.18767
0.19303,0.19303,0.19303,0.19303,0.19303,0.19303,0.19303
0.20107,0.20107,0.20107,0.20107,0.20107,0.20107,0.20107
0.20375,0.20375,0.20375,0.20375,0.20375,0.20375,0.20375
0.23056,0.23056,0.23056,0.23056,0.23056,0.23056,0.23056
0.25201,0.25201,0.25201,0.25201,0.25201,0.25201,0.25201
0.30295,0.30295,0.30295,0.30295,0.30295,0.30295,0.30295
0.31099,0.31099,0.31099,0.31099,0.31099,0.31099,0.31099
0.31367,0.31367,0.31367,0.31367,0.31367,0.31367,0.31367
0.31099,0.31099,0.31099,0.31099,0.31099,0.31099,0.31099
0.30831,0.30831,0.30831,0.30831,0.30831,0.30831,0.30831
0.30295,0.30295,0.30295,0.30295,0.30295,0.30295,0.30295
0.28954,0.28954,0.28954,0.28954,0.28954,0.28954,0.28954
0.27882,0.27882,0.27882,0.27882,0.27882,0.27882,0.27882
0.2681,0.2681,0.2681,0.2681,0.2681,0.2681,0.2681
0.25469,0.25469,0.25469,0.25469,0.25469,0.25469,0.25469
0.24933,0.24933,0.24933,0.24933,0.24933,0.24933,0.24933
0.24397,0.24397,0.24397,0.24397,0.24397,0.24397,0.24397
0.22788,0.22788,0.22788,0.22788,0.22788,0.22788,0.22788
0.19839,0.19839,0.19839,0.19839,0.19839,0.19839,0.19839
0.18499,0.18499,0.18499,0.18499,0.18499,0.18499,0.18499
0.17962,0.17962,0.17962,0.17962,0.17962,0.17962,0.17962
0.18231,0.18231,0.18231,0.18231,0.18231,0.18231,0.18231
0.17694,0.17694,0.17694,0.17694,0.17694,0.17694,0.17694
0.16086,0.16086,0.16086,0.16086,0.16086,0.16086,0.16086
0.15282,0.15282,0.15282,0.15282,0.15282,0.15282,0.15282
0.15013,0.15013,0.15013,0.15013,0.15013,0.15013,0.15013
0.16622,0.16622,0.16622,0.16622,0.16622,0.16622,0.16622
0.20107,0.20107,0.20107,0.20107,0.20107,0.20107,0.20107
0.23324,0.23324,0.23324,0.23324,0.23324,0.23324,0.23324
0.25201,0.25201,0.25201,0.25201,0.25201,0.25201,0.25201
0.27078,0.27078,0.27078,0.27078,0.27078,0.27078,0.27078
0.30295,0.30295,0.30295,0.30295,0.30295,0.30295,0.30295
0.32172,0.32172,0.32172,0.32172,0.32172,0.32172,0.32172
0.32172,0.32172,0.32172,0.32172,0.32172,0.32172,0.32172
0.31635,0.31635,0.31635,0.31635,0.31635,0.31635,0.31635
0.30563,0.30563,0.30563,0.30563,0.30563,0.30563,0.30563
0.29223,0.29223,0.29223,0.29223,0.29223,0.29223,0.29223
0.27882,0.27882,0.27882,0.27882,0.27882,0.27882,0.27882
0.2681,0.2681,0.2681,0.2681,0.2681,0.2681,0.2681
0.26273,0.26273,0.26273,0.26273,0.26273,0.26273,0.26273
0.26542,0.26542,0.26542,0.26542,0.26542,0.26542,0.26542
0.23592,0.23592,0.23592,0.23592,0.23592,0.23592,0.23592
0.2252,0.2252,0.2252,0.2252,0.2252,0.2252,0.2252
0.2252,0.2252,0.2252,0.2252,0.2252,0.2252,0.2252
0.23056,0.23056,0.23056,0.23056,0.23056,0.23056,0.23056
0.23592,0.23592,0.23592,0.23592,0.23592,0.23592,0.23592
0.23592,0.23592,0.23592,0.23592,0.23592,0.23592,0.23592
0.2252,0.2252,0.2252,0.2252,0.2252,0.2252,0.2252
0.21984,0.21984,0.21984,0.21984,0.21984,0.21984,0.21984
0.21448,0.21448,0.21448,0.21448,0.21448,0.21448,0.21448
0.2118,0.2118,0.2118,0.2118,0.2118,0.2118,0.2118
0.21448,0.21448,0.21448,0.21448,0.21448,0.21448,0.21448
0.2118,0.2118,0.2118,0.2118,0.2118,0.2118,0.2118
0.21448,0.21448,0.21448,0.21448,0.21448,0.21448,0.21448
0.21716,0.21716,0.21716,0.21716,0.21716,0.21716,0.21716
0.21984,0.21984,0.21984,0.21984,0.21984,0.21984,0.21984
0.22788,0.22788,0.22788,0.22788,0.22788,0.22788,0.22788
0.23592,0.23592,0.23592,0.23592,0.23592,0.23592,0.23592
0.24129,0.24129,0.24129,0.24129,0.24129,0.24129,0.24129
0.24129,0.24129,0.24129,0.24129,0.24129,0.24129,0.24129
0.23592,0.23592,0.23592,0.23592,0.23592,0.23592,0.23592
0.23592,0.23592,0.23592,0.23592,0.23592,0.23592,0.23592
0.24397,0.24397,0.24397,0.24397,0.24397,0.24397,0.24397
0.23861,0.23861,0.23861,0.23861,0.23861,0.23861,0.23861
0.23861,0.23861,0.23861,0.23861,0.23861,0.23861,0.23861
0.23592,0.23592,0.23592,0.23592,0.23592,0.23592,0.23592
0.24129,0.24129,0.24129,0.24129,0.24129,0.24129,0.24129
0.24397,0.24397,0.24397,0.24397,0.24397,0.24397,0.24397
0.24665,0.24665,0.24665,0.24665,0.24665,0.24665,0.24665
0.24129,0.24129,0.24129,0.24129,0.24129,0.24129,0.24129
0.24665,0.24665,0.24665,0.24665,0.24665,0.24665,0.24665
0.24665,0.24665,0.24665,0.24665,0.24665,0.24665,0.24665
0.24129,0.24129,0.24129,0.24129,0.24129,0.24129,0.24129
0.24397,0.24397,0.24397,0.24397,0.24397,0.24397,0.24397
0.24933,0.24933,0.24933,0.24933,0.24933,0.24933,0.24933
0.26273,0.26273,0.26273,0.26273,0.26273,0.26273,0.26273
0.2681,0.2681,0.2681,0.2681,0.2681,0.2681,0.2681
0.27614,0.27614,0.27614,0.27614,0.27614,0.27614,0.27614
0.28418,0.28418,0.28418,0.28418,0.28418,0.28418,0.28418
0.27078,0.27078,0.27078,0.27078,0.27078,0.27078,0.27078
0.25469,0.25469,0.25469,0.25469,0.25469,0.25469,0.25469
0.25201,0.25201,0.25201,0.25201,0.25201,0.25201,0.25201
0.25201,0.25201,0.25201,0.25201,0.25201,0.25201,0.25201
0.25201,0.25201,0.25201,0.25201,0.25201,0.25201,0.25201
0.24933,0.24933,0.24933,0.24933,0.24933,0.24933,0.24933
0.23324,0.23324,0.23324,0.23324,0.23324,0.23324,0.23324
0.21716,0.21716,0.21716,0.21716,0.21716,0.21716,0.21716
0.21984,0.21984,0.21984,0.21984,0.21984,0.21984,0.21984
0.22252,0.22252,0.22252,0.22252,0.22252,0.22252,0.22252
0.21716,0.21716,0.21716,0.21716,0.21716,0.21716,0.21716
0.2118,0.2118,0.2118,0.2118,0.2118,0.2118,0.2118
0.2118,0.2118,0.2118,0.2118,0.2118,0.2118,0.2118
0.22252,0.22252,0.22252,0.22252,0.22252,0.22252,0.22252
0.21984,0.21984,0.21984,0.21984,0.21984,0.21984,0.21984
0.21984,0.21984,0.21984,0.21984,0.21984,0.21984,0.21984
0.23056,0.23056,0.23056,0.23056,0.23056,0.23056,0.23056
0.2252,0.2252,0.2252,0.2252,0.2252,0.2252,0.2252
0.21984,0.21984,0.21984,0.21984,0.21984,0.21984,0.21984
0.21448,0.21448,0.21448,0.21448,0.21448,0.21448,0.21448
0.22252,0.22252,0.22252,0.22252,0.22252,0.22252,0.22252
0.23592,0.23592,0.23592,0.23592,0.23592,0.23592,0.23592
0.24665,0.24665,0.24665,0.24665,0.24665,0.24665,0.24665
0.25469,0.25469,0.25469,0.25469,0.25469,0.25469,0.25469
0.26005,0.26005,0.26005,0.26005,0.26005,0.26005,0.26005
0.25737,0.25737,0.25737,0.25737,0.25737,0.25737,0.25737
0.26273,0.26273,0.26273,0.26273,0.26273,0.26273,0.26273
0.27346,0.27346,0.27346,0.27346,0.27346,0.27346,0.27346
0.26273,0.26273,0.26273,0.26273,0.26273,0.26273,0.26273
0.25737,0.25737,0.25737,0.25737,0.25737,0.25737,0.25737
0.25469,0.25469,0.25469,0.25469,0.25469,0.25469,0.25469
0.25201,0.25201,0.25201,0.25201,0.25201,0.25201,0.25201
0.24933,0.24933,0.24933,0.24933,0.24933,0.24933,0.24933
0.24129,0.24129,0.24129,0.24129,0.24129,0.24129,0.24129
0.23056,0.23056,0.23056,0.23056,0.23056,0.23056,0.23056
0.22788,0.22788,0.22788,0.22788,0.22788,0.22788,0.22788
0.2252,0.2252,0.2252,0.2252,0.2252,0.2252,0.2252
0.21716,0.21716,0.21716,0.21716,0.21716,0.21716,0.21716
0.20643,0.20643,0.20643,0.20643,0.20643,0.20643,0.20643
0.20912,0.20912,0.20912,0.20912,0.20912,0.20912,0.20912
0.20643,0.20643,0.20643,0.20643,0.20643,0.20643,0.20643
0.20375,0.20375,0.20375,0.20375,0.20375,0.20375,0.20375
0.18767,0.18767,0.18767,0.18767,0.18767,0.18767,0.18767
0.19839,0.19839,0.19839,0.19839,0.19839,0.19839,0.19839
0.21448,0.21448,0.21448,0.21448,0.21448,0.21448,0.21448
0.24397,0.24397,0.24397,0.24397,0.24397,0.24397,0.24397
0.27078,0.27078,0.27078,0.27078,0.27078,0.27078,0.27078
0.2815,0.2815,0.2815,0.2815,0.2815,0.2815,0.2815
0.29491,0.29491,0.29491,0.29491,0.29491,0.29491,0.29491
0.30027,0.30027,0.30027,0.30027,0.30027,0.30027,0.30027
0.30027,0.30027,0.30027,0.30027,0.30027,0.30027,0.30027
0.30027,0.30027,0.30027,0.30027,0.30027,0.30027,0.30027
0.30027,0.30027,0.30027,0.30027,0.30027,0.30027,0.30027
0.29759,0.29759,0.29759,0.29759,0.29759,0.29759,0.29759
0.29759,0.29759,0.29759,0.29759,0.29759,0.29759,0.29759
0.29491,0.29491,0.29491,0.29491,0.29491,0.29491,0.29491
0.28418,0.28418,0.28418,0.28418,0.28418,0.28418,0.28418
0.28418,0.28418,0.28418,0.28418,0.28418,0.28418,0.28418
0.2815,0.2815,0.2815,0.2815,0.2815,0.2815,0.2815
0.27614,0.27614,0.27614,0.27614,0.27614,0.27614,0.27614
0.27078,0.27078,0.27078,0.27078,0.27078,0.27078,0.27078
0.2681,0.2681,0.2681,0.2681,0.2681,0.2681,0.2681
0.2681,0.2681,0.2681,0.2681,0.2681,0.2681,0.2681
0.27078,0.27078,0.27078,0.27078,0.27078,0.27078,0.27078
0.26542,0.26542,0.26542,0.26542,0.26542,0.26542,0.26542
0.23324,0.23324,0.23324,0.23324,0.23324,0.23324,0.23324
0.22252,0.22252,0.22252,0.22252,0.22252,0.22252,0.22252
0.24129,0.24129,0.24129,0.24129,0.24129,0.24129,0.24129
0.27346,0.27346,0.27346,0.27346,0.27346,0.27346,0.27346
0.30295,0.30295,0.30295,0.30295,0.30295,0.30295,0.30295
0.3244,0.3244,0.3244,0.3244,0.3244,0.3244,0.3244
0.34048,0.34048,0.34048,0.34048,0.34048,0.34048,0.34048
0.35121,0.35121,0.35121,0.35121,0.35121,0.35121,0.35121
0.36461,0.36461,0.36461,0.36461,0.36461,0.36461,0.36461
0.37534,0.37534,0.37534,0.37534,0.37534,0.37534,0.37534
0.37802,0.37802,0.37802,0.37802,0.37802,0.37802,0.37802
0.36461,0.36461,0.36461,0.36461,0.36461,0.36461,0.36461
0.34316,0.34316,0.34316,0.34316,0.34316,0.34316,0.34316
0.33512,0.33512,0.33512,0.33512,0.33512,0.33512,0.33512
0.3244,0.3244,0.3244,0.3244,0.3244,0.3244,0.3244
0.31099,0.31099,0.31099,0.31099,0.31099,0.31099,0.31099
0.29223,0.29223,0.29223,0.29223,0.29223,0.29223,0.29223
0.29491,0.29491,0.29491,0.29491,0.29491,0.29491,0.29491
0.30027,0.30027,0.30027,0.30027,0.30027,0.30027,0.30027
0.28418,0.28418,0.28418,0.28418,0.28418,0.28418,0.28418
0.28418,0.28418,0.28418,0.28418,0.28418,0.28418,0.28418
0.2681,0.2681,0.2681,0.2681,0.2681,0.2681,0.2681
0.24665,0.24665,0.24665,0.24665,0.24665,0.24665,0.24665
0.23592,0.23592,0.23592,0.23592,0.23592,0.23592,0.23592
0.22252,0.22252,0.22252,0.22252,0.22252,0.22252,0.22252
0.23861,0.23861,0.23861,0.23861,0.23861,0.23861,0.23861
0.2681,0.2681,0.2681,0.2681,0.2681,0.2681,0.2681
0.33512,0.33512,0.33512,0.33512,0.33512,0.33512,0.33512
0.38338,0.38338,0.38338,0.38338,0.38338,0.38338,0.38338
0.40483,0.40483,0.40483,0.40483,0.40483,0.40483,0.40483
0.42627,0.42627,0.42627,0.42627,0.42627,0.42627,0.42627
0.4504,0.4504,0.4504,0.4504,0.4504,0.4504,0.4504
0.44504,0.44504,0.44504,0.44504,0.44504,0.44504,0.44504
0.44236,0.44236,0.44236,0.44236,0.44236,0.44236,0.44236
0.42895,0.42895,0.42895,0.42895,0.42895,0.42895,0.42895
0.40214,0.40214,0.40214,0.40214,0.40214,0.40214,0.40214
0.37534,0.37534,0.37534,0.37534,0.37534,0.37534,0.37534
0.35121,0.35121,0.35121,0.35121,0.35121,0.35121,0.35121
0.34316,0.34316,0.34316,0.34316,0.34316,0.34316,0.34316
0.33244,0.33244,0.33244,0.33244,0.33244,0.33244,0.33244
0.32976,0.32976,0.32976,0.32976,0.32976,0.32976,0.32976
0.28686,0.28686,0.28686,0.28686,0.28686,0.28686,0.28686
0.25469,0.25469,0.25469,0.25469,0.25469,0.25469,0.25469
0.25469,0.25469,0.25469,0.25469,0.25469,0.25469,0.25469
0.24665,0.24665,0.24665,0.24665,0.24665,0.24665,0.24665
0.24665,0.24665,0.24665,0.24665,0.24665,0.24665,0.24665
0.24397,0.24397,0.24397,0.24397,0.24397,0.24397,0.24397
0.23056,0.23056,0.23056,0.23056,0.23056,0.23056,0.23056
0.21716,0.21716,0.21716,0.21716,0.21716,0.21716,0.21716
0.22252,0.22252,0.22252,0.22252,0.22252,0.22252,0.22252
0.24933,0.24933,0.24933,0.24933,0.24933,0.24933,0.24933
0.28418,0.28418,0.28418,0.28418,0.28418,0.28418,0.28418
0.3244,0.3244,0.3244,0.3244,0.3244,0.3244,0.3244
0.35925,0.35925,0.35925,0.35925,0.35925,0.35925,0.35925
0.3807,0.3807,0.3807,0.3807,0.3807,0.3807,0.3807
0.3941,0.3941,0.3941,0.3941,0.3941,0.3941,0.3941
0.41019,0.41019,0.41019,0.41019,0.41019,0.41019,0.41019
0.42627,0.42627,0.42627,0.42627,0.42627,0.42627,0.42627
0.41823,0.41823,0.41823,0.41823,0.41823,0.41823,0.41823
0.3941,0.3941,0.3941,0.3941,0.3941,0.3941,0.3941
0.36729,0.36729,0.36729,0.36729,0.36729,0.36729,0.36729
0.31903,0.31903,0.31903,0.31903,0.31903,0.31903,0.31903
0.29491,0.29491,0.29491,0.29491,0.29491,0.29491,0.29491
0.29223,0.29223,0.29223,0.29223,0.29223,0.29223,0.29223
0.28954,0.28954,0.28954,0.28954,0.28954,0.28954,0.28954
0.29759,0.29759,0.29759,0.29759,0.29759,0.29759,0.29759
0.30295,0.30295,0.30295,0.30295,0.30295,0.30295,0.30295
0.28954,0.28954,0.28954,0.28954,0.28954,0.28954,0.28954
0.29759,0.29759,0.29759,0.29759,0.29759,0.29759,0.29759
0.27882,0.27882,0.27882,0.27882,0.27882,0.27882,0.27882
0.2681,0.2681,0.2681,0.2681,0.2681,0.2681,0.2681
0.27882,0.27882,0.27882,0.27882,0.27882,0.27882,0.27882
0.28686,0.28686,0.28686,0.28686,0.28686,0.28686,0.28686
0.27346,0.27346,0.27346,0.27346,0.27346,0.27346,0.27346
0.28954,0.28954,0.28954,0.28954,0.28954,0.28954,0.28954
0.32976,0.32976,0.32976,0.32976,0.32976,0.32976,0.32976
0.36729,0.36729,0.36729,0.36729,0.36729,0.36729,0.36729
0.39142,0.39142,0.39142,0.39142,0.39142,0.39142,0.39142
0.42091,0.42091,0.42091,0.42091,0.42091,0.42091,0.42091
0.43164,0.43164,0.43164,0.43164,0.43164,0.43164,0.43164
0.45576,0.45576,0.45576,0.45576,0.45576,0.45576,0.45576
0.46381,0.46381,0.46381,0.46381,0.46381,0.46381,0.46381
0.45845,0.45845,0.45845,0.45845,0.45845,0.45845,0.45845
0.4504,0.4504,0.4504,0.4504,0.4504,0.4504,0.4504
0.43164,0.43164,0.43164,0.43164,0.43164,0.43164,0.43164
0.41823,0.41823,0.41823,0.41823,0.41823,0.41823,0.41823
0.39678,0.39678,0.39678,0.39678,0.39678,0.39678,0.39678
0.35121,0.35121,0.35121,0.35121,0.35121,0.35121,0.35121
0.34853,0.34853,0.34853,0.34853,0.34853,0.34853,0.34853
0.37802,0.37802,0.37802,0.37802,0.37802,0.37802,0.37802
0.39678,0.39678,0.39678,0.39678,0.39678,0.39678,0.39678
0.34584,0.34584,0.34584,0.34584,0.34584,0.34584,0.34584
0.26005,0.26005,0.26005,0.26005,0.26005,0.26005,0.26005
0.27882,0.27882,0.27882,0.27882,0.27882,0.27882,0.27882
0.27882,0.27882,0.27882,0.27882,0.27882,0.27882,0.27882
0.2681,0.2681,0.2681,0.2681,0.2681,0.2681,0.2681
0.26542,0.26542,0.26542,0.26542,0.26542,0.26542,0.26542
0.26542,0.26542,0.26542,0.26542,0.26542,0.26542,0.26542
0.27882,0.27882,0.27882,0.27882,0.27882,0.27882,0.27882
0.28418,0.28418,0.28418,0.28418,0.28418,0.28418,0.28418
0.30831,0.30831,0.30831,0.30831,0.30831,0.30831,0.30831
0.35657,0.35657,0.35657,0.35657,0.35657,0.35657,0.35657
0.40483,0.40483,0.40483,0.40483,0.40483,0.40483,0.40483
0.42359,0.42359,0.42359,0.42359,0.42359,0.42359,0.42359
0.42091,0.42091,0.42091,0.42091,0.42091,0.42091,0.42091
0.43164,0.43164,0.43164,0.43164,0.43164,0.43164,0.43164
0.42359,0.42359,0.42359,0.42359,0.42359,0.42359,0.42359
0.41019,0.41019,0.41019,0.41019,0.41019,0.41019,0.41019
0.40483,0.40483,0.40483,0.40483,0.40483,0.40483,0.40483
0.39142,0.39142,0.39142,0.39142,0.39142,0.39142,0.39142
0.35657,0.35657,0.35657,0.35657,0.35657,0.35657,0.35657
0.34853,0.34853,0.34853,0.34853,0.34853,0.34853,0.34853
0.3378,0.3378,0.3378,0.3378,0.3378,0.3378,0.3378
0.32976,0.32976,0.32976,0.32976,0.32976,0.32976,0.32976
0.3244,0.3244,0.3244,0.3244,0.3244,0.3244,0.3244
0.31903,0.31903,0.31903,0.31903,0.31903,0.31903,0.31903
0.31367,0.31367,0.31367,0.31367,0.31367,0.31367,0.31367
0.3244,0.3244,0.3244,0.3244,0.3244,0.3244,0.3244
0.38338,0.38338,0.38338,0.38338,0.38338,0.38338,0.38338
0.34316,0.34316,0.34316,0.34316,0.34316,0.34316,0.34316
0.30563,0.30563,0.30563,0.30563,0.30563,0.30563,0.30563
0.27882,0.27882,0.27882,0.27882,0.27882,0.27882,0.27882
0.30295,0.30295,0.30295,0.30295,0.30295,0.30295,0.30295
0.2815,0.2815,0.2815,0.2815,0.2815,0.2815,0.2815
0.29491,0.29491,0.29491,0.29491,0.29491,0.29491,0.29491
0.34316,0.34316,0.34316,0.34316,0.34316,0.34316,0.34316
0.3807,0.3807,0.3807,0.3807,0.3807,0.3807,0.3807
0.45308,0.45308,0.45308,0.45308,0.45308,0.45308,0.45308
0.46917,0.46917,0.46917,0.46917,0.46917,0.46917,0.46917
0.46381,0.46381,0.46381,0.46381,0.46381,0.46381,0.46381
0.45308,0.45308,0.45308,0.45308,0.45308,0.45308,0.45308
0.44772,0.44772,0.44772,0.44772,0.44772,0.44772,0.44772
0.42359,0.42359,0.42359,0.42359,0.42359,0.42359,0.42359
0.40483,0.40483,0.40483,0.40483,0.40483,0.40483,0.40483
0.40214,0.40214,0.40214,0.40214,0.40214,0.40214,0.40214
0.40214,0.40214,0.40214,0.40214,0.40214,0.40214,0.40214
0.39946,0.39946,0.39946,0.39946,0.39946,0.39946,0.39946
0.36461,0.36461,0.36461,0.36461,0.36461,0.36461,0.36461
0.35925,0.35925,0.35925,0.35925,0.35925,0.35925,0.35925
0.34584,0.34584,0.34584,0.34584,0.34584,0.34584,0.34584
0.3244,0.3244,0.3244,0.3244,0.3244,0.3244,0.3244
0.30295,0.30295,0.30295,0.30295,0.30295,0.30295,0.30295
0.27882,0.27882,0.27882,0.27882,0.27882,0.27882,0.27882
0.28686,0.28686,0.28686,0.28686,0.28686,0.28686,0.28686
0.29759,0.29759,0.29759,0.29759,0.29759,0.29759,0.29759
0.27882,0.27882,0.27882,0.27882,0.27882,0.27882,0.27882
0.28686,0.28686,0.28686,0.28686,0.28686,0.28686,0.28686
0.29491,0.29491,0.29491,0.29491,0.29491,0.29491,0.29491
0.31903,0.31903,0.31903,0.31903,0.31903,0.31903,0.31903
0.34316,0.34316,0.34316,0.34316,0.34316,0.34316,0.34316
0.35121,0.35121,0.35121,0.35121,0.35121,0.35121,0.35121
0.36461,0.36461,0.36461,0.36461,0.36461,0.36461,0.36461
0.35389,0.35389,0.35389,0.35389,0.35389,0.35389,0.35389
0.35389,0.35389,0.35389,0.35389,0.35389,0.35389,0.35389
0.35389,0.35389,0.35389,0.35389,0.35389,0.35389,0.35389
0.34584,0.34584,0.34584,0.34584,0.34584,0.34584,0.34584
0.33512,0.33512,0.33512,0.33512,0.33512,0.33512,0.33512
0.32708,0.32708,0.32708,0.32708,0.32708,0.32708,0.32708
0.32172,0.32172,0.32172,0.32172,0.32172,0.32172,0.32172
0.31635,0.31635,0.31635,0.31635,0.31635,0.31635,0.31635
0.31367,0.31367,0.31367,0.31367,0.31367,0.31367,0.31367
0.30563,0.30563,0.30563,0.30563,0.30563,0.30563,0.30563
0.29491,0.29491,0.29491,0.29491,0.29491,0.29491,0.29491
0.28954,0.28954,0.28954,0.28954,0.28954,0.28954,0.28954
0.28686,0.28686,0.28686,0.28686,0.28686,0.28686,0.28686
0.2815,0.2815,0.2815,0.2815,0.2815,0.2815,0.2815
0.28418,0.28418,0.28418,0.28418,0.28418,0.28418,0.28418
0.26273,0.26273,0.26273,0.26273,0.26273,0.26273,0.26273
0.25737,0.25737,0.25737,0.25737,0.25737,0.25737,0.25737
0.25201,0.25201,0.25201,0.25201,0.25201,0.25201,0.25201
0.25201,0.25201,0.25201,0.25201,0.25201,0.25201,0.25201
0.24665,0.24665,0.24665,0.24665,0.24665,0.24665,0.24665
0.24665,0.24665,0.24665,0.24665,0.24665,0.24665,0.24665
0.24665,0.24665,0.24665,0.24665,0.24665,0.24665,0.24665
0.26542,0.26542,0.26542,0.26542,0.26542,0.26542,0.26542
0.26273,0.26273,0.26273,0.26273,0.26273,0.26273,0.26273
0.27078,0.27078,0.27078,0.27078,0.27078,0.27078,0.27078
0.27882,0.27882,0.27882,0.27882,0.27882,0.27882,0.27882
0.2815,0.2815,0.2815,0.2815,0.2815,0.2815,0.2815
0.28954,0.28954,0.28954,0.28954,0.28954,0.28954,0.28954
0.28418,0.28418,0.28418,0.28418,0.28418,0.28418,0.28418
0.28954,0.28954,0.28954,0.28954,0.28954,0.28954,0.28954
0.28686,0.28686,0.28686,0.28686,0.28686,0.28686,0.28686
0.2815,0.2815,0.2815,0.2815,0.2815,0.2815,0.2815
0.29223,0.29223,0.29223,0.29223,0.29223,0.29223,0.29223
0.28954,0.28954,0.28954,0.28954,0.28954,0.28954,0.28954
0.28418,0.28418,0.28418,0.28418,0.28418,0.28418,0.28418
0.29223,0.29223,0.29223,0.29223,0.29223,0.29223,0.29223
0.28954,0.28954,0.28954,0.28954,0.28954,0.28954,0.28954
0.28686,0.28686,0.28686,0.28686,0.28686,0.28686,0.28686
0.2815,0.2815,0.2815,0.2815,0.2815,0.2815,0.2815
0.28686,0.28686,0.28686,0.28686,0.28686,0.28686,0.28686
0.27614,0.27614,0.27614,0.27614,0.27614,0.27614,0.27614
0.27346,0.27346,0.27346,0.27346,0.27346,0.27346,0.27346
0.27614,0.27614,0.27614,0.27614,0.27614,0.27614,0.27614
0.27882,0.27882,0.27882,0.27882,0.27882,0.27882,0.27882
0.28418,0.28418,0.28418,0.28418,0.28418,0.28418,0.28418
0.28954,0.28954,0.28954,0.28954,0.28954,0.28954,0.28954
0.29759,0.29759,0.29759,0.29759,0.29759,0.29759,0.29759
0.29223,0.29223,0.29223,0.29223,0.29223,0.29223,0.29223
0.2815,0.2815,0.2815,0.2815,0.2815,0.2815,0.2815
0.28954,0.28954,0.28954,0.28954,0.28954,0.28954,0.28954
0.29491,0.29491,0.29491,0.29491,0.29491,0.29491,0.29491
0.30027,0.30027,0.30027,0.30027,0.30027,0.30027,0.30027
0.28954,0.28954,0.28954,0.28954,0.28954,0.28954,0.28954
0.28686,0.28686,0.28686,0.28686,0.28686,0.28686,0.28686
0.28418,0.28418,0.28418,0.28418,0.28418,0.28418,0.28418
0.27078,0.27078,0.27078,0.27078,0.27078,0.27078,0.27078
0.24933,0.24933,0.24933,0.24933,0.24933,0.24933,0.24933
0.24397,0.24397,0.24397,0.24397,0.24397,0.24397,0.24397
0.24129,0.24129,0.24129,0.24129,0.24129,0.24129,0.24129
1.254,1.29254313578439,1.29115815665566,1.26511950002296,0.944226742289272,1.14356297746222,1.26455720665771
1.2765,1.3004459435662,1.29386003972477,1.26474269812507,0.940583048792874,1.17215584247717,1.22794038085632
1.2516,1.31507562947562,1.30395498718821,1.27192361468698,0.905438418283643,1.17548928701497,1.1975522560591
1.2369,1.33507242419724,1.31749331991503,1.28085525526473,0.931860128499341,1.17409086613626,1.14313948946785
1.2302,1.31532347840406,1.30120834926075,1.25508918320588,0.954201056503533,1.16327525300983,1.13840468518682
1.2176,1.32808594271308,1.31307661501221,1.28964645809928,0.983133261713551,1.14839401543966,1.14319776169588
1.208,1.3056439185144,1.2992216859119,1.27598424008097,1.03619507922337,1.16771300443668,1.13650046510914
1.1961,1.3338106422855,1.32089444092151,1.34052939583657,1.08144212435538,1.1666022213976,1.15039053281401
1.2437,1.3016062182646,1.30466599670827,1.32362820093303,1.08388602325466,1.16580904493304,1.13491934009667
1.29,1.35045423206548,1.34714558186889,1.41861286507057,1.09983719827355,1.13562371717214,1.13074366404159
1.3244,1.34248193911438,1.34889347880924,1.4215208317776,1.0675483283832,1.21405461543541,1.11655597305363
1.2432,1.30311559282565,1.31152614987661,1.3538671705963,1.02609184915862,1.20260211262837,1.15615327652149
1.1951,1.33424511255207,1.32830803965164,1.37123558578086,0.998014210772412,1.20866757824252,1.10865514667303
1.1441,1.38210996597693,1.36626053978586,1.43037547399631,0.996841621659425,1.25665865492739,1.07223796270177
1.0954,1.40452407900233,1.37991814224495,1.433944373685,1.02823708697483,1.26429271708309,1.08565133080312
1.0694,1.34443913019097,1.32926655865461,1.35770033047206,1.03791027437507,1.2561532101738,1.12860943195127
1.0365,1.30442540927436,1.29620452814321,1.32536588880533,1.01468501556742,1.2569397066421,1.18312001710524
1.0293,1.34759156060491,1.32422486619314,1.34835609255332,1.01106258673172,1.25319743079031,1.18759281828651
1.0243,1.31038828403158,1.29856358605508,1.33461792933242,0.996175819351466,1.26734722739381,1.23936118894692
1.0313,1.33637466622202,1.31213923901348,1.35198103512744,1.00186227125443,1.24666868519945,1.24986928241862
1.0364,1.3250437179541,1.30331764101603,1.35032454988725,0.985018289519921,1.21381598375583,1.27997109272408
1.0373,1.34307236896123,1.30971898154257,1.37156316071414,0.980031624072531,1.1891569827623,1.29555819027248
1.0341,1.34799266595328,1.30496098947264,1.40075788783068,0.984056621243214,1.16550586560389,1.31027784977306
1.0275,1.35502791332343,1.30278279856765,1.42296301869128,1.00491294938108,1.14914341138824,1.32226086435058
