0.28418,0.015018,0.67778,0.19231,0,0,0,0,1,0,0,0.30027,0.014715,0.62222,0.20192,0.29491,0.015929,0.66667,0.22115,0.29223,0.016535,0.66667,0.23077,0.83007,0.83412,0.82568
0.28418,0.0081913,0.65556,0.19231,0,0,0,0,1,0,0,0.28418,0.015018,0.67778,0.19231,0.30027,0.014715,0.62222,0.20192,0.29491,0.015929,0.66667,0.22115,0.82685,0.82921,0.83254
0.2681,0.0040956,0.67778,0.096154,0,0,0,0,1,0,0,0.28418,0.0081913,0.65556,0.19231,0.28418,0.015018,0.67778,0.19231,0.30027,0.014715,0.62222,0.20192,0.81615,0.83081,0.83711
0.24665,0.0081913,0.72222,0.096154,0,0,0,0,1,0,0,0.2681,0.0040956,0.67778,0.096154,0.28418,0.0081913,0.65556,0.19231,0.28418,0.015018,0.67778,0.19231,0.82359,0.83258,0.83382
0.23592,0.0045514,0.73333,0.086538,0,0,0,0,1,0,0,0.24665,0.0081913,0.72222,0.096154,0.2681,0.0040956,0.67778,0.096154,0.28418,0.0081913,0.65556,0.19231,0.83011,0.8371,0.83294
0.22252,0.012591,0.74444,0.15385,0,0,0,0,1,0,0,0.23592,0.0045514,0.73333,0.086538,0.24665,0.0081913,0.72222,0.096154,0.2681,0.0040956,0.67778,0.096154,0.84303,0.85419,0.85596
0.23861,0.046268,0.72222,0.125,0,0,0,0,1,0,0,0.22252,0.012591,0.74444,0.15385,0.23592,0.0045514,0.73333,0.086538,0.24665,0.0081913,0.72222,0.096154,0.85982,0.86864,0.8704
0.2681,0.19342,0.68889,0.076923,0,0,0,0,1,0,0,0.23861,0.046268,0.72222,0.125,0.22252,0.012591,0.74444,0.15385,0.23592,0.0045514,0.73333,0.086538,0.86704,0.88772,0.87054
0.33512,0.34208,0.55556,0.076923,0,0,0,0,1,0,0,0.2681,0.19342,0.68889,0.076923,0.23861,0.046268,0.72222,0.125,0.22252,0.012591,0.74444,0.15385,0.87802,0.91428,0.87029
0.38338,0.46647,0.43333,0.10577,0,0,0,0,1,0,0,0.33512,0.34208,0.55556,0.076923,0.2681,0.19342,0.68889,0.076923,0.23861,0.046268,0.72222,0.125,0.88877,0.9451,0.88118
0.40483,0.51365,0.38889,0.16346,0,0,0,0,1,0,0,0.38338,0.46647,0.43333,0.10577,0.33512,0.34208,0.55556,0.076923,0.2681,0.19342,0.68889,0.076923,0.8867,0.92869,0.87996
0.42627,0.45297,0.37778,0.16346,0,0,0,0,1,0,0,0.40483,0.51365,0.38889,0.16346,0.38338,0.46647,0.43333,0.10577,0.33512,0.34208,0.55556,0.076923,0.88202,0.91971,0.86802
0.4504,0.34284,0.32222,0.17308,0,0,0,0,1,0,0,0.42627,0.45297,0.37778,0.16346,0.40483,0.51365,0.38889,0.16346,0.38338,0.46647,0.43333,0.10577,0.87185,0.91262,0.86255
0.44504,0.35361,0.27778,0.52885,0,0,0,0,1,0,0,0.4504,0.34284,0.32222,0.17308,0.42627,0.45297,0.37778,0.16346,0.40483,0.51365,0.38889,0.16346,0.87198,0.89462,0.86241
0.44236,0.26775,0.23333,0.65385,0,0,0,0,1,0,0,0.44504,0.35361,0.27778,0.52885,0.4504,0.34284,0.32222,0.17308,0.42627,0.45297,0.37778,0.16346,0.87393,0.89244,0.86209
0.42895,0.15155,0.22222,0.60577,0,0,0,0,1,0,0,0.44236,0.26775,0.23333,0.65385,0.44504,0.35361,0.27778,0.52885,0.4504,0.34284,0.32222,0.17308,0.88321,0.88914,0.86662
0.40214,0.035346,0.23333,0.50962,0,0,0,0,1,0,0,0.42895,0.15155,0.22222,0.60577,0.44236,0.26775,0.23333,0.65385,0.44504,0.35361,0.27778,0.52885,0.89004,0.88885,0.86679
0.37534,0.01426,0.25556,0.48077,0,0,0,0,1,0,0,0.40214,0.035346,0.23333,0.50962,0.42895,0.15155,0.22222,0.60577,0.44236,0.26775,0.23333,0.65385,0.88854,0.88313,0.86952
0.35121,0.012894,0.31111,0.44231,0,0,0,0,1,0,0,0.37534,0.01426,0.25556,0.48077,0.40214,0.035346,0.23333,0.50962,0.42895,0.15155,0.22222,0.60577,0.88138,0.87461,0.8719
0.34316,0.00986,0.31111,0.53846,0,0,0,0,1,0,0,0.35121,0.012894,0.31111,0.44231,0.37534,0.01426,0.25556,0.48077,0.40214,0.035346,0.23333,0.50962,0.87292,0.86991,0.87995
0.33244,0.015625,0.31111,0.43269,0,0,0,0,1,0,0,0.34316,0.00986,0.31111,0.53846,0.35121,0.012894,0.31111,0.44231,0.37534,0.01426,0.25556,0.48077,0.86792,0.85482,0.87038
0.32976,0.015625,0.32222,0.30769,0,0,0,0,1,0,0,0.33244,0.015625,0.31111,0.43269,0.34316,0.00986,0.31111,0.53846,0.35121,0.012894,0.31111,0.44231,0.85571,0.84683,0.86658
0.28686,0.014411,0.54444,0.26923,0,0,0,0,1,0,0,0.32976,0.015625,0.32222,0.30769,0.33244,0.015625,0.31111,0.43269,0.34316,0.00986,0.31111,0.53846,0.8444,0.84057,0.86304
0.25469,0.014563,0.82222,0.20192,0,0,0,0,1,0,0,0.28686,0.014411,0.54444,0.26923,0.32976,0.015625,0.32222,0.30769,0.33244,0.015625,0.31111,0.43269,0.83615,0.84064,0.85972
0.25469,0.016231,0.78889,0.11538,0,0,0,0,0,1,0,0.25469,0.014563,0.82222,0.20192,0.28686,0.014411,0.54444,0.26923,0.32976,0.015625,0.32222,0.30769,0.83253,0.83849,0.85244
0.24665,0.010467,0.83333,0.13462,0,0,0,0,0,1,0,0.25469,0.016231,0.78889,0.11538,0.25469,0.014563,0.82222,0.20192,0.28686,0.014411,0.54444,0.26923,0.82475,0.83523,0.8485
0.24665,0.0083435,0.84444,0.086538,0,0,0,0,0,1,0,0.24665,0.010467,0.83333,0.13462,0.25469,0.016231,0.78889,0.11538,0.25469,0.014563,0.82222,0.20192,0.82358,0.83201,0.83451
0.24397,0.0037922,0.87778,0.067308,0,0,0,0,0,1,0,0.24665,0.0083435,0.84444,0.086538,0.24665,0.010467,0.83333,0.13462,0.25469,0.016231,0.78889,0.11538,0.82605,0.83564,0.82998
0.23056,0.010619,0.88889,0.18269,0,0,0,0,0,1,0,0.24397,0.0037922,0.87778,0.067308,0.24665,0.0083435,0.84444,0.086538,0.24665,0.010467,0.83333,0.13462,0.82673,0.85235,0.87027
0.21716,0.013046,0.88889,0.25962,0,0,0,0,0,1,0,0.23056,0.010619,0.88889,0.18269,0.24397,0.0037922,0.87778,0.067308,0.24665,0.0083435,0.84444,0.086538,0.90507,0.91827,0.91141
0.22252,0.061438,0.85556,0.25,0,0,0,0,0,1,0,0.21716,0.013046,0.88889,0.25962,0.23056,0.010619,0.88889,0.18269,0.24397,0.0037922,0.87778,0.067308,1.0008,1.01,1.0035
0.24933,0.21693,0.76667,0.19231,0,0,0,0,0,1,0,0.22252,0.061438,0.85556,0.25,0.21716,0.013046,0.88889,0.25962,0.23056,0.010619,0.88889,0.18269,1.0856,1.1165,1.0952
0.28418,0.34238,0.7,0.19231,0,0,0,0,0,1,0,0.24933,0.21693,0.76667,0.19231,0.22252,0.061438,0.85556,0.25,0.21716,0.013046,0.88889,0.25962,1.1325,1.1508,1.1167
0.3244,0.48301,0.6,0.19231,0,0,0,0,0,1,0,0.28418,0.34238,0.7,0.19231,0.24933,0.21693,0.76667,0.19231,0.22252,0.061438,0.85556,0.25,1.1495,1.1799,1.1335
0.35925,0.53049,0.46667,0.13462,0,0,0,0,0,1,0,0.3244,0.48301,0.6,0.19231,0.28418,0.34238,0.7,0.19231,0.24933,0.21693,0.76667,0.19231,1.1478,1.1863,1.142
0.3807,0.55476,0.37778,0.15385,0,0,0,0,0,1,0,0.35925,0.53049,0.46667,0.13462,0.3244,0.48301,0.6,0.19231,0.28418,0.34238,0.7,0.19231,1.1442,1.1795,1.1311
0.3941,0.51517,0.3,0.15385,0,0,0,0,0,1,0,0.3807,0.55476,0.37778,0.15385,0.35925,0.53049,0.46667,0.13462,0.3244,0.48301,0.6,0.19231,1.1369,1.165,1.1143
0.41019,0.36923,0.23333,0.125,0,0,0,0,0,1,0,0.3941,0.51517,0.3,0.15385,0.3807,0.55476,0.37778,0.15385,0.35925,0.53049,0.46667,0.13462,1.13,1.1515,1.0721
0.42627,0.26229,0.21111,0.086538,0,0,0,0,0,1,0,0.41019,0.36923,0.23333,0.125,0.3941,0.51517,0.3,0.15385,0.3807,0.55476,0.37778,0.15385,1.1156,1.1352,1.0374
0.41823,0.15033,0.25556,0.16346,0,0,0,0,0,1,0,0.42627,0.26229,0.21111,0.086538,0.41019,0.36923,0.23333,0.125,0.3941,0.51517,0.3,0.15385,1.0983,1.1206,1.0128
0.3941,0.032009,0.33333,0.15385,0,0,0,0,0,1,0,0.41823,0.15033,0.25556,0.16346,0.42627,0.26229,0.21111,0.086538,0.41019,0.36923,0.23333,0.125,1.0686,1.0887,0.98961
0.36729,0.013197,0.41111,0.125,0,0,0,0,0,1,0,0.3941,0.032009,0.33333,0.15385,0.41823,0.15033,0.25556,0.16346,0.42627,0.26229,0.21111,0.086538,1.0343,1.0409,0.97547
0.31903,0.011832,0.5,0.13462,0,0,0,0,0,1,0,0.36729,0.013197,0.41111,0.125,0.3941,0.032009,0.33333,0.15385,0.41823,0.15033,0.25556,0.16346,1.0069,1.0064,0.96885
0.29491,0.01426,0.51111,0.18269,0,0,0,0,0,1,0,0.31903,0.011832,0.5,0.13462,0.36729,0.013197,0.41111,0.125,0.3941,0.032009,0.33333,0.15385,0.97362,0.96512,0.94016
0.29223,0.015473,0.47778,0.21154,0,0,0,0,0,1,0,0.29491,0.01426,0.51111,0.18269,0.31903,0.011832,0.5,0.13462,0.36729,0.013197,0.41111,0.125,0.93587,0.91306,0.90613
0.28954,0.014715,0.47778,0.18269,0,0,0,0,0,1,0,0.29223,0.015473,0.47778,0.21154,0.29491,0.01426,0.51111,0.18269,0.31903,0.011832,0.5,0.13462,0.90273,0.89182,0.87861
0.29759,0.013957,0.44444,0.26923,0,0,0,0,0,1,0,0.28954,0.014715,0.47778,0.18269,0.29223,0.015473,0.47778,0.21154,0.29491,0.01426,0.51111,0.18269,0.86543,0.87028,0.85636
0.30295,0.015929,0.42222,0.22115,0,0,0,0,0,1,0,0.29759,0.013957,0.44444,0.26923,0.28954,0.014715,0.47778,0.18269,0.29223,0.015473,0.47778,0.21154,0.8464,0.85318,0.86319
0.28954,0.01608,0.43333,0.22115,0,0,0,0,0,0,0,0.30295,0.015929,0.42222,0.22115,0.29759,0.013957,0.44444,0.26923,0.28954,0.014715,0.47778,0.18269,0.8369,0.84729,0.86331
0.29759,0.010619,0.41111,0.20192,0,0,0,0,0,0,0,0.28954,0.01608,0.43333,0.22115,0.30295,0.015929,0.42222,0.22115,0.29759,0.013957,0.44444,0.26923,0.83421,0.8427,0.86469
0.27882,0.0069783,0.47778,0.13462,0,0,0,0,0,0,0,0.29759,0.010619,0.41111,0.20192,0.28954,0.01608,0.43333,0.22115,0.30295,0.015929,0.42222,0.22115,0.84421,0.84099,0.85466
0.2681,0.0066748,0.53333,0.10577,0,0,0,0,0,0,0,0.27882,0.0069783,0.47778,0.13462,0.29759,0.010619,0.41111,0.20192,0.28954,0.01608,0.43333,0.22115,0.85226,0.83796,0.85468
0.27882,0.0084948,0.47778,0.11538,0,0,0,0,0,0,0,0.2681,0.0066748,0.53333,0.10577,0.27882,0.0069783,0.47778,0.13462,0.29759,0.010619,0.41111,0.20192,0.93641,0.87021,0.86934
0.28686,0.014866,0.47778,0.10577,0,0,0,0,0,0,0,0.27882,0.0084948,0.47778,0.11538,0.2681,0.0066748,0.53333,0.10577,0.27882,0.0069783,0.47778,0.13462,0.99142,0.93019,0.93781
0.27346,0.035649,0.51111,0.19231,0,0,0,0,0,0,0,0.28686,0.014866,0.47778,0.10577,0.27882,0.0084948,0.47778,0.11538,0.2681,0.0066748,0.53333,0.10577,1.0506,1.0216,1.0276
0.28954,0.10149,0.5,0.19231,0,0,0,0,0,0,0,0.27346,0.035649,0.51111,0.19231,0.28686,0.014866,0.47778,0.10577,0.27882,0.0084948,0.47778,0.11538,1.096,1.0828,1.1082
0.32976,0.22285,0.43333,0.16346,0,0,0,0,0,0,0,0.28954,0.10149,0.5,0.19231,0.27346,0.035649,0.51111,0.19231,0.28686,0.014866,0.47778,0.10577,1.114,1.1126,1.1494
0.36729,0.3213,0.33333,0.086538,0,0,0,0,0,0,0,0.32976,0.22285,0.43333,0.16346,0.28954,0.10149,0.5,0.19231,0.27346,0.035649,0.51111,0.19231,1.146,1.1273,1.1647
0.39142,0.4287,0.33333,0.10577,0,0,0,0,0,0,0,0.36729,0.3213,0.33333,0.086538,0.32976,0.22285,0.43333,0.16346,0.28954,0.10149,0.5,0.19231,1.168,1.1241,1.1634
0.42091,0.55279,0.31111,0.11538,0,0,0,0,0,0,0,0.39142,0.4287,0.33333,0.10577,0.36729,0.3213,0.33333,0.086538,0.32976,0.22285,0.43333,0.16346,1.1211,1.1151,1.1653
0.43164,0.51047,0.32222,0.16346,0,0,0,0,0,0,0,0.42091,0.55279,0.31111,0.11538,0.39142,0.4287,0.33333,0.10577,0.36729,0.3213,0.33333,0.086538,1.0886,1.1041,1.1633
0.45576,0.41945,0.31111,0.10577,0,0,0,0,0,0,0,0.43164,0.51047,0.32222,0.16346,0.42091,0.55279,0.31111,0.11538,0.39142,0.4287,0.33333,0.10577,1.0738,1.0928,1.1477
0.46381,0.29339,0.32222,0.21154,0,0,0,0,0,0,0,0.45576,0.41945,0.31111,0.10577,0.43164,0.51047,0.32222,0.16346,0.42091,0.55279,0.31111,0.11538,1.055,1.0743,1.1292
0.45845,0.152,0.36667,0.25962,0,0,0,0,0,0,0,0.46381,0.29339,0.32222,0.21154,0.45576,0.41945,0.31111,0.10577,0.43164,0.51047,0.32222,0.16346,1.036,1.0617,1.1218
0.4504,0.035649,0.42222,0.20192,0,0,0,0,0,0,0,0.45845,0.152,0.36667,0.25962,0.46381,0.29339,0.32222,0.21154,0.45576,0.41945,0.31111,0.10577,1.0077,1.0412,1.1084
0.43164,0.014715,0.46667,0.10577,0,0,0,0,0,0,0,0.4504,0.035649,0.42222,0.20192,0.45845,0.152,0.36667,0.25962,0.46381,0.29339,0.32222,0.21154,0.97015,1.0088,1.0707
0.41823,0.015625,0.51111,0.25,0,0,0,0,0,0,0,0.43164,0.014715,0.46667,0.10577,0.4504,0.035649,0.42222,0.20192,0.45845,0.152,0.36667,0.25962,0.94215,0.9589,1.0249
0.39678,0.01517,0.54444,0.10577,0,0,0,0,0,0,0,0.41823,0.015625,0.51111,0.25,0.43164,0.014715,0.46667,0.10577,0.4504,0.035649,0.42222,0.20192,0.88599,0.9058,0.98465
0.35121,0.012288,0.58889,0.096154,0,0,0,0,0,0,0,0.39678,0.01517,0.54444,0.10577,0.41823,0.015625,0.51111,0.25,0.43164,0.014715,0.46667,0.10577,0.88475,0.90441,0.94445
0.34853,0.013046,0.61111,0.067308,0,0,0,0,0,0,0,0.35121,0.012288,0.58889,0.096154,0.39678,0.01517,0.54444,0.10577,0.41823,0.015625,0.51111,0.25,0.88311,0.88219,0.91606
0.37802,0.015625,0.58889,0.19231,0,0,0,0,0,0,0,0.34853,0.013046,0.61111,0.067308,0.35121,0.012288,0.58889,0.096154,0.39678,0.01517,0.54444,0.10577,0.88195,0.86699,0.90351
0.39678,0.013653,0.57778,0.22115,0,0,0,0,0,0,0,0.37802,0.015625,0.58889,0.19231,0.34853,0.013046,0.61111,0.067308,0.35121,0.012288,0.58889,0.096154,0.86361,0.8553,0.89717
0.34584,0.013653,0.65556,0.16346,1,0,0,0,0,0,0,0.39678,0.013653,0.57778,0.22115,0.37802,0.015625,0.58889,0.19231,0.34853,0.013046,0.61111,0.067308,0.85336,0.84454,0.88697
0.26005,0.0078888,0.81111,0.067308,1,0,0,0,0,0,0,0.34584,0.013653,0.65556,0.16346,0.39678,0.013653,0.57778,0.22115,0.37802,0.015625,0.58889,0.19231,0.84346,0.82842,0.88419
0.27882,0.0048539,0.77778,0.038462,1,0,0,0,0,0,0,0.26005,0.0078888,0.81111,0.067308,0.34584,0.013653,0.65556,0.16346,0.39678,0.013653,0.57778,0.22115,0.84491,0.82851,0.88535
0.27882,0.0087983,0.78889,0.076923,1,0,0,0,0,0,0,0.27882,0.0048539,0.77778,0.038462,0.26005,0.0078888,0.81111,0.067308,0.34584,0.013653,0.65556,0.16346,0.84287,0.83378,0.87704
0.2681,0.0083435,0.82222,0.096154,1,0,0,0,0,0,0,0.27882,0.0087983,0.78889,0.076923,0.27882,0.0048539,0.77778,0.038462,0.26005,0.0078888,0.81111,0.067308,0.87358,0.86424,0.91371
0.26542,0.015781,0.82222,0.096154,1,0,0,0,0,0,0,0.2681,0.0083435,0.82222,0.096154,0.27882,0.0087983,0.78889,0.076923,0.27882,0.0048539,0.77778,0.038462,0.93358,0.93358,0.97467
0.26542,0.034587,0.82222,0.13462,1,0,0,0,0,0,0,0.26542,0.015781,0.82222,0.096154,0.2681,0.0083435,0.82222,0.096154,0.27882,0.0087983,0.78889,0.076923,1.0259,0.9968,1.0629
0.27882,0.080552,0.8,0.057692,1,0,0,0,0,0,0,0.26542,0.034587,0.82222,0.13462,0.26542,0.015781,0.82222,0.096154,0.2681,0.0083435,0.82222,0.096154,1.094,1.0533,1.133
0.28418,0.16444,0.8,0.076923,1,0,0,0,0,0,0,0.27882,0.080552,0.8,0.057692,0.26542,0.034587,0.82222,0.13462,0.26542,0.015781,0.82222,0.096154,1.1292,1.0982,1.1523
0.30831,0.22709,0.73333,0.10577,1,0,0,0,0,0,0,0.28418,0.16444,0.8,0.076923,0.27882,0.080552,0.8,0.057692,0.26542,0.034587,0.82222,0.13462,1.1307,1.1211,1.1731
0.35657,0.44584,0.64444,0.096154,1,0,0,0,0,0,0,0.30831,0.22709,0.73333,0.10577,0.28418,0.16444,0.8,0.076923,0.27882,0.080552,0.8,0.057692,1.1227,1.1267,1.2151
0.40483,0.41217,0.56667,0.096154,1,0,0,0,0,0,0,0.35657,0.44584,0.64444,0.096154,0.30831,0.22709,0.73333,0.10577,0.28418,0.16444,0.8,0.076923,1.1104,1.1261,1.2131
0.42359,0.29551,0.56667,0.14423,1,0,0,0,0,0,0,0.40483,0.41217,0.56667,0.096154,0.35657,0.44584,0.64444,0.096154,0.30831,0.22709,0.73333,0.10577,1.0996,1.1241,1.1821
0.42091,0.19903,0.58889,0.18269,1,0,0,0,0,0,0,0.42359,0.29551,0.56667,0.14423,0.40483,0.41217,0.56667,0.096154,0.35657,0.44584,0.64444,0.096154,1.0513,1.1148,1.1601
0.43164,0.201,0.6,0.25,1,0,0,0,0,0,0,0.42091,0.19903,0.58889,0.18269,0.42359,0.29551,0.56667,0.14423,0.40483,0.41217,0.56667,0.096154,0.98313,1.0952,1.1476
0.42359,0.13471,0.64444,0.33654,1,0,0,0,0,0,0,0.43164,0.201,0.6,0.25,0.42091,0.19903,0.58889,0.18269,0.42359,0.29551,0.56667,0.14423,0.97444,1.0703,1.1194
0.41019,0.026699,0.68889,0.27885,1,0,0,0,0,0,0,0.42359,0.13471,0.64444,0.33654,0.43164,0.201,0.6,0.25,0.42091,0.19903,0.58889,0.18269,0.95043,1.0441,1.0899
0.40483,0.014411,0.74444,0.17308,1,0,0,0,0,0,0,0.41019,0.026699,0.68889,0.27885,0.42359,0.13471,0.64444,0.33654,0.43164,0.201,0.6,0.25,0.88691,1.0205,1.0585
0.39142,0.015777,0.77778,0.16346,1,0,0,0,0,0,0,0.40483,0.014411,0.74444,0.17308,0.41019,0.026699,0.68889,0.27885,0.42359,0.13471,0.64444,0.33654,0.89977,0.97713,1.0123
0.35657,0.015929,0.83333,0.14423,1,0,0,0,0,0,0,0.39142,0.015777,0.77778,0.16346,0.40483,0.014411,0.74444,0.17308,0.41019,0.026699,0.68889,0.27885,0.91898,0.92747,0.96618
0.34853,0.016231,0.83333,0.10577,1,0,0,0,0,0,0,0.35657,0.015929,0.83333,0.14423,0.39142,0.015777,0.77778,0.16346,0.40483,0.014411,0.74444,0.17308,0.89944,0.88691,0.92928
0.3378,0.015473,0.87778,0.125,1,0,0,0,0,0,0,0.34853,0.016231,0.83333,0.10577,0.35657,0.015929,0.83333,0.14423,0.39142,0.015777,0.77778,0.16346,0.88112,0.86618,0.90736
0.32976,0.017294,0.9,0.11538,1,0,0,0,0,0,0,0.3378,0.015473,0.87778,0.125,0.34853,0.016231,0.83333,0.10577,0.35657,0.015929,0.83333,0.14423,0.86157,0.85218,0.89365
0.3244,0.015625,0.9,0.086538,1,0,0,0,0,0,0,0.32976,0.017294,0.9,0.11538,0.3378,0.015473,0.87778,0.125,0.34853,0.016231,0.83333,0.10577,0.8585,0.84531,0.89574
0.31903,0.015018,0.92222,0.096154,0,1,0,0,0,0,0,0.3244,0.015625,0.9,0.086538,0.32976,0.017294,0.9,0.11538,0.3378,0.015473,0.87778,0.125,0.85386,0.83417,0.88803
0.31367,0.014108,0.95556,0.125,0,1,0,0,0,0,0,0.31903,0.015018,0.92222,0.096154,0.3244,0.015625,0.9,0.086538,0.32976,0.017294,0.9,0.11538,0.8525,0.82996,0.8771
0.3244,0.012894,0.95556,0.23077,0,1,0,0,0,0,0,0.31367,0.014108,0.95556,0.125,0.31903,0.015018,0.92222,0.096154,0.3244,0.015625,0.9,0.086538,0.84589,0.82511,0.87495
0.38338,0.013501,0.82222,0.30769,0,1,0,0,0,0,0,0.3244,0.012894,0.95556,0.23077,0.31367,0.014108,0.95556,0.125,0.31903,0.015018,0.92222,0.096154,0.84511,0.82727,0.90417
0.34316,0.0094052,0.88889,0.14423,0,1,0,0,0,0,0,0.38338,0.013501,0.82222,0.30769,0.3244,0.012894,0.95556,0.23077,0.31367,0.014108,0.95556,0.125,0.9141,0.85513,0.95283
0.30563,0.013653,0.95556,0.086538,0,1,0,0,0,0,0,0.34316,0.0094052,0.88889,0.14423,0.38338,0.013501,0.82222,0.30769,0.3244,0.012894,0.95556,0.23077,0.97707,0.92273,1.0106
0.27882,0.048544,0.96667,0.19231,0,1,0,0,0,0,0,0.30563,0.013653,0.95556,0.086538,0.34316,0.0094052,0.88889,0.14423,0.38338,0.013501,0.82222,0.30769,1.0369,1.0207,1.0809
0.30295,0.11226,0.97778,0.15385,0,1,0,0,0,0,0,0.27882,0.048544,0.96667,0.19231,0.30563,0.013653,0.95556,0.086538,0.34316,0.0094052,0.88889,0.14423,1.0653,1.0898,1.1543
0.2815,0.089958,0.98889,0.24038,0,1,0,0,0,0,0,0.30295,0.11226,0.97778,0.15385,0.27882,0.048544,0.96667,0.19231,0.30563,0.013653,0.95556,0.086538,1.0965,1.134,1.1953
0.29491,0.12439,0.98889,0.20192,0,1,0,0,0,0,0,0.2815,0.089958,0.98889,0.24038,0.30295,0.11226,0.97778,0.15385,0.27882,0.048544,0.96667,0.19231,1.1207,1.1559,1.238
0.34316,0.36089,0.95556,0.13462,0,1,0,0,0,0,0,0.29491,0.12439,0.98889,0.20192,0.2815,0.089958,0.98889,0.24038,0.30295,0.11226,0.97778,0.15385,1.0611,1.1676,1.2702
0.3807,0.41141,0.86667,0.20192,0,1,0,0,0,0,0,0.34316,0.36089,0.95556,0.13462,0.29491,0.12439,0.98889,0.20192,0.2815,0.089958,0.98889,0.24038,1.0064,1.1479,1.3022
0.45308,0.49863,0.68889,0.14423,0,1,0,0,0,0,0,0.3807,0.41141,0.86667,0.20192,0.34316,0.36089,0.95556,0.13462,0.29491,0.12439,0.98889,0.20192,0.95193,1.1282,1.2248
0.46917,0.42415,0.61111,0.18269,0,1,0,0,0,0,0,0.45308,0.49863,0.68889,0.14423,0.3807,0.41141,0.86667,0.20192,0.34316,0.36089,0.95556,0.13462,0.90036,1.1067,1.1833
0.46381,0.223,0.6,0.18269,0,1,0,0,0,0,0,0.46917,0.42415,0.61111,0.18269,0.45308,0.49863,0.68889,0.14423,0.3807,0.41141,0.86667,0.20192,0.94045,1.0951,1.1051
0.45308,0.081311,0.63333,0.17308,0,1,0,0,0,0,0,0.46381,0.223,0.6,0.18269,0.46917,0.42415,0.61111,0.18269,0.45308,0.49863,0.68889,0.14423,0.97506,1.0795,1.177
0.44772,0.038986,0.66667,0.067308,0,1,0,0,0,0,0,0.45308,0.081311,0.63333,0.17308,0.46381,0.223,0.6,0.18269,0.46917,0.42415,0.61111,0.18269,1.0454,1.0591,1.2341
0.42359,0.011226,0.73333,0.076923,0,1,0,0,0,0,0,0.44772,0.038986,0.66667,0.067308,0.45308,0.081311,0.63333,0.17308,0.46381,0.223,0.6,0.18269,1.0113,1.0247,1.2896
0.40483,0.016231,0.74444,0.096154,0,1,0,0,0,0,0,0.42359,0.011226,0.73333,0.076923,0.44772,0.038986,0.66667,0.067308,0.45308,0.081311,0.63333,0.17308,0.97571,0.97477,1.32
0.40214,0.015625,0.64444,0.18269,0,1,0,0,0,0,0,0.40483,0.016231,0.74444,0.096154,0.42359,0.011226,0.73333,0.076923,0.44772,0.038986,0.66667,0.067308,0.93707,0.93496,1.1223
0.40214,0.01517,0.58889,0.38462,0,1,0,0,0,0,0,0.40214,0.015625,0.64444,0.18269,0.40483,0.016231,0.74444,0.096154,0.42359,0.011226,0.73333,0.076923,0.90634,0.89741,1.051
0.39946,0.01517,0.57778,0.30769,0,1,0,0,0,0,0,0.40214,0.01517,0.58889,0.38462,0.40214,0.015625,0.64444,0.18269,0.40483,0.016231,0.74444,0.096154,0.87282,0.87948,0.87464
0.36461,0.012288,0.7,0.21154,0,1,0,0,0,0,0,0.39946,0.01517,0.57778,0.30769,0.40214,0.01517,0.58889,0.38462,0.40214,0.015625,0.64444,0.18269,0.85669,0.85898,0.85708
0.35925,0.018052,0.73333,0.16346,0,1,0,0,0,0,0,0.36461,0.012288,0.7,0.21154,0.39946,0.01517,0.57778,0.30769,0.40214,0.01517,0.58889,0.38462,0.85011,0.85816,0.85447
0.34584,0.010163,0.71111,0.125,0,0,1,0,0,0,0,0.35925,0.018052,0.73333,0.16346,0.36461,0.012288,0.7,0.21154,0.39946,0.01517,0.57778,0.30769,0.84409,0.84787,0.85218
0.3244,0.008647,0.76667,0.16346,0,0,1,0,0,0,0,0.34584,0.010163,0.71111,0.125,0.35925,0.018052,0.73333,0.16346,0.36461,0.012288,0.7,0.21154,0.83419,0.84697,0.8585
0.30295,0.0028827,0.81111,0.10577,0,0,1,0,0,0,0,0.3244,0.008647,0.76667,0.16346,0.34584,0.010163,0.71111,0.125,0.35925,0.018052,0.73333,0.16346,0.83848,0.84276,0.857
0.27882,0.0077365,0.84444,0.057692,0,0,1,0,0,0,0,0.30295,0.0028827,0.81111,0.10577,0.3244,0.008647,0.76667,0.16346,0.34584,0.010163,0.71111,0.125,0.84406,0.84799,0.85231
0.28686,0.010467,0.8,0.13462,0,0,1,0,0,0,0,0.27882,0.0077365,0.84444,0.057692,0.30295,0.0028827,0.81111,0.10577,0.3244,0.008647,0.76667,0.16346,0.86851,0.86669,0.89834
0.29759,0.013197,0.74444,0.20192,0,0,1,0,0,0,0,0.28686,0.010467,0.8,0.13462,0.27882,0.0077365,0.84444,0.057692,0.30295,0.0028827,0.81111,0.10577,0.93282,0.92791,0.95662
0.27882,0.028216,0.78889,0.17308,0,0,1,0,0,0,0,0.29759,0.013197,0.74444,0.20192,0.28686,0.010467,0.8,0.13462,0.27882,0.0077365,0.84444,0.057692,1.0225,1.024,1.0152
0.28686,0.034284,0.82222,0.086538,0,0,1,0,0,0,0,0.27882,0.028216,0.78889,0.17308,0.29759,0.013197,0.74444,0.20192,0.28686,0.010467,0.8,0.13462,1.1002,1.1026,1.0656
0.29491,0.036863,0.88889,0.096154,0,0,1,0,0,0,0,0.28686,0.034284,0.82222,0.086538,0.27882,0.028216,0.78889,0.17308,0.29759,0.013197,0.74444,0.20192,1.1186,1.1368,1.1105
0.31903,0.10513,0.85556,0.125,0,0,1,0,0,0,0,0.29491,0.036863,0.88889,0.096154,0.28686,0.034284,0.82222,0.086538,0.27882,0.028216,0.78889,0.17308,1.1304,1.1489,1.1444
0.34316,0.17096,0.7,0.21154,0,0,1,0,0,0,0,0.31903,0.10513,0.85556,0.125,0.29491,0.036863,0.88889,0.096154,0.28686,0.034284,0.82222,0.086538,1.1436,1.1499,1.1521
0.35121,0.26365,0.74444,0.28846,0,0,1,0,0,0,0,0.34316,0.17096,0.7,0.21154,0.31903,0.10513,0.85556,0.125,0.29491,0.036863,0.88889,0.096154,1.1342,1.1449,1.1394
0.36461,0.32494,0.73333,0.41346,0,0,1,0,0,0,0,0.35121,0.26365,0.74444,0.28846,0.34316,0.17096,0.7,0.21154,0.31903,0.10513,0.85556,0.125,1.1154,1.1263,1.1086
0.35389,0.19068,0.71111,0.48077,0,0,1,0,0,0,0,0.36461,0.32494,0.73333,0.41346,0.35121,0.26365,0.74444,0.28846,0.34316,0.17096,0.7,0.21154,1.0899,1.0966,1.1003
0.35389,0.13653,0.71111,0.49038,0,0,1,0,0,0,0,0.35389,0.19068,0.71111,0.48077,0.36461,0.32494,0.73333,0.41346,0.35121,0.26365,0.74444,0.28846,1.0673,1.0694,1.0956
0.35389,0.056584,0.68889,0.42308,0,0,1,0,0,0,0,0.35389,0.13653,0.71111,0.49038,0.35389,0.19068,0.71111,0.48077,0.36461,0.32494,0.73333,0.41346,1.0506,1.0441,1.0877
0.34584,0.025485,0.7,0.375,0,0,1,0,0,0,0,0.35389,0.056584,0.68889,0.42308,0.35389,0.13653,0.71111,0.49038,0.35389,0.19068,0.71111,0.48077,1.0425,1.0196,1.0717
0.33512,0.016384,0.73333,0.375,0,0,1,0,0,0,0,0.34584,0.025485,0.7,0.375,0.35389,0.056584,0.68889,0.42308,0.35389,0.13653,0.71111,0.49038,1.0209,0.99418,1.0415
0.32708,0.016231,0.72222,0.41346,0,0,1,0,0,0,0,0.33512,0.016384,0.73333,0.375,0.34584,0.025485,0.7,0.375,0.35389,0.056584,0.68889,0.42308,0.97972,0.96255,0.99383
0.32172,0.016231,0.72222,0.41346,0,0,1,0,0,0,0,0.32708,0.016231,0.72222,0.41346,0.33512,0.016384,0.73333,0.375,0.34584,0.025485,0.7,0.375,0.94507,0.91826,0.94797
0.31635,0.017597,0.73333,0.35577,0,0,1,0,0,0,0,0.32172,0.016231,0.72222,0.41346,0.32708,0.016231,0.72222,0.41346,0.33512,0.016384,0.73333,0.375,0.91587,0.88524,0.91707
0.31367,0.014411,0.78889,0.33654,0,0,1,0,0,0,0,0.31635,0.017597,0.73333,0.35577,0.32172,0.016231,0.72222,0.41346,0.32708,0.016231,0.72222,0.41346,0.88422,0.85593,0.89471
0.30563,0.014866,0.83333,0.29808,0,0,1,0,0,0,0,0.31367,0.014411,0.78889,0.33654,0.31635,0.017597,0.73333,0.35577,0.32172,0.016231,0.72222,0.41346,0.86889,0.8431,0.87983
0.29491,0.014108,0.86667,0.30769,0,0,1,0,0,0,0,0.30563,0.014866,0.83333,0.29808,0.31367,0.014411,0.78889,0.33654,0.31635,0.017597,0.73333,0.35577,0.86399,0.82963,0.86633
0.28954,0.01426,0.84444,0.22115,0,0,0,1,0,0,0,0.29491,0.014108,0.86667,0.30769,0.30563,0.014866,0.83333,0.29808,0.31367,0.014411,0.78889,0.33654,0.85892,0.81715,0.8547
0.28686,0.010316,0.86667,0.13462,0,0,0,1,0,0,0,0.28954,0.01426,0.84444,0.22115,0.29491,0.014108,0.86667,0.30769,0.30563,0.014866,0.83333,0.29808,0.84925,0.80725,0.852
0.2815,0.0094052,0.88889,0.11538,0,0,0,1,0,0,0,0.28686,0.010316,0.86667,0.13462,0.28954,0.01426,0.84444,0.22115,0.29491,0.014108,0.86667,0.30769,0.84506,0.84395,0.86225
0.28418,0.0066748,0.85556,0.076923,0,0,0,1,0,0,0,0.2815,0.0094052,0.88889,0.11538,0.28686,0.010316,0.86667,0.13462,0.28954,0.01426,0.84444,0.22115,0.8447,0.8556,0.87432
0.26273,0.0075853,0.88889,0.086538,0,0,0,1,0,0,0,0.28418,0.0066748,0.85556,0.076923,0.2815,0.0094052,0.88889,0.11538,0.28686,0.010316,0.86667,0.13462,0.85917,0.84685,0.90793
0.25737,0.014411,0.91111,0.057692,0,0,0,1,0,0,0,0.26273,0.0075853,0.88889,0.086538,0.28418,0.0066748,0.85556,0.076923,0.2815,0.0094052,0.88889,0.11538,0.89358,0.88192,0.89995
0.25201,0.024271,0.92222,0.067308,0,0,0,1,0,0,0,0.25737,0.014411,0.91111,0.057692,0.26273,0.0075853,0.88889,0.086538,0.28418,0.0066748,0.85556,0.076923,0.93256,0.90651,0.90897
0.25201,0.036104,0.93333,0.086538,0,0,0,1,0,0,0,0.25201,0.024271,0.92222,0.067308,0.25737,0.014411,0.91111,0.057692,0.26273,0.0075853,0.88889,0.086538,0.95537,0.92863,0.92784
0.24665,0.07767,0.94444,0.13462,0,0,0,1,0,0,0,0.25201,0.036104,0.93333,0.086538,0.25201,0.024271,0.92222,0.067308,0.25737,0.014411,0.91111,0.057692,0.96345,0.93398,0.92484
0.24665,0.089958,0.92222,0.16346,0,0,0,1,0,0,0,0.24665,0.07767,0.94444,0.13462,0.25201,0.036104,0.93333,0.086538,0.25201,0.024271,0.92222,0.067308,0.95944,0.93718,0.92658
0.24665,0.081614,0.91111,0.18269,0,0,0,1,0,0,0,0.24665,0.089958,0.92222,0.16346,0.24665,0.07767,0.94444,0.13462,0.25201,0.036104,0.93333,0.086538,0.95318,0.94215,0.92734
0.26542,0.084952,0.87778,0.11538,0,0,0,1,0,0,0,0.24665,0.081614,0.91111,0.18269,0.24665,0.089958,0.92222,0.16346,0.24665,0.07767,0.94444,0.13462,0.94051,0.93432,0.92159
0.26273,0.10543,0.87778,0.20192,0,0,0,1,0,0,0,0.26542,0.084952,0.87778,0.11538,0.24665,0.081614,0.91111,0.18269,0.24665,0.089958,0.92222,0.16346,0.92937,0.91662,0.90531
0.27078,0.074484,0.87778,0.16346,0,0,0,1,0,0,0,0.26273,0.10543,0.87778,0.20192,0.26542,0.084952,0.87778,0.11538,0.24665,0.081614,0.91111,0.18269,0.90659,0.89659,0.88735
0.27882,0.050819,0.85556,0.13462,0,0,0,1,0,0,0,0.27078,0.074484,0.87778,0.16346,0.26273,0.10543,0.87778,0.20192,0.26542,0.084952,0.87778,0.11538,0.89832,0.89481,0.87891
0.2815,0.031402,0.85556,0.16346,0,0,0,1,0,0,0,0.27882,0.050819,0.85556,0.13462,0.27078,0.074484,0.87778,0.16346,0.26273,0.10543,0.87778,0.20192,0.89687,0.89649,0.88193
0.28954,0.025334,0.84444,0.11538,0,0,0,1,0,0,0,0.2815,0.031402,0.85556,0.16346,0.27882,0.050819,0.85556,0.13462,0.27078,0.074484,0.87778,0.16346,0.90328,0.89679,0.88772
0.28418,0.016535,0.85556,0.125,0,0,0,1,0,0,0,0.28954,0.025334,0.84444,0.11538,0.2815,0.031402,0.85556,0.16346,0.27882,0.050819,0.85556,0.13462,0.90553,0.88759,0.88072
0.28954,0.016384,0.84444,0.086538,0,0,0,1,0,0,0,0.28418,0.016535,0.85556,0.125,0.28954,0.025334,0.84444,0.11538,0.2815,0.031402,0.85556,0.16346,0.90012,0.87813,0.86862
0.28686,0.015777,0.86667,0.13462,0,0,0,1,0,0,0,0.28954,0.016384,0.84444,0.086538,0.28418,0.016535,0.85556,0.125,0.28954,0.025334,0.84444,0.11538,0.88974,0.86913,0.85933
0.2815,0.015777,0.86667,0.10577,0,0,0,1,0,0,0,0.28686,0.015777,0.86667,0.13462,0.28954,0.016384,0.84444,0.086538,0.28418,0.016535,0.85556,0.125,0.87293,0.85865,0.84584
0.29223,0.018507,0.84444,0.057692,0,0,0,1,0,0,0,0.2815,0.015777,0.86667,0.10577,0.28686,0.015777,0.86667,0.13462,0.28954,0.016384,0.84444,0.086538,0.87083,0.84755,0.83866
0.28954,0.015929,0.84444,0.057692,0,0,0,1,0,0,0,0.29223,0.018507,0.84444,0.057692,0.2815,0.015777,0.86667,0.10577,0.28686,0.015777,0.86667,0.13462,0.85819,0.84133,0.82763
0.28418,0.015322,0.85556,0.096154,0,0,0,1,0,0,0,0.28954,0.015929,0.84444,0.057692,0.29223,0.018507,0.84444,0.057692,0.2815,0.015777,0.86667,0.10577,0.84196,0.83759,0.83179
0.29223,0.016231,0.83333,0.057692,0,0,0,0,1,0,0,0.28418,0.015322,0.85556,0.096154,0.28954,0.015929,0.84444,0.057692,0.29223,0.018507,0.84444,0.057692,0.8344,0.83007,0.83412
0.28954,0.0091017,0.84444,0.038462,0,0,0,0,1,0,0,0.29223,0.016231,0.83333,0.057692,0.28418,0.015322,0.85556,0.096154,0.28954,0.015929,0.84444,0.057692,0.83711,0.82685,0.82921
0.28686,0.0072818,0.84444,0.057692,0,0,0,0,1,0,0,0.28954,0.0091017,0.84444,0.038462,0.29223,0.016231,0.83333,0.057692,0.28418,0.015322,0.85556,0.096154,0.83678,0.81615,0.83081
0.2815,0.007433,0.87778,0.067308,0,0,0,0,1,0,0,0.28686,0.0072818,0.84444,0.057692,0.28954,0.0091017,0.84444,0.038462,0.29223,0.016231,0.83333,0.057692,0.83462,0.82359,0.83258
0.28686,0.0089505,0.85556,0.057692,0,0,0,0,1,0,0,0.2815,0.007433,0.87778,0.067308,0.28686,0.0072818,0.84444,0.057692,0.28954,0.0091017,0.84444,0.038462,0.84339,0.83011,0.8371
0.27614,0.012894,0.88889,0.086538,0,0,0,0,1,0,0,0.28686,0.0089505,0.85556,0.057692,0.2815,0.007433,0.87778,0.067308,0.28686,0.0072818,0.84444,0.057692,0.85443,0.84303,0.85419
0.27346,0.024575,0.9,0.13462,0,0,0,0,1,0,0,0.27614,0.012894,0.88889,0.086538,0.28686,0.0089505,0.85556,0.057692,0.2815,0.007433,0.87778,0.067308,0.87314,0.85982,0.86864
0.27614,0.040958,0.86667,0.17308,0,0,0,0,1,0,0,0.27346,0.024575,0.9,0.13462,0.27614,0.012894,0.88889,0.086538,0.28686,0.0089505,0.85556,0.057692,0.88181,0.86704,0.88772
0.27882,0.047026,0.84444,0.21154,0,0,0,0,1,0,0,0.27614,0.040958,0.86667,0.17308,0.27346,0.024575,0.9,0.13462,0.27614,0.012894,0.88889,0.086538,0.88555,0.87802,0.91428
0.28418,0.076608,0.84444,0.19231,0,0,0,0,1,0,0,0.27882,0.047026,0.84444,0.21154,0.27614,0.040958,0.86667,0.17308,0.27346,0.024575,0.9,0.13462,0.88493,0.88877,0.9451
0.28954,0.089958,0.82222,0.20192,0,0,0,0,1,0,0,0.28418,0.076608,0.84444,0.19231,0.27882,0.047026,0.84444,0.21154,0.27614,0.040958,0.86667,0.17308,0.88858,0.8867,0.92869
0.29759,0.13516,0.74444,0.24038,0,0,0,0,1,0,0,0.28954,0.089958,0.82222,0.20192,0.28418,0.076608,0.84444,0.19231,0.27882,0.047026,0.84444,0.21154,0.88271,0.88202,0.91971
0.29223,0.070085,0.77778,0.25,0,0,0,0,1,0,0,0.29759,0.13516,0.74444,0.24038,0.28954,0.089958,0.82222,0.20192,0.28418,0.076608,0.84444,0.19231,0.88385,0.87185,0.91262
0.2815,0.07145,0.85556,0.28846,0,0,0,0,1,0,0,0.29223,0.070085,0.77778,0.25,0.29759,0.13516,0.74444,0.24038,0.28954,0.089958,0.82222,0.20192,0.88263,0.87198,0.89462
0.28954,0.046875,0.83333,0.20192,0,0,0,0,1,0,0,0.2815,0.07145,0.85556,0.28846,0.29223,0.070085,0.77778,0.25,0.29759,0.13516,0.74444,0.24038,0.87818,0.87393,0.89244
0.29491,0.039138,0.81111,0.27885,0,0,0,0,1,0,0,0.28954,0.046875,0.83333,0.20192,0.2815,0.07145,0.85556,0.28846,0.29223,0.070085,0.77778,0.25,0.87007,0.88321,0.88914
0.30027,0.023969,0.74444,0.375,0,0,0,0,1,0,0,0.29491,0.039138,0.81111,0.27885,0.28954,0.046875,0.83333,0.20192,0.2815,0.07145,0.85556,0.28846,0.88155,0.89004,0.88885
0.28954,0.015473,0.72222,0.42308,0,0,0,0,1,0,0,0.30027,0.023969,0.74444,0.375,0.29491,0.039138,0.81111,0.27885,0.28954,0.046875,0.83333,0.20192,0.88959,0.88854,0.88313
0.28686,0.01608,0.74444,0.38462,0,0,0,0,1,0,0,0.28954,0.015473,0.72222,0.42308,0.30027,0.023969,0.74444,0.375,0.29491,0.039138,0.81111,0.27885,0.89251,0.88138,0.87461
0.28418,0.013653,0.73333,0.375,0,0,0,0,1,0,0,0.28686,0.01608,0.74444,0.38462,0.28954,0.015473,0.72222,0.42308,0.30027,0.023969,0.74444,0.375,0.88383,0.87292,0.86991
0.27078,0.015322,0.77778,0.31731,0,0,0,0,1,0,0,0.28418,0.013653,0.73333,0.375,0.28686,0.01608,0.74444,0.38462,0.28954,0.015473,0.72222,0.42308,0.87377,0.86792,0.85482
0.24933,0.014108,0.83333,0.34615,0,0,0,0,1,0,0,0.27078,0.015322,0.77778,0.31731,0.28418,0.013653,0.73333,0.375,0.28686,0.01608,0.74444,0.38462,0.86359,0.85571,0.84683
0.24397,0.01608,0.85556,0.29808,0,0,0,0,1,0,0,0.24933,0.014108,0.83333,0.34615,0.27078,0.015322,0.77778,0.31731,0.28418,0.013653,0.73333,0.375,0.86464,0.8444,0.84057
0.24129,0.014866,0.87778,0.25962,0,0,0,0,1,0,0,0.24397,0.01608,0.85556,0.29808,0.24933,0.014108,0.83333,0.34615,0.27078,0.015322,0.77778,0.31731,0.85841,0.83615,0.84064
0.24129,0.015929,0.86667,0.17308,0,0,0,0,0,1,0,0.24129,0.014866,0.87778,0.25962,0.24397,0.01608,0.85556,0.29808,0.24933,0.014108,0.83333,0.34615,0.8434,0.83253,0.83849
0.23861,0.00804,0.87778,0.15385,0,0,0,0,0,1,0,0.24129,0.015929,0.86667,0.17308,0.24129,0.014866,0.87778,0.25962,0.24397,0.01608,0.85556,0.29808,0.83988,0.82475,0.83523
0.23592,0.0077365,0.87778,0.11538,0,0,0,0,0,1,0,0.23861,0.00804,0.87778,0.15385,0.24129,0.015929,0.86667,0.17308,0.24129,0.014866,0.87778,0.25962,0.84483,0.82358,0.83201
0.23324,0.010467,0.86667,0.057692,0,0,0,0,0,1,0,0.23592,0.0077365,0.87778,0.11538,0.23861,0.00804,0.87778,0.15385,0.24129,0.015929,0.86667,0.17308,0.84611,0.82605,0.83564
0.22788,0.0043991,0.87778,0.10577,0,0,0,0,0,1,0,0.23324,0.010467,0.86667,0.057692,0.23592,0.0077365,0.87778,0.11538,0.23861,0.00804,0.87778,0.15385,0.87363,0.82673,0.85235
0.23056,0.014411,0.88889,0.086538,0,0,0,0,0,1,0,0.22788,0.0043991,0.87778,0.10577,0.23324,0.010467,0.86667,0.057692,0.23592,0.0077365,0.87778,0.11538,0.92698,0.90507,0.91827
0.2252,0.022451,0.9,0.14423,0,0,0,0,0,1,0,0.23056,0.014411,0.88889,0.086538,0.22788,0.0043991,0.87778,0.10577,0.23324,0.010467,0.86667,0.057692,1.0223,1.0008,1.01
0.22788,0.035043,0.93333,0.10577,0,0,0,0,0,1,0,0.2252,0.022451,0.9,0.14423,0.23056,0.014411,0.88889,0.086538,0.22788,0.0043991,0.87778,0.10577,1.0982,1.0856,1.1165
0.2252,0.045964,0.94444,0.18269,0,0,0,0,0,1,0,0.22788,0.035043,0.93333,0.10577,0.2252,0.022451,0.9,0.14423,0.23056,0.014411,0.88889,0.086538,1.1395,1.1325,1.1508
0.23324,0.086013,0.94444,0.10577,0,0,0,0,0,1,0,0.2252,0.045964,0.94444,0.18269,0.22788,0.035043,0.93333,0.10577,0.2252,0.022451,0.9,0.14423,1.1583,1.1495,1.1799
0.24933,0.089047,0.94444,0.16346,0,0,0,0,0,1,0,0.23324,0.086013,0.94444,0.10577,0.2252,0.045964,0.94444,0.18269,0.22788,0.035043,0.93333,0.10577,1.1674,1.1478,1.1863
0.24665,0.055218,0.94444,0.22115,0,0,0,0,0,1,0,0.24933,0.089047,0.94444,0.16346,0.23324,0.086013,0.94444,0.10577,0.2252,0.045964,0.94444,0.18269,1.1391,1.1442,1.1795
0.24397,0.048847,0.94444,0.15385,0,0,0,0,0,1,0,0.24665,0.055218,0.94444,0.22115,0.24933,0.089047,0.94444,0.16346,0.23324,0.086013,0.94444,0.10577,1.1118,1.1369,1.165
0.25201,0.057494,0.93333,0.076923,0,0,0,0,0,1,0,0.24397,0.048847,0.94444,0.15385,0.24665,0.055218,0.94444,0.22115,0.24933,0.089047,0.94444,0.16346,1.0989,1.13,1.1515
0.26273,0.035346,0.93333,0.067308,0,0,0,0,0,1,0,0.25201,0.057494,0.93333,0.076923,0.24397,0.048847,0.94444,0.15385,0.24665,0.055218,0.94444,0.22115,1.0885,1.1156,1.1352
0.26005,0.025789,0.94444,0.17308,0,0,0,0,0,1,0,0.26273,0.035346,0.93333,0.067308,0.25201,0.057494,0.93333,0.076923,0.24397,0.048847,0.94444,0.15385,1.066,1.0983,1.1206
0.26273,0.0179,0.96667,0.26923,0,0,0,0,0,1,0,0.26005,0.025789,0.94444,0.17308,0.26273,0.035346,0.93333,0.067308,0.25201,0.057494,0.93333,0.076923,1.0377,1.0686,1.0887
0.26273,0.017445,0.96667,0.20192,0,0,0,0,0,1,0,0.26273,0.0179,0.96667,0.26923,0.26005,0.025789,0.94444,0.17308,0.26273,0.035346,0.93333,0.067308,1.0086,1.0343,1.0409
0.27614,0.015929,0.96667,0.29808,0,0,0,0,0,1,0,0.26273,0.017445,0.96667,0.20192,0.26273,0.0179,0.96667,0.26923,0.26005,0.025789,0.94444,0.17308,0.98162,1.0069,1.0064
0.28954,0.01608,0.96667,0.30769,0,0,0,0,0,1,0,0.27614,0.015929,0.96667,0.29808,0.26273,0.017445,0.96667,0.20192,0.26273,0.0179,0.96667,0.26923,0.95497,0.97362,0.96512
0.28954,0.014715,0.97778,0.33654,0,0,0,0,0,1,0,0.28954,0.01608,0.96667,0.30769,0.27614,0.015929,0.96667,0.29808,0.26273,0.017445,0.96667,0.20192,0.91445,0.93587,0.91306
0.30295,0.015777,0.97778,0.36538,0,0,0,0,0,1,0,0.28954,0.014715,0.97778,0.33654,0.28954,0.01608,0.96667,0.30769,0.27614,0.015929,0.96667,0.29808,0.87307,0.90273,0.89182
0.31903,0.015929,0.97778,0.42308,0,0,0,0,0,1,0,0.30295,0.015777,0.97778,0.36538,0.28954,0.014715,0.97778,0.33654,0.28954,0.01608,0.96667,0.30769,0.85931,0.86543,0.87028
0.32976,0.016991,0.96667,0.44231,0,0,0,0,0,1,0,0.31903,0.015929,0.97778,0.42308,0.30295,0.015777,0.97778,0.36538,0.28954,0.014715,0.97778,0.33654,0.84172,0.8464,0.85318
0.32708,0.013501,0.95556,0.39423,0,0,0,0,0,0,0,0.32976,0.016991,0.96667,0.44231,0.31903,0.015929,0.97778,0.42308,0.30295,0.015777,0.97778,0.36538,0.824,0.8369,0.84729
0.32172,0.015322,0.95556,0.36538,0,0,0,0,0,0,0,0.32708,0.013501,0.95556,0.39423,0.32976,0.016991,0.96667,0.44231,0.31903,0.015929,0.97778,0.42308,0.79791,0.83421,0.8427
0.31635,0.012288,0.95556,0.23077,0,0,0,0,0,0,0,0.32172,0.015322,0.95556,0.36538,0.32708,0.013501,0.95556,0.39423,0.32976,0.016991,0.96667,0.44231,0.80697,0.84421,0.84099
0.31367,0.00804,0.95556,0.13462,0,0,0,0,0,0,0,0.31635,0.012288,0.95556,0.23077,0.32172,0.015322,0.95556,0.36538,0.32708,0.013501,0.95556,0.39423,0.81629,0.85226,0.83796
0.31635,0.0069783,0.95556,0.067308,0,0,0,0,0,0,0,0.31367,0.00804,0.95556,0.13462,0.31635,0.012288,0.95556,0.23077,0.32172,0.015322,0.95556,0.36538,0.84896,0.93641,0.87021
0.34316,0.015322,0.85556,0.16346,0,0,0,0,0,0,0,0.31635,0.0069783,0.95556,0.067308,0.31367,0.00804,0.95556,0.13462,0.31635,0.012288,0.95556,0.23077,0.90923,0.99142,0.93019
0.35121,0.023058,0.8,0.11538,0,0,0,0,0,0,0,0.34316,0.015322,0.85556,0.16346,0.31635,0.0069783,0.95556,0.067308,0.31367,0.00804,0.95556,0.13462,0.98897,1.0506,1.0216
0.33244,0.045964,0.86667,0.27885,0,0,0,0,0,0,0,0.35121,0.023058,0.8,0.11538,0.34316,0.015322,0.85556,0.16346,0.31635,0.0069783,0.95556,0.067308,1.0454,1.096,1.0828
0.33512,0.049302,0.85556,0.33654,0,0,0,0,0,0,0,0.33244,0.045964,0.86667,0.27885,0.35121,0.023058,0.8,0.11538,0.34316,0.015322,0.85556,0.16346,1.0856,1.114,1.1126
0.34584,0.054915,0.83333,0.20192,0,0,0,0,0,0,0,0.33512,0.049302,0.85556,0.33654,0.33244,0.045964,0.86667,0.27885,0.35121,0.023058,0.8,0.11538,1.1228,1.146,1.1273
0.34584,0.069478,0.87778,0.096154,0,0,0,0,0,0,0,0.34584,0.054915,0.83333,0.20192,0.33512,0.049302,0.85556,0.33654,0.33244,0.045964,0.86667,0.27885,1.1642,1.168,1.1241
0.34316,0.12682,0.91111,0.125,0,0,0,0,0,0,0,0.34584,0.069478,0.87778,0.096154,0.34584,0.054915,0.83333,0.20192,0.33512,0.049302,0.85556,0.33654,1.02,1.1211,1.1151
0.35925,0.13425,0.88889,0.067308,0,0,0,0,0,0,0,0.34316,0.12682,0.91111,0.125,0.34584,0.069478,0.87778,0.096154,0.34584,0.054915,0.83333,0.20192,0.99896,1.0886,1.1041
0.37534,0.099211,0.85556,0.057692,0,0,0,0,0,0,0,0.35925,0.13425,0.88889,0.067308,0.34316,0.12682,0.91111,0.125,0.34584,0.069478,0.87778,0.096154,0.97572,1.0738,1.0928
0.36729,0.055066,0.87778,0.13462,0,0,0,0,0,0,0,0.37534,0.099211,0.85556,0.057692,0.35925,0.13425,0.88889,0.067308,0.34316,0.12682,0.91111,0.125,0.92976,1.055,1.0743
0.37265,0.04642,0.86667,0.057692,0,0,0,0,0,0,0,0.36729,0.055066,0.87778,0.13462,0.37534,0.099211,0.85556,0.057692,0.35925,0.13425,0.88889,0.067308,0.93964,1.036,1.0617
0.38874,0.022906,0.86667,0.16346,0,0,0,0,0,0,0,0.37265,0.04642,0.86667,0.057692,0.36729,0.055066,0.87778,0.13462,0.37534,0.099211,0.85556,0.057692,0.95199,1.0077,1.0412
0.37802,0.016231,0.92222,0.27885,0,0,0,0,0,0,0,0.38874,0.022906,0.86667,0.16346,0.37265,0.04642,0.86667,0.057692,0.36729,0.055066,0.87778,0.13462,0.95936,0.97015,1.0088
0.36461,0.015929,0.95556,0.42308,0,0,0,0,0,0,0,0.37802,0.016231,0.92222,0.27885,0.38874,0.022906,0.86667,0.16346,0.37265,0.04642,0.86667,0.057692,0.98536,0.94215,0.9589
0.35657,0.015929,0.95556,0.61538,0,0,0,0,0,0,0,0.36461,0.015929,0.95556,0.42308,0.37802,0.016231,0.92222,0.27885,0.38874,0.022906,0.86667,0.16346,0.95892,0.88599,0.9058
0.37534,0.015929,0.94444,0.75,0,0,0,0,0,0,0,0.35657,0.015929,0.95556,0.61538,0.36461,0.015929,0.95556,0.42308,0.37802,0.016231,0.92222,0.27885,0.93029,0.88475,0.90441
0.36193,0.016535,0.94444,0.63462,0,0,0,0,0,0,0,0.37534,0.015929,0.94444,0.75,0.35657,0.015929,0.95556,0.61538,0.36461,0.015929,0.95556,0.42308,0.89959,0.88311,0.88219
0.34584,0.015929,0.94444,0.68269,0,0,0,0,0,0,0,0.36193,0.016535,0.94444,0.63462,0.37534,0.015929,0.94444,0.75,0.35657,0.015929,0.95556,0.61538,0.8789,0.88195,0.86699
0.33512,0.016535,0.95556,0.5,0,0,0,0,0,0,0,0.34584,0.015929,0.94444,0.68269,0.36193,0.016535,0.94444,0.63462,0.37534,0.015929,0.94444,0.75,0.87129,0.86361,0.8553
0.31367,0.018963,0.87778,0.13462,0,1,0,0,0,0,0,0.33512,0.016535,0.95556,0.5,0.34584,0.015929,0.94444,0.68269,0.36193,0.016535,0.94444,0.63462,0.86706,0.85386,0.83417
0.30295,0.013501,0.9,0.20192,0,1,0,0,0,0,0,0.31367,0.018963,0.87778,0.13462,0.33512,0.016535,0.95556,0.5,0.34584,0.015929,0.94444,0.68269,0.85552,0.8525,0.82996
0.30027,0.0091017,0.91111,0.13462,0,1,0,0,0,0,0,0.30295,0.013501,0.9,0.20192,0.31367,0.018963,0.87778,0.13462,0.33512,0.016535,0.95556,0.5,0.85069,0.84589,0.82511
0.31099,0.010923,0.91111,0.17308,0,1,0,0,0,0,0,0.30027,0.0091017,0.91111,0.13462,0.30295,0.013501,0.9,0.20192,0.31367,0.018963,0.87778,0.13462,0.85243,0.84511,0.82727
0.31367,0.010012,0.92222,0.18269,0,1,0,0,0,0,0,0.31099,0.010923,0.91111,0.17308,0.30027,0.0091017,0.91111,0.13462,0.30295,0.013501,0.9,0.20192,0.87108,0.9141,0.85513
0.30563,0.015777,0.88889,0.14423,0,1,0,0,0,0,0,0.31367,0.010012,0.92222,0.18269,0.31099,0.010923,0.91111,0.17308,0.30027,0.0091017,0.91111,0.13462,0.9659,0.97707,0.92273
0.31903,0.028671,0.91111,0.096154,0,1,0,0,0,0,0,0.30563,0.015777,0.88889,0.14423,0.31367,0.010012,0.92222,0.18269,0.31099,0.010923,0.91111,0.17308,1.0501,1.0369,1.0207
0.32172,0.052185,0.92222,0.096154,0,1,0,0,0,0,0,0.31903,0.028671,0.91111,0.096154,0.30563,0.015777,0.88889,0.14423,0.31367,0.010012,0.92222,0.18269,1.0468,1.0653,1.0898
0.33512,0.13243,0.88889,0.125,0,1,0,0,0,0,0,0.32172,0.052185,0.92222,0.096154,0.31903,0.028671,0.91111,0.096154,0.30563,0.015777,0.88889,0.14423,1.0535,1.0965,1.134
0.34853,0.1514,0.86667,0.14423,0,1,0,0,0,0,0,0.33512,0.13243,0.88889,0.125,0.32172,0.052185,0.92222,0.096154,0.31903,0.028671,0.91111,0.096154,1.0628,1.1207,1.1559
0.36729,0.1919,0.81111,0.16346,0,1,0,0,0,0,0,0.34853,0.1514,0.86667,0.14423,0.33512,0.13243,0.88889,0.125,0.32172,0.052185,0.92222,0.096154,1.0807,1.0611,1.1676
0.39142,0.42263,0.74444,0.11538,0,1,0,0,0,0,0,0.36729,0.1919,0.81111,0.16346,0.34853,0.1514,0.86667,0.14423,0.33512,0.13243,0.88889,0.125,1.0946,1.0064,1.1479
0.42359,0.50683,0.58889,0.16346,0,1,0,0,0,0,0,0.39142,0.42263,0.74444,0.11538,0.36729,0.1919,0.81111,0.16346,0.34853,0.1514,0.86667,0.14423,1.1182,0.95193,1.1282
0.42895,0.30855,0.54444,0.19231,0,1,0,0,0,0,0,0.42359,0.50683,0.58889,0.16346,0.39142,0.42263,0.74444,0.11538,0.36729,0.1919,0.81111,0.16346,1.1363,0.90036,1.1067
0.44236,0.30188,0.52222,0.14423,0,1,0,0,0,0,0,0.42895,0.30855,0.54444,0.19231,0.42359,0.50683,0.58889,0.16346,0.39142,0.42263,0.74444,0.11538,1.1167,0.94045,1.0951
0.45308,0.17688,0.47778,0.10577,0,1,0,0,0,0,0,0.44236,0.30188,0.52222,0.14423,0.42895,0.30855,0.54444,0.19231,0.42359,0.50683,0.58889,0.16346,1.0933,0.97506,1.0795
0.43164,0.052943,0.55556,0.17308,0,1,0,0,0,0,0,0.45308,0.17688,0.47778,0.10577,0.44236,0.30188,0.52222,0.14423,0.42895,0.30855,0.54444,0.19231,1.0657,1.0454,1.0591
0.40751,0.013804,0.65556,0.16346,0,1,0,0,0,0,0,0.43164,0.052943,0.55556,0.17308,0.45308,0.17688,0.47778,0.10577,0.44236,0.30188,0.52222,0.14423,1.0423,1.0113,1.0247
0.37534,0.01077,0.71111,0.17308,0,1,0,0,0,0,0,0.40751,0.013804,0.65556,0.16346,0.43164,0.052943,0.55556,0.17308,0.45308,0.17688,0.47778,0.10577,1.0073,0.97571,0.97477
0.35121,0.011529,0.74444,0.096154,0,1,0,0,0,0,0,0.37534,0.01077,0.71111,0.17308,0.40751,0.013804,0.65556,0.16346,0.43164,0.052943,0.55556,0.17308,0.96659,0.93707,0.93496
0.33512,0.014108,0.75556,0.086538,0,1,0,0,0,0,0,0.35121,0.011529,0.74444,0.096154,0.37534,0.01077,0.71111,0.17308,0.40751,0.013804,0.65556,0.16346,0.92886,0.90634,0.89741
0.30831,0.013804,0.77778,0.15385,0,1,0,0,0,0,0,0.33512,0.014108,0.75556,0.086538,0.35121,0.011529,0.74444,0.096154,0.37534,0.01077,0.71111,0.17308,0.9098,0.87282,0.87948
0.29759,0.015777,0.74444,0.24038,0,1,0,0,0,0,0,0.30831,0.013804,0.77778,0.15385,0.33512,0.014108,0.75556,0.086538,0.35121,0.011529,0.74444,0.096154,0.89048,0.85669,0.85898
0.30295,0.014866,0.68889,0.17308,0,1,0,0,0,0,0,0.29759,0.015777,0.74444,0.24038,0.30831,0.013804,0.77778,0.15385,0.33512,0.014108,0.75556,0.086538,0.88378,0.85011,0.85816
0.29491,0.013197,0.72222,0.086538,0,0,1,0,0,0,0,0.30295,0.014866,0.68889,0.17308,0.29759,0.015777,0.74444,0.24038,0.30831,0.013804,0.77778,0.15385,0.87641,0.84409,0.84787
0.27614,0.0068261,0.74444,0.11538,0,0,1,0,0,0,0,0.29491,0.013197,0.72222,0.086538,0.30295,0.014866,0.68889,0.17308,0.29759,0.015777,0.74444,0.24038,0.87046,0.83419,0.84697
0.2815,0.0071296,0.7,0.076923,0,0,1,0,0,0,0,0.27614,0.0068261,0.74444,0.11538,0.29491,0.013197,0.72222,0.086538,0.30295,0.014866,0.68889,0.17308,0.865,0.83848,0.84276
0.27614,0.0031861,0.68889,0.11538,0,0,1,0,0,0,0,0.2815,0.0071296,0.7,0.076923,0.27614,0.0068261,0.74444,0.11538,0.29491,0.013197,0.72222,0.086538,0.86996,0.84406,0.84799
0.27882,0.0083435,0.66667,0.096154,0,0,1,0,0,0,0,0.27614,0.0031861,0.68889,0.11538,0.2815,0.0071296,0.7,0.076923,0.27614,0.0068261,0.74444,0.11538,0.91368,0.86851,0.86669
0.2681,0.014866,0.65556,0.25,0,0,1,0,0,0,0,0.27882,0.0083435,0.66667,0.096154,0.27614,0.0031861,0.68889,0.11538,0.2815,0.0071296,0.7,0.076923,0.9852,0.93282,0.92791
0.26542,0.092536,0.65556,0.23077,0,0,1,0,0,0,0,0.2681,0.014866,0.65556,0.25,0.27882,0.0083435,0.66667,0.096154,0.27614,0.0031861,0.68889,0.11538,1.0538,1.0225,1.024
0.31367,0.28474,0.56667,0.15385,0,0,1,0,0,0,0,0.26542,0.092536,0.65556,0.23077,0.2681,0.014866,0.65556,0.25,0.27882,0.0083435,0.66667,0.096154,1.1243,1.1002,1.1026
0.38338,0.35695,0.46667,0.125,0,0,1,0,0,0,0,0.31367,0.28474,0.56667,0.15385,0.26542,0.092536,0.65556,0.23077,0.2681,0.014866,0.65556,0.25,1.192,1.1186,1.1368
0.40483,0.5273,0.46667,0.14423,0,0,1,0,0,0,0,0.38338,0.35695,0.46667,0.125,0.31367,0.28474,0.56667,0.15385,0.26542,0.092536,0.65556,0.23077,1.135,1.1304,1.1489
0.43432,0.58677,0.41111,0.20192,0,0,1,0,0,0,0,0.40483,0.5273,0.46667,0.14423,0.38338,0.35695,0.46667,0.125,0.31367,0.28474,0.56667,0.15385,1.0815,1.1436,1.1499
0.45308,0.62394,0.4,0.28846,0,0,1,0,0,0,0,0.43432,0.58677,0.41111,0.20192,0.40483,0.5273,0.46667,0.14423,0.38338,0.35695,0.46667,0.125,1.0359,1.1342,1.1449
0.47185,0.54642,0.38889,0.36538,0,0,1,0,0,0,0,0.45308,0.62394,0.4,0.28846,0.43432,0.58677,0.41111,0.20192,0.40483,0.5273,0.46667,0.14423,1.0019,1.1154,1.1263
0.49062,0.44053,0.35556,0.35577,0,0,1,0,0,0,0,0.47185,0.54642,0.38889,0.36538,0.45308,0.62394,0.4,0.28846,0.43432,0.58677,0.41111,0.20192,0.96369,1.0899,1.0966
0.4933,0.29187,0.37778,0.31731,0,0,1,0,0,0,0,0.49062,0.44053,0.35556,0.35577,0.47185,0.54642,0.38889,0.36538,0.45308,0.62394,0.4,0.28846,0.94721,1.0673,1.0694
0.4933,0.15777,0.38889,0.24038,0,0,1,0,0,0,0,0.4933,0.29187,0.37778,0.31731,0.49062,0.44053,0.35556,0.35577,0.47185,0.54642,0.38889,0.36538,0.92349,1.0506,1.0441
0.4933,0.039745,0.23333,0.31731,0,0,1,0,0,0,0,0.4933,0.15777,0.38889,0.24038,0.4933,0.29187,0.37778,0.31731,0.49062,0.44053,0.35556,0.35577,0.8944,1.0425,1.0196
0.46381,0.01608,0.21111,0.42308,0,0,1,0,0,0,0,0.4933,0.039745,0.23333,0.31731,0.4933,0.15777,0.38889,0.24038,0.4933,0.29187,0.37778,0.31731,0.89926,1.0209,0.99418
0.44772,0.011984,0.23333,0.38462,0,0,1,0,0,0,0,0.46381,0.01608,0.21111,0.42308,0.4933,0.039745,0.23333,0.31731,0.4933,0.15777,0.38889,0.24038,0.90327,0.97972,0.96255
0.44236,0.015929,0.28889,0.41346,0,0,1,0,0,0,0,0.44772,0.011984,0.23333,0.38462,0.46381,0.01608,0.21111,0.42308,0.4933,0.039745,0.23333,0.31731,0.96392,0.94507,0.91826
0.42627,0.015777,0.36667,0.26923,0,0,1,0,0,0,0,0.44236,0.015929,0.28889,0.41346,0.44772,0.011984,0.23333,0.38462,0.46381,0.01608,0.21111,0.42308,0.90837,0.91587,0.88524
0.3941,0.015777,0.51111,0.30769,0,0,1,0,0,0,0,0.42627,0.015777,0.36667,0.26923,0.44236,0.015929,0.28889,0.41346,0.44772,0.011984,0.23333,0.38462,0.90647,0.88422,0.85593
0.37534,0.016231,0.56667,0.32692,0,0,1,0,0,0,0,0.3941,0.015777,0.51111,0.30769,0.42627,0.015777,0.36667,0.26923,0.44236,0.015929,0.28889,0.41346,0.89526,0.86889,0.8431
0.3941,0.01608,0.52222,0.25962,0,0,1,0,0,0,0,0.37534,0.016231,0.56667,0.32692,0.3941,0.015777,0.51111,0.30769,0.42627,0.015777,0.36667,0.26923,0.89089,0.86399,0.82963
0.33512,0.014866,0.63333,0.56731,0,0,0,1,0,0,0,0.3941,0.01608,0.52222,0.25962,0.37534,0.016231,0.56667,0.32692,0.3941,0.015777,0.51111,0.30769,0.88349,0.85892,0.81715
0.19303,0.015929,0.83333,0.67308,0,0,0,1,0,0,0,0.33512,0.014866,0.63333,0.56731,0.3941,0.01608,0.52222,0.25962,0.37534,0.016231,0.56667,0.32692,0.88274,0.84925,0.80725
0.17694,0.015473,0.84444,0.66346,0,0,0,1,0,0,0,0.19303,0.015929,0.83333,0.67308,0.33512,0.014866,0.63333,0.56731,0.3941,0.01608,0.52222,0.25962,0.883,0.84506,0.84395
0.11796,0.016838,0.92222,0.73077,0,0,0,1,0,0,0,0.17694,0.015473,0.84444,0.66346,0.19303,0.015929,0.83333,0.67308,0.33512,0.014866,0.63333,0.56731,0.89877,0.8447,0.8556
0.1126,0.013046,0.96667,0.58654,0,0,0,1,0,0,0,0.11796,0.016838,0.92222,0.73077,0.17694,0.015473,0.84444,0.66346,0.19303,0.015929,0.83333,0.67308,0.91544,0.85917,0.84685
0.15013,0.017142,0.94444,0.56731,0,0,0,1,0,0,0,0.1126,0.013046,0.96667,0.58654,0.11796,0.016838,0.92222,0.73077,0.17694,0.015473,0.84444,0.66346,0.9303,0.89358,0.88192
0.17962,0.02412,0.9,0.48077,0,0,0,1,0,0,0,0.15013,0.017142,0.94444,0.56731,0.1126,0.013046,0.96667,0.58654,0.11796,0.016838,0.92222,0.73077,0.94601,0.93256,0.90651
0.18231,0.050364,0.9,0.35577,0,0,0,1,0,0,0,0.17962,0.02412,0.9,0.48077,0.15013,0.017142,0.94444,0.56731,0.1126,0.013046,0.96667,0.58654,0.95264,0.95537,0.92863
0.18767,0.056431,0.9,0.35577,0,0,0,1,0,0,0,0.18231,0.050364,0.9,0.35577,0.17962,0.02412,0.9,0.48077,0.15013,0.017142,0.94444,0.56731,0.97704,0.96345,0.93398
0.20912,0.11195,0.85556,0.24038,0,0,0,1,0,0,0,0.18767,0.056431,0.9,0.35577,0.18231,0.050364,0.9,0.35577,0.17962,0.02412,0.9,0.48077,0.97951,0.95944,0.93718
0.21448,0.088592,0.82222,0.25,0,0,0,1,0,0,0,0.20912,0.11195,0.85556,0.24038,0.18767,0.056431,0.9,0.35577,0.18231,0.050364,0.9,0.35577,0.97478,0.95318,0.94215
0.20912,0.10649,0.84444,0.31731,0,0,0,1,0,0,0,0.21448,0.088592,0.82222,0.25,0.20912,0.11195,0.85556,0.24038,0.18767,0.056431,0.9,0.35577,0.96426,0.94051,0.93432
0.20643,0.14609,0.83333,0.22115,0,0,0,1,0,0,0,0.20912,0.10649,0.84444,0.31731,0.21448,0.088592,0.82222,0.25,0.20912,0.11195,0.85556,0.24038,0.95285,0.92937,0.91662
0.23861,0.28671,0.78889,0.13462,0,0,0,1,0,0,0,0.20643,0.14609,0.83333,0.22115,0.20912,0.10649,0.84444,0.31731,0.21448,0.088592,0.82222,0.25,0.93374,0.90659,0.89659
0.26005,0.27594,0.7,0.17308,0,0,0,1,0,0,0,0.23861,0.28671,0.78889,0.13462,0.20643,0.14609,0.83333,0.22115,0.20912,0.10649,0.84444,0.31731,0.91544,0.89832,0.89481
0.26005,0.13668,0.66667,0.28846,0,0,0,1,0,0,0,0.26005,0.27594,0.7,0.17308,0.23861,0.28671,0.78889,0.13462,0.20643,0.14609,0.83333,0.22115,0.90594,0.89687,0.89649
0.24397,0.099514,0.7,0.22115,0,0,0,1,0,0,0,0.26005,0.13668,0.66667,0.28846,0.26005,0.27594,0.7,0.17308,0.23861,0.28671,0.78889,0.13462,0.90603,0.90328,0.89679
0.23592,0.016384,0.73333,0.17308,0,0,0,1,0,0,0,0.24397,0.099514,0.7,0.22115,0.26005,0.13668,0.66667,0.28846,0.26005,0.27594,0.7,0.17308,0.91437,0.90553,0.88759
0.23324,0.015777,0.74444,0.15385,0,0,0,1,0,0,0,0.23592,0.016384,0.73333,0.17308,0.24397,0.099514,0.7,0.22115,0.26005,0.13668,0.66667,0.28846,0.9093,0.90012,0.87813
0.23324,0.01608,0.74444,0.125,0,0,0,1,0,0,0,0.23324,0.015777,0.74444,0.15385,0.23592,0.016384,0.73333,0.17308,0.24397,0.099514,0.7,0.22115,0.89898,0.88974,0.86913
0.23592,0.016384,0.72222,0.13462,0,0,0,1,0,0,0,0.23324,0.01608,0.74444,0.125,0.23324,0.015777,0.74444,0.15385,0.23592,0.016384,0.73333,0.17308,0.88971,0.87293,0.85865
0.23861,0.015777,0.7,0.13462,0,0,0,1,0,0,0,0.23592,0.016384,0.72222,0.13462,0.23324,0.01608,0.74444,0.125,0.23324,0.015777,0.74444,0.15385,0.88557,0.87083,0.84755
0.23056,0.015473,0.74444,0.096154,0,0,0,1,0,0,0,0.23861,0.015777,0.7,0.13462,0.23592,0.016384,0.72222,0.13462,0.23324,0.01608,0.74444,0.125,0.87457,0.85819,0.84133
0.20912,0.01608,0.8,0.16346,0,0,0,1,0,0,0,0.23056,0.015473,0.74444,0.096154,0.23861,0.015777,0.7,0.13462,0.23592,0.016384,0.72222,0.13462,0.86967,0.84196,0.83759
