0.86331
0.86469
0.85466
0.85468
0.86934
0.93781
1.0276
1.1082
1.1494
1.1647
1.1634
1.1653
1.1633
1.1477
1.1292
1.1218
1.1084
1.0707
1.0249
0.98465
0.94445
0.91606
0.90351
0.89717
0.88697
0.88419
0.88535
0.87704
0.91371
0.97467
1.0629
1.133
1.1523
1.1731
1.2151
1.2131
1.1821
1.1601
1.1476
1.1194
1.0899
1.0585
1.0123
0.96618
0.92928
0.90736
0.89365
0.89574
0.88803
0.8771
0.87495
0.90417
0.95283
1.0106
1.0809
1.1543
1.1953
1.238
1.2702
1.3022
1.2248
1.1833
1.1051
1.177
1.2341
1.2896
1.32
1.1223
1.051
0.87464
0.85708
0.85447
0.85218
0.8585
0.857
0.85231
0.89834
0.95662
1.0152
1.0656
1.1105
1.1444
1.1521
1.1394
1.1086
1.1003
1.0956
1.0877
1.0717
1.0415
0.99383
0.94797
0.91707
0.89471
0.87983
0.86633
0.8547
0.852
0.86225
0.87432
0.90793
0.89995
0.90897
0.92784
0.92484
0.92658
0.92734
0.92159
0.90531
0.88735
0.87891
0.88193
0.88772
0.88072
0.86862
0.85933
0.84584
0.83866
0.82763
0.83179
0.8344
0.83711
0.83678
0.83462
0.84339
0.85443
0.87314
0.88181
0.88555
0.88493
0.88858
0.88271
0.88385
0.88263
0.87818
0.87007
0.88155
0.88959
0.89251
0.88383
0.87377
0.86359
0.86464
0.85841
0.8434
0.83988
0.84483
0.84611
0.87363
0.92698
1.0223
1.0982
1.1395
1.1583
1.1674
1.1391
1.1118
1.0989
1.0885
1.066
1.0377
1.0086
0.98162
0.95497
0.91445
0.87307
0.85931
0.84172
0.824
0.79791
0.80697
0.81629
0.84896
0.90923
0.98897
1.0454
1.0856
1.1228
1.1642
1.02
0.99896
0.97572
0.92976
0.93964
0.95199
0.95936
0.98536
0.95892
0.93029
0.89959
0.8789
0.87129
0.86732
0.86045
0.86036
0.84505
0.89982
0.96468
1.0621
1.139
1.2185
1.1965
1.2008
1.1951
1.194
1.158
1.1234
1.0919
1.0675
1.0429
1.0059
0.96241
0.92202
0.89163
0.87563
0.86779
0.86706
0.85552
0.85069
0.85243
0.87108
0.9659
1.0501
1.0468
1.0535
1.0628
1.0807
1.0946
1.1182
1.1363
1.1167
1.0933
1.0657
1.0423
1.0073
0.96659
0.92886
0.9098
0.89048
0.88378
0.87641
0.87046
0.865
0.86996
0.91368
0.9852
1.0538
1.1243
1.192
1.135
1.0815
1.0359
1.0019
0.96369
0.94721
0.92349
0.8944
0.89926
0.90327
0.96392
0.90837
0.90647
0.89526
0.89089
0.88349
0.88274
0.883
0.89877
0.91544
0.9303
0.94601
0.95264
0.97704
0.97951
0.97478
0.96426
0.95285
0.93374
0.91544
0.90594
0.90603
0.91437
0.9093
0.89898
0.88971
0.88557
0.87457
0.86967
0.87181
0.88258
0.89261
0.98268
1.0495
1.1191
1.1907
1.0756
0.97632
0.96424
0.9464
0.87405
0.79368
0.81312
0.83281
0.85267
0.871
0.88787
0.90108
0.89424
0.88417
0.87211
0.85936
0.85618
