original,trained_s_1,trained_s_2,trained_s_3,trained_b_1,trained_b_2,trained_b_3
0.60322,0.60322,0.60322,0.60322,0.60322,0.60322,0.60322
0.58445,0.58445,0.58445,0.58445,0.58445,0.58445,0.58445
0.58713,0.58713,0.58713,0.58713,0.58713,0.58713,0.58713
0.57909,0.57909,0.57909,0.57909,0.57909,0.57909,0.57909
0.58177,0.58177,0.58177,0.58177,0.58177,0.58177,0.58177
0.61394,0.61394,0.61394,0.61394,0.61394,0.61394,0.61394
0.68097,0.68097,0.68097,0.68097,0.68097,0.68097,0.68097
0.72654,0.72654,0.72654,0.72654,0.72654,0.72654,0.72654
0.78016,0.78016,0.78016,0.78016,0.78016,0.78016,0.78016
0.80697,0.80697,0.80697,0.80697,0.80697,0.80697,0.80697
0.82842,0.82842,0.82842,0.82842,0.82842,0.82842,0.82842
0.84182,0.84182,0.84182,0.84182,0.84182,0.84182,0.84182
0.86059,0.86059,0.86059,0.86059,0.86059,0.86059,0.86059
0.87399,0.87399,0.87399,0.87399,0.87399,0.87399,0.87399
0.87936,0.87936,0.87936,0.87936,0.87936,0.87936,0.87936
0.87936,0.87936,0.87936,0.87936,0.87936,0.87936,0.87936
0.87131,0.87131,0.87131,0.87131,0.87131,0.87131,0.87131
0.86059,0.86059,0.86059,0.86059,0.86059,0.86059,0.86059
0.84987,0.84987,0.84987,0.84987,0.84987,0.84987,0.84987
0.80429,0.80429,0.80429,0.80429,0.80429,0.80429,0.80429
0.74531,0.74531,0.74531,0.74531,0.74531,0.74531,0.74531
0.71046,0.71046,0.71046,0.71046,0.71046,0.71046,0.71046
0.68633,0.68633,0.68633,0.68633,0.68633,0.68633,0.68633
0.66756,0.66756,0.66756,0.66756,0.66756,0.66756,0.66756
0.65952,0.65952,0.65952,0.65952,0.65952,0.65952,0.65952
0.65147,0.65147,0.65147,0.65147,0.65147,0.65147,0.65147
0.64075,0.64075,0.64075,0.64075,0.64075,0.64075,0.64075
0.62198,0.62198,0.62198,0.62198,0.62198,0.62198,0.62198
0.6193,0.6193,0.6193,0.6193,0.6193,0.6193,0.6193
0.67024,0.67024,0.67024,0.67024,0.67024,0.67024,0.67024
0.73995,0.73995,0.73995,0.73995,0.73995,0.73995,0.73995
0.79357,0.79357,0.79357,0.79357,0.79357,0.79357,0.79357
0.83646,0.83646,0.83646,0.83646,0.83646,0.83646,0.83646
0.86059,0.86059,0.86059,0.86059,0.86059,0.86059,0.86059
0.87936,0.87936,0.87936,0.87936,0.87936,0.87936,0.87936
0.89544,0.89544,0.89544,0.89544,0.89544,0.89544,0.89544
0.90617,0.90617,0.90617,0.90617,0.90617,0.90617,0.90617
0.92761,0.92761,0.92761,0.92761,0.92761,0.92761,0.92761
0.93029,0.93029,0.93029,0.93029,0.93029,0.93029,0.93029
0.93029,0.93029,0.93029,0.93029,0.93029,0.93029,0.93029
0.92225,0.92225,0.92225,0.92225,0.92225,0.92225,0.92225
0.90885,0.90885,0.90885,0.90885,0.90885,0.90885,0.90885
0.89544,0.89544,0.89544,0.89544,0.89544,0.89544,0.89544
0.84718,0.84718,0.84718,0.84718,0.84718,0.84718,0.84718
0.79088,0.79088,0.79088,0.79088,0.79088,0.79088,0.79088
0.76408,0.76408,0.76408,0.76408,0.76408,0.76408,0.76408
0.73727,0.73727,0.73727,0.73727,0.73727,0.73727,0.73727
0.71046,0.71046,0.71046,0.71046,0.71046,0.71046,0.71046
0.69973,0.69973,0.69973,0.69973,0.69973,0.69973,0.69973
0.69169,0.69169,0.69169,0.69169,0.69169,0.69169,0.69169
0.68097,0.68097,0.68097,0.68097,0.68097,0.68097,0.68097
0.66756,0.66756,0.66756,0.66756,0.66756,0.66756,0.66756
0.67024,0.67024,0.67024,0.67024,0.67024,0.67024,0.67024
0.69973,0.69973,0.69973,0.69973,0.69973,0.69973,0.69973
0.75871,0.75871,0.75871,0.75871,0.75871,0.75871,0.75871
0.80965,0.80965,0.80965,0.80965,0.80965,0.80965,0.80965
0.85791,0.85791,0.85791,0.85791,0.85791,0.85791,0.85791
0.89276,0.89276,0.89276,0.89276,0.89276,0.89276,0.89276
0.91689,0.91689,0.91689,0.91689,0.91689,0.91689,0.91689
0.92761,0.92761,0.92761,0.92761,0.92761,0.92761,0.92761
0.93566,0.93566,0.93566,0.93566,0.93566,0.93566,0.93566
0.97587,0.97587,0.97587,0.97587,0.97587,0.97587,0.97587
0.96783,0.96783,0.96783,0.96783,0.96783,0.96783,0.96783
0.98123,0.98123,0.98123,0.98123,0.98123,0.98123,0.98123
0.96247,0.96247,0.96247,0.96247,0.96247,0.96247,0.96247
0.95442,0.95442,0.95442,0.95442,0.95442,0.95442,0.95442
0.93566,0.93566,0.93566,0.93566,0.93566,0.93566,0.93566
0.86863,0.86863,0.86863,0.86863,0.86863,0.86863,0.86863
0.8311,0.8311,0.8311,0.8311,0.8311,0.8311,0.8311
0.80697,0.80697,0.80697,0.80697,0.80697,0.80697,0.80697
0.78552,0.78552,0.78552,0.78552,0.78552,0.78552,0.78552
0.77212,0.77212,0.77212,0.77212,0.77212,0.77212,0.77212
0.76139,0.76139,0.76139,0.76139,0.76139,0.76139,0.76139
0.75603,0.75603,0.75603,0.75603,0.75603,0.75603,0.75603
0.7319,0.7319,0.7319,0.7319,0.7319,0.7319,0.7319
0.7185,0.7185,0.7185,0.7185,0.7185,0.7185,0.7185
0.72654,0.72654,0.72654,0.72654,0.72654,0.72654,0.72654
0.73458,0.73458,0.73458,0.73458,0.73458,0.73458,0.73458
0.77748,0.77748,0.77748,0.77748,0.77748,0.77748,0.77748
0.8445,0.8445,0.8445,0.8445,0.8445,0.8445,0.8445
0.90617,0.90617,0.90617,0.90617,0.90617,0.90617,0.90617
0.93298,0.93298,0.93298,0.93298,0.93298,0.93298,0.93298
0.9437,0.9437,0.9437,0.9437,0.9437,0.9437,0.9437
0.98123,0.98123,0.98123,0.98123,0.98123,0.98123,0.98123
1,1,1,1,1,1,1
0.98928,0.98928,0.98928,0.98928,0.98928,0.98928,0.98928
0.89276,0.89276,0.89276,0.89276,0.89276,0.89276,0.89276
0.80429,0.80429,0.80429,0.80429,0.80429,0.80429,0.80429
0.87668,0.87668,0.87668,0.87668,0.87668,0.87668,0.87668
0.89812,0.89812,0.89812,0.89812,0.89812,0.89812,0.89812
0.89544,0.89544,0.89544,0.89544,0.89544,0.89544,0.89544
0.84987,0.84987,0.84987,0.84987,0.84987,0.84987,0.84987
0.81501,0.81501,0.81501,0.81501,0.81501,0.81501,0.81501
0.79893,0.79893,0.79893,0.79893,0.79893,0.79893,0.79893
0.78016,0.78016,0.78016,0.78016,0.78016,0.78016,0.78016
0.76139,0.76139,0.76139,0.76139,0.76139,0.76139,0.76139
0.73995,0.73995,0.73995,0.73995,0.73995,0.73995,0.73995
0.72118,0.72118,0.72118,0.72118,0.72118,0.72118,0.72118
0.70509,0.70509,0.70509,0.70509,0.70509,0.70509,0.70509
0.69705,0.69705,0.69705,0.69705,0.69705,0.69705,0.69705
0.69437,0.69437,0.69437,0.69437,0.69437,0.69437,0.69437
0.71582,0.71582,0.71582,0.71582,0.71582,0.71582,0.71582
0.76139,0.76139,0.76139,0.76139,0.76139,0.76139,0.76139
0.82306,0.82306,0.82306,0.82306,0.82306,0.82306,0.82306
0.8445,0.8445,0.8445,0.8445,0.8445,0.8445,0.8445
0.84182,0.84182,0.84182,0.84182,0.84182,0.84182,0.84182
0.86595,0.86595,0.86595,0.86595,0.86595,0.86595,0.86595
0.89812,0.89812,0.89812,0.89812,0.89812,0.89812,0.89812
0.91153,0.91153,0.91153,0.91153,0.91153,0.91153,0.91153
0.91957,0.91957,0.91957,0.91957,0.91957,0.91957,0.91957
0.90885,0.90885,0.90885,0.90885,0.90885,0.90885,0.90885
0.93566,0.93566,0.93566,0.93566,0.93566,0.93566,0.93566
0.92225,0.92225,0.92225,0.92225,0.92225,0.92225,0.92225
0.84182,0.84182,0.84182,0.84182,0.84182,0.84182,0.84182
0.85791,0.85791,0.85791,0.85791,0.85791,0.85791,0.85791
0.81769,0.81769,0.81769,0.81769,0.81769,0.81769,0.81769
0.79893,0.79893,0.79893,0.79893,0.79893,0.79893,0.79893
0.76676,0.76676,0.76676,0.76676,0.76676,0.76676,0.76676
0.75603,0.75603,0.75603,0.75603,0.75603,0.75603,0.75603
0.74531,0.74531,0.74531,0.74531,0.74531,0.74531,0.74531
0.70777,0.70777,0.70777,0.70777,0.70777,0.70777,0.70777
0.68365,0.68365,0.68365,0.68365,0.68365,0.68365,0.68365
0.67828,0.67828,0.67828,0.67828,0.67828,0.67828,0.67828
0.65416,0.65416,0.65416,0.65416,0.65416,0.65416,0.65416
0.62466,0.62466,0.62466,0.62466,0.62466,0.62466,0.62466
0.66488,0.66488,0.66488,0.66488,0.66488,0.66488,0.66488
0.69169,0.69169,0.69169,0.69169,0.69169,0.69169,0.69169
0.73727,0.73727,0.73727,0.73727,0.73727,0.73727,0.73727
0.76408,0.76408,0.76408,0.76408,0.76408,0.76408,0.76408
0.78552,0.78552,0.78552,0.78552,0.78552,0.78552,0.78552
0.80965,0.80965,0.80965,0.80965,0.80965,0.80965,0.80965
0.83914,0.83914,0.83914,0.83914,0.83914,0.83914,0.83914
0.84987,0.84987,0.84987,0.84987,0.84987,0.84987,0.84987
0.84718,0.84718,0.84718,0.84718,0.84718,0.84718,0.84718
0.82842,0.82842,0.82842,0.82842,0.82842,0.82842,0.82842
0.78284,0.78284,0.78284,0.78284,0.78284,0.78284,0.78284
0.78284,0.78284,0.78284,0.78284,0.78284,0.78284,0.78284
0.78552,0.78552,0.78552,0.78552,0.78552,0.78552,0.78552
0.76676,0.76676,0.76676,0.76676,0.76676,0.76676,0.76676
0.73995,0.73995,0.73995,0.73995,0.73995,0.73995,0.73995
0.7185,0.7185,0.7185,0.7185,0.7185,0.7185,0.7185
0.71046,0.71046,0.71046,0.71046,0.71046,0.71046,0.71046
0.6756,0.6756,0.6756,0.6756,0.6756,0.6756,0.6756
0.65147,0.65147,0.65147,0.65147,0.65147,0.65147,0.65147
0.64075,0.64075,0.64075,0.64075,0.64075,0.64075,0.64075
0.62735,0.62735,0.62735,0.62735,0.62735,0.62735,0.62735
0.60322,0.60322,0.60322,0.60322,0.60322,0.60322,0.60322
0.58981,0.58981,0.58981,0.58981,0.58981,0.58981,0.58981
0.59786,0.59786,0.59786,0.59786,0.59786,0.59786,0.59786
0.63271,0.63271,0.63271,0.63271,0.63271,0.63271,0.63271
0.70777,0.70777,0.70777,0.70777,0.70777,0.70777,0.70777
0.73727,0.73727,0.73727,0.73727,0.73727,0.73727,0.73727
0.76139,0.76139,0.76139,0.76139,0.76139,0.76139,0.76139
0.78552,0.78552,0.78552,0.78552,0.78552,0.78552,0.78552
0.81233,0.81233,0.81233,0.81233,0.81233,0.81233,0.81233
0.8311,0.8311,0.8311,0.8311,0.8311,0.8311,0.8311
0.84987,0.84987,0.84987,0.84987,0.84987,0.84987,0.84987
0.85255,0.85255,0.85255,0.85255,0.85255,0.85255,0.85255
0.86059,0.86059,0.86059,0.86059,0.86059,0.86059,0.86059
0.86059,0.86059,0.86059,0.86059,0.86059,0.86059,0.86059
0.84987,0.84987,0.84987,0.84987,0.84987,0.84987,0.84987
0.81769,0.81769,0.81769,0.81769,0.81769,0.81769,0.81769
0.7882,0.7882,0.7882,0.7882,0.7882,0.7882,0.7882
0.76676,0.76676,0.76676,0.76676,0.76676,0.76676,0.76676
0.75067,0.75067,0.75067,0.75067,0.75067,0.75067,0.75067
0.72922,0.72922,0.72922,0.72922,0.72922,0.72922,0.72922
0.69973,0.69973,0.69973,0.69973,0.69973,0.69973,0.69973
0.6622,0.6622,0.6622,0.6622,0.6622,0.6622,0.6622
0.65684,0.65684,0.65684,0.65684,0.65684,0.65684,0.65684
0.64343,0.64343,0.64343,0.64343,0.64343,0.64343,0.64343
0.63271,0.63271,0.63271,0.63271,0.63271,0.63271,0.63271
0.62735,0.62735,0.62735,0.62735,0.62735,0.62735,0.62735
0.64611,0.64611,0.64611,0.64611,0.64611,0.64611,0.64611
0.65147,0.65147,0.65147,0.65147,0.65147,0.65147,0.65147
0.71046,0.71046,0.71046,0.71046,0.71046,0.71046,0.71046
0.74799,0.74799,0.74799,0.74799,0.74799,0.74799,0.74799
0.78284,0.78284,0.78284,0.78284,0.78284,0.78284,0.78284
0.82306,0.82306,0.82306,0.82306,0.82306,0.82306,0.82306
0.85523,0.85523,0.85523,0.85523,0.85523,0.85523,0.85523
0.87399,0.87399,0.87399,0.87399,0.87399,0.87399,0.87399
0.8874,0.8874,0.8874,0.8874,0.8874,0.8874,0.8874
0.89812,0.89812,0.89812,0.89812,0.89812,0.89812,0.89812
0.89544,0.89544,0.89544,0.89544,0.89544,0.89544,0.89544
0.8874,0.8874,0.8874,0.8874,0.8874,0.8874,0.8874
0.87131,0.87131,0.87131,0.87131,0.87131,0.87131,0.87131
0.84718,0.84718,0.84718,0.84718,0.84718,0.84718,0.84718
0.81769,0.81769,0.81769,0.81769,0.81769,0.81769,0.81769
0.77748,0.77748,0.77748,0.77748,0.77748,0.77748,0.77748
0.75335,0.75335,0.75335,0.75335,0.75335,0.75335,0.75335
0.73727,0.73727,0.73727,0.73727,0.73727,0.73727,0.73727
0.7319,0.7319,0.7319,0.7319,0.7319,0.7319,0.7319
0.7319,0.7319,0.7319,0.7319,0.7319,0.7319,0.7319
0.72386,0.72386,0.72386,0.72386,0.72386,0.72386,0.72386
0.71046,0.71046,0.71046,0.71046,0.71046,0.71046,0.71046
0.69437,0.69437,0.69437,0.69437,0.69437,0.69437,0.69437
0.67828,0.67828,0.67828,0.67828,0.67828,0.67828,0.67828
0.6756,0.6756,0.6756,0.6756,0.6756,0.6756,0.6756
0.67292,0.67292,0.67292,0.67292,0.67292,0.67292,0.67292
0.70777,0.70777,0.70777,0.70777,0.70777,0.70777,0.70777
0.73995,0.73995,0.73995,0.73995,0.73995,0.73995,0.73995
0.76408,0.76408,0.76408,0.76408,0.76408,0.76408,0.76408
0.81769,0.81769,0.81769,0.81769,0.81769,0.81769,0.81769
0.85523,0.85523,0.85523,0.85523,0.85523,0.85523,0.85523
0.89008,0.89008,0.89008,0.89008,0.89008,0.89008,0.89008
0.91957,0.91957,0.91957,0.91957,0.91957,0.91957,0.91957
0.91689,0.91689,0.91689,0.91689,0.91689,0.91689,0.91689
0.92493,0.92493,0.92493,0.92493,0.92493,0.92493,0.92493
0.93566,0.93566,0.93566,0.93566,0.93566,0.93566,0.93566
0.92493,0.92493,0.92493,0.92493,0.92493,0.92493,0.92493
0.8874,0.8874,0.8874,0.8874,0.8874,0.8874,0.8874
0.85255,0.85255,0.85255,0.85255,0.85255,0.85255,0.85255
0.83378,0.83378,0.83378,0.83378,0.83378,0.83378,0.83378
0.82306,0.82306,0.82306,0.82306,0.82306,0.82306,0.82306
0.79625,0.79625,0.79625,0.79625,0.79625,0.79625,0.79625
0.76676,0.76676,0.76676,0.76676,0.76676,0.76676,0.76676
0.75335,0.75335,0.75335,0.75335,0.75335,0.75335,0.75335
0.74263,0.74263,0.74263,0.74263,0.74263,0.74263,0.74263
0.72654,0.72654,0.72654,0.72654,0.72654,0.72654,0.72654
0.69973,0.69973,0.69973,0.69973,0.69973,0.69973,0.69973
0.67828,0.67828,0.67828,0.67828,0.67828,0.67828,0.67828
0.6622,0.6622,0.6622,0.6622,0.6622,0.6622,0.6622
0.69437,0.69437,0.69437,0.69437,0.69437,0.69437,0.69437
0.72386,0.72386,0.72386,0.72386,0.72386,0.72386,0.72386
0.76676,0.76676,0.76676,0.76676,0.76676,0.76676,0.76676
0.78552,0.78552,0.78552,0.78552,0.78552,0.78552,0.78552
0.82842,0.82842,0.82842,0.82842,0.82842,0.82842,0.82842
0.86327,0.86327,0.86327,0.86327,0.86327,0.86327,0.86327
0.87936,0.87936,0.87936,0.87936,0.87936,0.87936,0.87936
0.89008,0.89008,0.89008,0.89008,0.89008,0.89008,0.89008
0.90349,0.90349,0.90349,0.90349,0.90349,0.90349,0.90349
0.90617,0.90617,0.90617,0.90617,0.90617,0.90617,0.90617
0.88472,0.88472,0.88472,0.88472,0.88472,0.88472,0.88472
0.83378,0.83378,0.83378,0.83378,0.83378,0.83378,0.83378
0.82574,0.82574,0.82574,0.82574,0.82574,0.82574,0.82574
0.81501,0.81501,0.81501,0.81501,0.81501,0.81501,0.81501
0.81233,0.81233,0.81233,0.81233,0.81233,0.81233,0.81233
0.79357,0.79357,0.79357,0.79357,0.79357,0.79357,0.79357
0.77748,0.77748,0.77748,0.77748,0.77748,0.77748,0.77748
0.76408,0.76408,0.76408,0.76408,0.76408,0.76408,0.76408
0.74531,0.74531,0.74531,0.74531,0.74531,0.74531,0.74531
0.72118,0.72118,0.72118,0.72118,0.72118,0.72118,0.72118
0.70241,0.70241,0.70241,0.70241,0.70241,0.70241,0.70241
0.69169,0.69169,0.69169,0.69169,0.69169,0.69169,0.69169
0.67828,0.67828,0.67828,0.67828,0.67828,0.67828,0.67828
0.66488,0.66488,0.66488,0.66488,0.66488,0.66488,0.66488
0.68365,0.68365,0.68365,0.68365,0.68365,0.68365,0.68365
0.73458,0.73458,0.73458,0.73458,0.73458,0.73458,0.73458
0.78284,0.78284,0.78284,0.78284,0.78284,0.78284,0.78284
0.82306,0.82306,0.82306,0.82306,0.82306,0.82306,0.82306
0.85255,0.85255,0.85255,0.85255,0.85255,0.85255,0.85255
0.88204,0.88204,0.88204,0.88204,0.88204,0.88204,0.88204
0.90617,0.90617,0.90617,0.90617,0.90617,0.90617,0.90617
0.90885,0.90885,0.90885,0.90885,0.90885,0.90885,0.90885
0.93566,0.93566,0.93566,0.93566,0.93566,0.93566,0.93566
0.94638,0.94638,0.94638,0.94638,0.94638,0.94638,0.94638
0.94906,0.94906,0.94906,0.94906,0.94906,0.94906,0.94906
0.93029,0.93029,0.93029,0.93029,0.93029,0.93029,0.93029
0.80161,0.80161,0.80161,0.80161,0.80161,0.80161,0.80161
0.74263,0.74263,0.74263,0.74263,0.74263,0.74263,0.74263
0.78016,0.78016,0.78016,0.78016,0.78016,0.78016,0.78016
0.78016,0.78016,0.78016,0.78016,0.78016,0.78016,0.78016
0.76408,0.76408,0.76408,0.76408,0.76408,0.76408,0.76408
0.75067,0.75067,0.75067,0.75067,0.75067,0.75067,0.75067
0.73458,0.73458,0.73458,0.73458,0.73458,0.73458,0.73458
0.72654,0.72654,0.72654,0.72654,0.72654,0.72654,0.72654
0.70241,0.70241,0.70241,0.70241,0.70241,0.70241,0.70241
0.68633,0.68633,0.68633,0.68633,0.68633,0.68633,0.68633
0.67828,0.67828,0.67828,0.67828,0.67828,0.67828,0.67828
0.67828,0.67828,0.67828,0.67828,0.67828,0.67828,0.67828
0.70777,0.70777,0.70777,0.70777,0.70777,0.70777,0.70777
0.73727,0.73727,0.73727,0.73727,0.73727,0.73727,0.73727
0.76408,0.76408,0.76408,0.76408,0.76408,0.76408,0.76408
0.79088,0.79088,0.79088,0.79088,0.79088,0.79088,0.79088
0.83378,0.83378,0.83378,0.83378,0.83378,0.83378,0.83378
0.84987,0.84987,0.84987,0.84987,0.84987,0.84987,0.84987
0.8445,0.8445,0.8445,0.8445,0.8445,0.8445,0.8445
0.86327,0.86327,0.86327,0.86327,0.86327,0.86327,0.86327
0.87936,0.87936,0.87936,0.87936,0.87936,0.87936,0.87936
0.8874,0.8874,0.8874,0.8874,0.8874,0.8874,0.8874
0.89008,0.89008,0.89008,0.89008,0.89008,0.89008,0.89008
0.86863,0.86863,0.86863,0.86863,0.86863,0.86863,0.86863
0.83646,0.83646,0.83646,0.83646,0.83646,0.83646,0.83646
0.78284,0.78284,0.78284,0.78284,0.78284,0.78284,0.78284
0.72922,0.72922,0.72922,0.72922,0.72922,0.72922,0.72922
0.69973,0.69973,0.69973,0.69973,0.69973,0.69973,0.69973
0.70241,0.70241,0.70241,0.70241,0.70241,0.70241,0.70241
0.70241,0.70241,0.70241,0.70241,0.70241,0.70241,0.70241
0.68901,0.68901,0.68901,0.68901,0.68901,0.68901,0.68901
0.66756,0.66756,0.66756,0.66756,0.66756,0.66756,0.66756
0.6622,0.6622,0.6622,0.6622,0.6622,0.6622,0.6622
0.65684,0.65684,0.65684,0.65684,0.65684,0.65684,0.65684
0.6622,0.6622,0.6622,0.6622,0.6622,0.6622,0.6622
0.65416,0.65416,0.65416,0.65416,0.65416,0.65416,0.65416
0.65416,0.65416,0.65416,0.65416,0.65416,0.65416,0.65416
0.67292,0.67292,0.67292,0.67292,0.67292,0.67292,0.67292
0.70241,0.70241,0.70241,0.70241,0.70241,0.70241,0.70241
0.73995,0.73995,0.73995,0.73995,0.73995,0.73995,0.73995
0.76944,0.76944,0.76944,0.76944,0.76944,0.76944,0.76944
0.78284,0.78284,0.78284,0.78284,0.78284,0.78284,0.78284
0.80161,0.80161,0.80161,0.80161,0.80161,0.80161,0.80161
0.81501,0.81501,0.81501,0.81501,0.81501,0.81501,0.81501
0.82574,0.82574,0.82574,0.82574,0.82574,0.82574,0.82574
0.82574,0.82574,0.82574,0.82574,0.82574,0.82574,0.82574
0.82842,0.82842,0.82842,0.82842,0.82842,0.82842,0.82842
0.82306,0.82306,0.82306,0.82306,0.82306,0.82306,0.82306
0.80429,0.80429,0.80429,0.80429,0.80429,0.80429,0.80429
0.7882,0.7882,0.7882,0.7882,0.7882,0.7882,0.7882
0.76408,0.76408,0.76408,0.76408,0.76408,0.76408,0.76408
0.74799,0.74799,0.74799,0.74799,0.74799,0.74799,0.74799
0.7319,0.7319,0.7319,0.7319,0.7319,0.7319,0.7319
0.69973,0.69973,0.69973,0.69973,0.69973,0.69973,0.69973
0.66756,0.66756,0.66756,0.66756,0.66756,0.66756,0.66756
0.65147,0.65147,0.65147,0.65147,0.65147,0.65147,0.65147
0.63271,0.63271,0.63271,0.63271,0.63271,0.63271,0.63271
0.62466,0.62466,0.62466,0.62466,0.62466,0.62466,0.62466
0.61662,0.61662,0.61662,0.61662,0.61662,0.61662,0.61662
0.63271,0.63271,0.63271,0.63271,0.63271,0.63271,0.63271
0.66488,0.66488,0.66488,0.66488,0.66488,0.66488,0.66488
0.73458,0.73458,0.73458,0.73458,0.73458,0.73458,0.73458
0.7748,0.7748,0.7748,0.7748,0.7748,0.7748,0.7748
0.79893,0.79893,0.79893,0.79893,0.79893,0.79893,0.79893
0.8311,0.8311,0.8311,0.8311,0.8311,0.8311,0.8311
0.85791,0.85791,0.85791,0.85791,0.85791,0.85791,0.85791
0.86863,0.86863,0.86863,0.86863,0.86863,0.86863,0.86863
0.8874,0.8874,0.8874,0.8874,0.8874,0.8874,0.8874
0.89812,0.89812,0.89812,0.89812,0.89812,0.89812,0.89812
0.9008,0.9008,0.9008,0.9008,0.9008,0.9008,0.9008
0.87668,0.87668,0.87668,0.87668,0.87668,0.87668,0.87668
0.87131,0.87131,0.87131,0.87131,0.87131,0.87131,0.87131
0.80161,0.80161,0.80161,0.80161,0.80161,0.80161,0.80161
0.76676,0.76676,0.76676,0.76676,0.76676,0.76676,0.76676
0.74531,0.74531,0.74531,0.74531,0.74531,0.74531,0.74531
0.72386,0.72386,0.72386,0.72386,0.72386,0.72386,0.72386
0.72386,0.72386,0.72386,0.72386,0.72386,0.72386,0.72386
0.69169,0.69169,0.69169,0.69169,0.69169,0.69169,0.69169
0.6756,0.6756,0.6756,0.6756,0.6756,0.6756,0.6756
1.011,0.983209894559347,0.985562187710804,1.02986846210698,1.12185555072648,0.989237573006784,1.12147526350159
1.0088,0.977511618659258,0.971113413381268,1.02544136249833,1.02454822374294,0.971577382375601,1.0560235163179
1.004,0.972484247866645,0.96216070532256,1.02394745096558,0.990716017391347,0.98949331676136,1.01996507044235
1.0013,0.96180442352971,0.949947231373547,1.02043553174041,0.920108400873564,0.955290470760675,0.989575567518413
1.0096,0.944296466684321,0.944155035393867,1.0174071902753,0.954099748810156,0.958039578901507,1.01117621323802
1.0377,0.968820685697762,0.967932662496853,1.03884046419486,1.01476381813021,0.97495765314542,1.09032089736605
1.1119,1.01073269488705,1.06106541503467,1.08653753830544,1.22351982310372,1.06135539576595,1.11783758601295
1.1948,1.04771048666862,1.10270263821445,1.08778897533361,1.28211995957667,1.16450325302093,0.982697752312253
1.3254,1.07440133253139,1.14299979208348,1.09712388458448,1.30050887787209,1.27298437382981,1.03941398795672
1.3239,1.11287881419191,1.17046590713319,1.10392694523792,1.17431756889319,1.35980859834264,1.01442059546917
1.2782,1.19963324251384,1.20905064905227,1.13123643765388,1.33244347810535,1.51099156129967,1.37680958500808
1.2867,1.25759879151195,1.21052360856364,1.14141860245024,1.32316780049071,1.53741123593358,1.45928889894052
1.3334,1.24160975327577,1.22071582828226,1.13598688964833,1.38556413854391,1.58876334749333,1.5170526434196
1.3401,1.33332777589638,1.21928724819396,1.14956380581683,1.40136521541234,1.5970074434257,1.46271040234454
1.3068,1.37746786332707,1.22124203635365,1.18423073518441,1.45367511749364,1.5534337438767,1.64988469606529
1.2588,1.20815335825638,1.18999907484107,1.18288433459844,1.4542677938662,1.49371434316984,1.39721266622848
1.2185,1.26081644255628,1.18484679315258,1.19407767593411,1.3100668794435,1.48475701021857,1.18979123795357
1.1849,1.17683438084407,1.16706094319224,1.19483623357413,1.29021762358062,1.3016387662936,1.12034145827163
1.1935,1.10903524532392,1.19947287222931,1.16698588771289,1.26824103611536,1.28781115204638,1.08282505221271
1.1718,1.06252403614871,1.12211926806366,1.13406307737992,1.25933069816805,1.18931278108234,0.968632160959272
1.1345,1.04409764005558,1.07336256381351,1.11192659247105,1.2222630684435,1.09291302520629,1.00009735241827
1.1557,1.02498352787127,1.01580204933121,1.0735298659489,1.14644418204653,1.05466380999545,0.995648421141541
1.1243,1.02787234228572,1.0256625652567,1.06596556566516,1.10919234731324,1.0176023327078,1.04379649234184
1.0727,1.00432083680997,1.00561269691825,1.05021719436427,1.12830726793919,1.03059231847745,1.12280570970716
