small_1,small_de_2,all_3,all_de_4,small_5,small_de_6,all_7,all_de_8,small_9,small_de_10,all_11,all_de_12,small_13,small_de_14,all_15,all_de_16,small_17,small_de_18,all_19,all_de_20,small_21,small_de_22,all_23,all_de_24,small_25,small_de_26,all_27,all_de_28,original
0.970670580863953,0.944722056388855,1.00500416755676,0.989172518253326,0.968064188957214,0.938837230205536,1.010409116745,0.988120794296265,0.970838904380798,0.939653277397156,1.00121283531189,0.966214835643768,0.956959426403046,0.941301226615906,0.997325778007507,0.973427951335907,0.957273602485657,1.06139576435089,1.0087776184082,1.06134438514709,0.976803481578827,1.06131112575531,1.00418436527252,1.06118261814117,0.967520773410797,0.94080251455307,0.999854683876038,0.974335014820099,1.1035
0.963607549667358,0.948158979415894,1.01104724407196,1.00129091739655,0.961359202861786,0.943764626979828,1.02065229415894,0.999593079090118,0.962939620018005,0.943820476531982,1.00796806812286,0.977841198444366,0.951496183872223,0.943950474262238,1.00637710094452,0.983379483222961,0.950803399085999,1.05456602573395,1.01185584068298,1.0545152425766,0.96798050403595,1.05448246002197,1.0087822675705,1.05434989929199,0.96017050743103,0.945214211940765,1.00958681106567,0.98307740688324,1.062
0.967724680900574,0.94658637046814,1.00620365142822,0.992296576499939,0.965228080749512,0.942732810974121,1.01696848869324,0.990401744842529,0.968057751655579,0.942351758480072,1.00429582595825,0.974511981010437,0.956027746200562,0.942410051822662,1.00263857841492,0.978389978408813,0.956279277801514,1.04906737804413,1.00797486305237,1.04901421070099,0.972967505455017,1.04898345470428,1.00656127929688,1.04884016513824,0.96209317445755,0.944019436836243,1.00573885440826,0.978440403938293,1.0378
0.968683123588562,0.958547174930573,1.01547265052795,1.00785565376282,0.966544032096863,0.954991459846497,1.0285918712616,1.00694537162781,0.968524217605591,0.954000174999237,1.01335382461548,0.99403315782547,0.958675146102905,0.952040612697601,1.01474845409393,0.996227443218231,0.958194255828857,1.045863032341,1.01288306713104,1.04581582546234,0.972498178482056,1.04577994346619,1.01157939434052,1.04562759399414,0.962739050388336,0.956219971179962,1.01767647266388,0.994525551795959,0.99527
0.94882333278656,0.919278740882874,0.998158276081085,0.968462944030762,0.943807661533356,0.920485317707062,1.00551426410675,0.968984305858612,0.952939987182617,0.920083940029144,0.996736466884613,0.966374695301056,0.930079638957977,0.925548017024994,0.992956757545471,0.969397723674774,0.935092687606812,1.0461208820343,1.00308811664581,1.04606986045837,0.963355422019958,1.04603791236877,1.00168395042419,1.04588568210602,0.937258839607239,0.919766843318939,0.99445915222168,0.969025373458862,0.97413
0.997316002845764,0.968066215515137,1.01137435436249,0.999369263648987,0.993060946464539,0.972326576709747,1.01987266540527,0.998319804668427,1.00207853317261,0.970355331897736,1.00913500785828,0.98876565694809,0.982651770114899,0.974293947219849,1.00806295871735,0.991416811943054,0.987293124198914,1.05796754360199,1.01515316963196,1.05792224407196,1.01107978820801,1.05788719654083,1.01245784759521,1.05772948265076,0.984837234020233,0.970551788806915,1.01005887985229,0.991026222705841,0.96796
1.03233504295349,1.0048234462738,1.02967274188995,1.02041244506836,1.02875125408173,1.00426661968231,1.0339298248291,1.01983261108398,1.03631269931793,1.00381886959076,1.02621722221375,1.01184380054474,1.01747572422028,1.00731241703033,1.02110254764557,1.01489114761353,1.02097070217133,1.0873110294342,1.03545308113098,1.08726668357849,1.04577505588531,1.08723080158234,1.03300487995148,1.08709967136383,1.0249171257019,1.00423181056976,1.02362823486328,1.01693427562714,0.98814
1.08576905727386,1.06265962123871,1.06721305847168,1.07486820220947,1.08312380313873,1.05883419513702,1.07406997680664,1.07275116443634,1.08935439586639,1.05915415287018,1.06392705440521,1.05933284759521,1.07249522209167,1.0617972612381,1.0594140291214,1.06207680702209,1.07483041286469,1.1196380853653,1.07706904411316,1.11961948871613,1.09859359264374,1.1195592880249,1.07250142097473,1.11945140361786,1.08257222175598,1.0600004196167,1.06168854236603,1.06491303443909,1.0283
1.15198493003845,1.13570129871368,1.12364888191223,1.13895380496979,1.15177237987518,1.12705743312836,1.13017952442169,1.13659179210663,1.15296649932861,1.12776839733124,1.11941492557526,1.11723792552948,1.14512586593628,1.12580931186676,1.11635839939117,1.12067902088165,1.14334094524384,1.1453355550766,1.12990534305573,1.1453423500061,1.15888285636902,1.14525902271271,1.12490630149841,1.14518320560455,1.1554080247879,1.13007092475891,1.11919963359833,1.12324094772339,1.1644
1.17993938922882,1.17016208171844,1.16961741447449,1.18196725845337,1.18011808395386,1.15967047214508,1.17600870132446,1.17975616455078,1.18085658550262,1.16098201274872,1.16483414173126,1.15725314617157,1.17349636554718,1.15871489048004,1.16005527973175,1.16262149810791,1.17129516601562,1.17078602313995,1.17645263671875,1.17081868648529,1.18694198131561,1.1707102060318,1.17154216766357,1.17066717147827,1.18555796146393,1.16334474086761,1.16372871398926,1.16530871391296,1.1738
1.20689761638641,1.19808304309845,1.22605729103088,1.24096119403839,1.20851850509644,1.18217074871063,1.2373263835907,1.23759913444519,1.20598578453064,1.18422472476959,1.22188580036163,1.21038436889648,1.2038197517395,1.17874944210052,1.22048759460449,1.21562552452087,1.19915294647217,1.18223607540131,1.22977066040039,1.18229722976685,1.20954561233521,1.18215942382812,1.22554004192352,1.18214535713196,1.21713626384735,1.18791508674622,1.2240731716156,1.21637988090515,1.1827
1.1995404958725,1.19403493404388,1.25120449066162,1.25290155410767,1.20163130760193,1.17577242851257,1.26140689849854,1.25126719474792,1.19738292694092,1.17843747138977,1.24947118759155,1.22887361049652,1.19680380821228,1.17248558998108,1.24676501750946,1.23437345027924,1.19096946716309,1.19070708751678,1.25708258152008,1.19077932834625,1.19996917247772,1.19062876701355,1.25434279441833,1.1906304359436,1.21235203742981,1.18239176273346,1.24940490722656,1.23416495323181,1.1984
1.20761561393738,1.21660256385803,1.26406216621399,1.2766706943512,1.21131014823914,1.19379281997681,1.27664911746979,1.27447295188904,1.20272731781006,1.19697093963623,1.2631698846817,1.24993586540222,1.20857715606689,1.18806326389313,1.26265811920166,1.25547814369202,1.19953680038452,1.20530676841736,1.26805698871613,1.20538067817688,1.20203924179077,1.20522689819336,1.26529932022095,1.20522665977478,1.22541880607605,1.20216584205627,1.26494991779327,1.25451743602753,1.2123
1.22724032402039,1.24349188804626,1.26710176467896,1.28360652923584,1.23229169845581,1.21891939640045,1.27906489372253,1.28136801719666,1.22041201591492,1.222008228302,1.26274275779724,1.25150060653687,1.23156642913818,1.21091890335083,1.26530718803406,1.25995302200317,1.21998751163483,1.2024073600769,1.26429152488708,1.20248961448669,1.21733832359314,1.20232903957367,1.25950062274933,1.20232629776001,1.24896562099457,1.22798931598663,1.26779496669769,1.25856375694275,1.2089
1.19983398914337,1.20104908943176,1.25419461727142,1.25627720355988,1.20600998401642,1.17076897621155,1.26528525352478,1.25491511821747,1.18984413146973,1.17508935928345,1.24804866313934,1.22433805465698,1.2056941986084,1.16184711456299,1.25076568126678,1.23407793045044,1.19112622737885,1.18475615978241,1.24643802642822,1.1848338842392,1.18405222892761,1.18467390537262,1.24081027507782,1.18465542793274,1.22644793987274,1.18198978900909,1.25417816638947,1.23125338554382,1.2401
1.16193556785583,1.19803047180176,1.24197590351105,1.27044677734375,1.17021834850311,1.16096675395966,1.2533323764801,1.26943123340607,1.14641273021698,1.16644215583801,1.23362064361572,1.23599576950073,1.17137742042542,1.14870321750641,1.24040865898132,1.24710285663605,1.15128946304321,1.18730187416077,1.22530055046082,1.18737363815308,1.13599753379822,1.18721699714661,1.21928262710571,1.1871851682663,1.19659602642059,1.17476105690002,1.24267172813416,1.24168229103088,1.2459
1.17832219600677,1.18825101852417,1.21737563610077,1.23370027542114,1.18762874603271,1.14965510368347,1.22783184051514,1.23152410984039,1.16174709796906,1.15470051765442,1.20659458637238,1.1979273557663,1.1915431022644,1.13396155834198,1.21729588508606,1.20854473114014,1.16978549957275,1.15391623973846,1.19471788406372,1.15397703647614,1.14895272254944,1.15383195877075,1.1866295337677,1.15377616882324,1.21401631832123,1.16409838199615,1.21887695789337,1.20352816581726,1.2362
1.120814204216,1.13107311725616,1.1813827753067,1.19905865192413,1.12837076187134,1.09433877468109,1.18708729743958,1.19799339771271,1.10566806793213,1.09976196289062,1.1651828289032,1.16492652893066,1.12893664836884,1.08290827274323,1.17600047588348,1.17830204963684,1.10986161231995,1.15080785751343,1.14947116374969,1.15085136890411,1.09527218341827,1.15072011947632,1.1382087469101,1.15063309669495,1.15240907669067,1.108029961586,1.17873382568359,1.17231369018555,1.2579
1.09986186027527,1.10725522041321,1.14023888111115,1.15569460391998,1.10676836967468,1.0733814239502,1.14150667190552,1.15536761283875,1.08561897277832,1.07793533802032,1.12032580375671,1.12172770500183,1.10728514194489,1.06183898448944,1.13199388980865,1.1374899148941,1.08943486213684,1.13117182254791,1.10387027263641,1.13119852542877,1.07550847530365,1.13108384609222,1.09100532531738,1.13096404075623,1.12807321548462,1.08603692054749,1.13400721549988,1.13084542751312,1.2073
1.06008052825928,1.06571328639984,1.11090421676636,1.11482894420624,1.06406331062317,1.03944575786591,1.10916042327881,1.1150609254837,1.05023622512817,1.04312908649445,1.09215307235718,1.08669626712799,1.06064248085022,1.03244888782501,1.10132563114166,1.10161864757538,1.0484174489975,1.12094306945801,1.07844352722168,1.12095141410828,1.04507315158844,1.12085556983948,1.06609988212585,1.12072360515594,1.07927024364471,1.04918336868286,1.10282206535339,1.09599268436432,1.1955
1.01871144771576,1.01049339771271,1.05829417705536,1.04472661018372,1.01977896690369,0.991730809211731,1.05312943458557,1.0454283952713,1.01280617713928,0.994950592517853,1.0406699180603,1.01838064193726,1.01150846481323,0.990542054176331,1.04450833797455,1.03446018695831,1.00452947616577,1.10218334197998,1.03576850891113,1.10216736793518,1.01326680183411,1.10209679603577,1.0229926109314,1.10194134712219,1.03026449680328,0.998544156551361,1.04590499401093,1.03094303607941,1.1603
0.991282105445862,0.978702068328857,1.03340864181519,1.01915514469147,0.990599989891052,0.964495897293091,1.02795839309692,1.01907932758331,0.987645149230957,0.967344462871552,1.01811897754669,0.992858409881592,0.979510188102722,0.966244220733643,1.01928496360779,1.00744271278381,0.975585341453552,1.08961951732635,1.01791572570801,1.08958756923676,0.991468667984009,1.08953356742859,1.00674068927765,1.08938241004944,0.998058795928955,0.969541609287262,1.02053189277649,1.00518560409546,1.1625
0.974056601524353,0.966320157051086,1.01303768157959,0.997869670391083,0.973501682281494,0.952133774757385,1.00947022438049,0.9972785115242,0.969112634658813,0.955273032188416,1.00239300727844,0.97232860326767,0.961764574050903,0.953522324562073,1.00014197826385,0.983993649482727,0.956672430038452,1.07786762714386,1.00729966163635,1.0778204202652,0.973328828811646,1.0777827501297,0.998700380325317,1.07763910293579,0.982157349586487,0.957129180431366,1.0013382434845,0.983796417713165,1.1384
0.972971439361572,0.984116077423096,1.0229389667511,1.02700233459473,0.973895788192749,0.969784379005432,1.02656245231628,1.02458536624908,0.965091943740845,0.972343504428864,1.01456129550934,0.996218085289001,0.964978218078613,0.966877460479736,1.01555013656616,1.00491726398468,0.956346750259399,1.07328772544861,1.01516795158386,1.07324087619781,0.966559529304504,1.07320475578308,1.00844216346741,1.07307362556458,0.983965575695038,0.974883913993835,1.01748609542847,1.00409209728241,1.1438
