original,trained_s_1,trained_s_2,trained_s_3,trained_b_1,trained_b_2,trained_b_3
0.64075,0.64075,0.64075,0.64075,0.64075,0.64075,0.64075
0.62735,0.62735,0.62735,0.62735,0.62735,0.62735,0.62735
0.60322,0.60322,0.60322,0.60322,0.60322,0.60322,0.60322
0.58981,0.58981,0.58981,0.58981,0.58981,0.58981,0.58981
0.59786,0.59786,0.59786,0.59786,0.59786,0.59786,0.59786
0.63271,0.63271,0.63271,0.63271,0.63271,0.63271,0.63271
0.70777,0.70777,0.70777,0.70777,0.70777,0.70777,0.70777
0.73727,0.73727,0.73727,0.73727,0.73727,0.73727,0.73727
0.76139,0.76139,0.76139,0.76139,0.76139,0.76139,0.76139
0.78552,0.78552,0.78552,0.78552,0.78552,0.78552,0.78552
0.81233,0.81233,0.81233,0.81233,0.81233,0.81233,0.81233
0.8311,0.8311,0.8311,0.8311,0.8311,0.8311,0.8311
0.84987,0.84987,0.84987,0.84987,0.84987,0.84987,0.84987
0.85255,0.85255,0.85255,0.85255,0.85255,0.85255,0.85255
0.86059,0.86059,0.86059,0.86059,0.86059,0.86059,0.86059
0.86059,0.86059,0.86059,0.86059,0.86059,0.86059,0.86059
0.84987,0.84987,0.84987,0.84987,0.84987,0.84987,0.84987
0.81769,0.81769,0.81769,0.81769,0.81769,0.81769,0.81769
0.7882,0.7882,0.7882,0.7882,0.7882,0.7882,0.7882
0.76676,0.76676,0.76676,0.76676,0.76676,0.76676,0.76676
0.75067,0.75067,0.75067,0.75067,0.75067,0.75067,0.75067
0.72922,0.72922,0.72922,0.72922,0.72922,0.72922,0.72922
0.69973,0.69973,0.69973,0.69973,0.69973,0.69973,0.69973
0.6622,0.6622,0.6622,0.6622,0.6622,0.6622,0.6622
0.65684,0.65684,0.65684,0.65684,0.65684,0.65684,0.65684
0.64343,0.64343,0.64343,0.64343,0.64343,0.64343,0.64343
0.63271,0.63271,0.63271,0.63271,0.63271,0.63271,0.63271
0.62735,0.62735,0.62735,0.62735,0.62735,0.62735,0.62735
0.64611,0.64611,0.64611,0.64611,0.64611,0.64611,0.64611
0.65147,0.65147,0.65147,0.65147,0.65147,0.65147,0.65147
0.71046,0.71046,0.71046,0.71046,0.71046,0.71046,0.71046
0.74799,0.74799,0.74799,0.74799,0.74799,0.74799,0.74799
0.78284,0.78284,0.78284,0.78284,0.78284,0.78284,0.78284
0.82306,0.82306,0.82306,0.82306,0.82306,0.82306,0.82306
0.85523,0.85523,0.85523,0.85523,0.85523,0.85523,0.85523
0.87399,0.87399,0.87399,0.87399,0.87399,0.87399,0.87399
0.8874,0.8874,0.8874,0.8874,0.8874,0.8874,0.8874
0.89812,0.89812,0.89812,0.89812,0.89812,0.89812,0.89812
0.89544,0.89544,0.89544,0.89544,0.89544,0.89544,0.89544
0.8874,0.8874,0.8874,0.8874,0.8874,0.8874,0.8874
0.87131,0.87131,0.87131,0.87131,0.87131,0.87131,0.87131
0.84718,0.84718,0.84718,0.84718,0.84718,0.84718,0.84718
0.81769,0.81769,0.81769,0.81769,0.81769,0.81769,0.81769
0.77748,0.77748,0.77748,0.77748,0.77748,0.77748,0.77748
0.75335,0.75335,0.75335,0.75335,0.75335,0.75335,0.75335
0.73727,0.73727,0.73727,0.73727,0.73727,0.73727,0.73727
0.7319,0.7319,0.7319,0.7319,0.7319,0.7319,0.7319
0.7319,0.7319,0.7319,0.7319,0.7319,0.7319,0.7319
0.72386,0.72386,0.72386,0.72386,0.72386,0.72386,0.72386
0.71046,0.71046,0.71046,0.71046,0.71046,0.71046,0.71046
0.69437,0.69437,0.69437,0.69437,0.69437,0.69437,0.69437
0.67828,0.67828,0.67828,0.67828,0.67828,0.67828,0.67828
0.6756,0.6756,0.6756,0.6756,0.6756,0.6756,0.6756
0.67292,0.67292,0.67292,0.67292,0.67292,0.67292,0.67292
0.70777,0.70777,0.70777,0.70777,0.70777,0.70777,0.70777
0.73995,0.73995,0.73995,0.73995,0.73995,0.73995,0.73995
0.76408,0.76408,0.76408,0.76408,0.76408,0.76408,0.76408
0.81769,0.81769,0.81769,0.81769,0.81769,0.81769,0.81769
0.85523,0.85523,0.85523,0.85523,0.85523,0.85523,0.85523
0.89008,0.89008,0.89008,0.89008,0.89008,0.89008,0.89008
0.91957,0.91957,0.91957,0.91957,0.91957,0.91957,0.91957
0.91689,0.91689,0.91689,0.91689,0.91689,0.91689,0.91689
0.92493,0.92493,0.92493,0.92493,0.92493,0.92493,0.92493
0.93566,0.93566,0.93566,0.93566,0.93566,0.93566,0.93566
0.92493,0.92493,0.92493,0.92493,0.92493,0.92493,0.92493
0.8874,0.8874,0.8874,0.8874,0.8874,0.8874,0.8874
0.85255,0.85255,0.85255,0.85255,0.85255,0.85255,0.85255
0.83378,0.83378,0.83378,0.83378,0.83378,0.83378,0.83378
0.82306,0.82306,0.82306,0.82306,0.82306,0.82306,0.82306
0.79625,0.79625,0.79625,0.79625,0.79625,0.79625,0.79625
0.76676,0.76676,0.76676,0.76676,0.76676,0.76676,0.76676
0.75335,0.75335,0.75335,0.75335,0.75335,0.75335,0.75335
0.74263,0.74263,0.74263,0.74263,0.74263,0.74263,0.74263
0.72654,0.72654,0.72654,0.72654,0.72654,0.72654,0.72654
0.69973,0.69973,0.69973,0.69973,0.69973,0.69973,0.69973
0.67828,0.67828,0.67828,0.67828,0.67828,0.67828,0.67828
0.6622,0.6622,0.6622,0.6622,0.6622,0.6622,0.6622
0.69437,0.69437,0.69437,0.69437,0.69437,0.69437,0.69437
0.72386,0.72386,0.72386,0.72386,0.72386,0.72386,0.72386
0.76676,0.76676,0.76676,0.76676,0.76676,0.76676,0.76676
0.78552,0.78552,0.78552,0.78552,0.78552,0.78552,0.78552
0.82842,0.82842,0.82842,0.82842,0.82842,0.82842,0.82842
0.86327,0.86327,0.86327,0.86327,0.86327,0.86327,0.86327
0.87936,0.87936,0.87936,0.87936,0.87936,0.87936,0.87936
0.89008,0.89008,0.89008,0.89008,0.89008,0.89008,0.89008
0.90349,0.90349,0.90349,0.90349,0.90349,0.90349,0.90349
0.90617,0.90617,0.90617,0.90617,0.90617,0.90617,0.90617
0.88472,0.88472,0.88472,0.88472,0.88472,0.88472,0.88472
0.83378,0.83378,0.83378,0.83378,0.83378,0.83378,0.83378
0.82574,0.82574,0.82574,0.82574,0.82574,0.82574,0.82574
0.81501,0.81501,0.81501,0.81501,0.81501,0.81501,0.81501
0.81233,0.81233,0.81233,0.81233,0.81233,0.81233,0.81233
0.79357,0.79357,0.79357,0.79357,0.79357,0.79357,0.79357
0.77748,0.77748,0.77748,0.77748,0.77748,0.77748,0.77748
0.76408,0.76408,0.76408,0.76408,0.76408,0.76408,0.76408
0.74531,0.74531,0.74531,0.74531,0.74531,0.74531,0.74531
0.72118,0.72118,0.72118,0.72118,0.72118,0.72118,0.72118
0.70241,0.70241,0.70241,0.70241,0.70241,0.70241,0.70241
0.69169,0.69169,0.69169,0.69169,0.69169,0.69169,0.69169
0.67828,0.67828,0.67828,0.67828,0.67828,0.67828,0.67828
0.66488,0.66488,0.66488,0.66488,0.66488,0.66488,0.66488
0.68365,0.68365,0.68365,0.68365,0.68365,0.68365,0.68365
0.73458,0.73458,0.73458,0.73458,0.73458,0.73458,0.73458
0.78284,0.78284,0.78284,0.78284,0.78284,0.78284,0.78284
0.82306,0.82306,0.82306,0.82306,0.82306,0.82306,0.82306
0.85255,0.85255,0.85255,0.85255,0.85255,0.85255,0.85255
0.88204,0.88204,0.88204,0.88204,0.88204,0.88204,0.88204
0.90617,0.90617,0.90617,0.90617,0.90617,0.90617,0.90617
0.90885,0.90885,0.90885,0.90885,0.90885,0.90885,0.90885
0.93566,0.93566,0.93566,0.93566,0.93566,0.93566,0.93566
0.94638,0.94638,0.94638,0.94638,0.94638,0.94638,0.94638
0.94906,0.94906,0.94906,0.94906,0.94906,0.94906,0.94906
0.93029,0.93029,0.93029,0.93029,0.93029,0.93029,0.93029
0.80161,0.80161,0.80161,0.80161,0.80161,0.80161,0.80161
0.74263,0.74263,0.74263,0.74263,0.74263,0.74263,0.74263
0.78016,0.78016,0.78016,0.78016,0.78016,0.78016,0.78016
0.78016,0.78016,0.78016,0.78016,0.78016,0.78016,0.78016
0.76408,0.76408,0.76408,0.76408,0.76408,0.76408,0.76408
0.75067,0.75067,0.75067,0.75067,0.75067,0.75067,0.75067
0.73458,0.73458,0.73458,0.73458,0.73458,0.73458,0.73458
0.72654,0.72654,0.72654,0.72654,0.72654,0.72654,0.72654
0.70241,0.70241,0.70241,0.70241,0.70241,0.70241,0.70241
0.68633,0.68633,0.68633,0.68633,0.68633,0.68633,0.68633
0.67828,0.67828,0.67828,0.67828,0.67828,0.67828,0.67828
0.67828,0.67828,0.67828,0.67828,0.67828,0.67828,0.67828
0.70777,0.70777,0.70777,0.70777,0.70777,0.70777,0.70777
0.73727,0.73727,0.73727,0.73727,0.73727,0.73727,0.73727
0.76408,0.76408,0.76408,0.76408,0.76408,0.76408,0.76408
0.79088,0.79088,0.79088,0.79088,0.79088,0.79088,0.79088
0.83378,0.83378,0.83378,0.83378,0.83378,0.83378,0.83378
0.84987,0.84987,0.84987,0.84987,0.84987,0.84987,0.84987
0.8445,0.8445,0.8445,0.8445,0.8445,0.8445,0.8445
0.86327,0.86327,0.86327,0.86327,0.86327,0.86327,0.86327
0.87936,0.87936,0.87936,0.87936,0.87936,0.87936,0.87936
0.8874,0.8874,0.8874,0.8874,0.8874,0.8874,0.8874
0.89008,0.89008,0.89008,0.89008,0.89008,0.89008,0.89008
0.86863,0.86863,0.86863,0.86863,0.86863,0.86863,0.86863
0.83646,0.83646,0.83646,0.83646,0.83646,0.83646,0.83646
0.78284,0.78284,0.78284,0.78284,0.78284,0.78284,0.78284
0.72922,0.72922,0.72922,0.72922,0.72922,0.72922,0.72922
0.69973,0.69973,0.69973,0.69973,0.69973,0.69973,0.69973
0.70241,0.70241,0.70241,0.70241,0.70241,0.70241,0.70241
0.70241,0.70241,0.70241,0.70241,0.70241,0.70241,0.70241
0.68901,0.68901,0.68901,0.68901,0.68901,0.68901,0.68901
0.66756,0.66756,0.66756,0.66756,0.66756,0.66756,0.66756
0.6622,0.6622,0.6622,0.6622,0.6622,0.6622,0.6622
0.65684,0.65684,0.65684,0.65684,0.65684,0.65684,0.65684
0.6622,0.6622,0.6622,0.6622,0.6622,0.6622,0.6622
0.65416,0.65416,0.65416,0.65416,0.65416,0.65416,0.65416
0.65416,0.65416,0.65416,0.65416,0.65416,0.65416,0.65416
0.67292,0.67292,0.67292,0.67292,0.67292,0.67292,0.67292
0.70241,0.70241,0.70241,0.70241,0.70241,0.70241,0.70241
0.73995,0.73995,0.73995,0.73995,0.73995,0.73995,0.73995
0.76944,0.76944,0.76944,0.76944,0.76944,0.76944,0.76944
0.78284,0.78284,0.78284,0.78284,0.78284,0.78284,0.78284
0.80161,0.80161,0.80161,0.80161,0.80161,0.80161,0.80161
0.81501,0.81501,0.81501,0.81501,0.81501,0.81501,0.81501
0.82574,0.82574,0.82574,0.82574,0.82574,0.82574,0.82574
0.82574,0.82574,0.82574,0.82574,0.82574,0.82574,0.82574
0.82842,0.82842,0.82842,0.82842,0.82842,0.82842,0.82842
0.82306,0.82306,0.82306,0.82306,0.82306,0.82306,0.82306
0.80429,0.80429,0.80429,0.80429,0.80429,0.80429,0.80429
0.7882,0.7882,0.7882,0.7882,0.7882,0.7882,0.7882
0.76408,0.76408,0.76408,0.76408,0.76408,0.76408,0.76408
0.74799,0.74799,0.74799,0.74799,0.74799,0.74799,0.74799
0.7319,0.7319,0.7319,0.7319,0.7319,0.7319,0.7319
0.69973,0.69973,0.69973,0.69973,0.69973,0.69973,0.69973
0.66756,0.66756,0.66756,0.66756,0.66756,0.66756,0.66756
0.65147,0.65147,0.65147,0.65147,0.65147,0.65147,0.65147
0.63271,0.63271,0.63271,0.63271,0.63271,0.63271,0.63271
0.62466,0.62466,0.62466,0.62466,0.62466,0.62466,0.62466
0.61662,0.61662,0.61662,0.61662,0.61662,0.61662,0.61662
0.63271,0.63271,0.63271,0.63271,0.63271,0.63271,0.63271
0.66488,0.66488,0.66488,0.66488,0.66488,0.66488,0.66488
0.73458,0.73458,0.73458,0.73458,0.73458,0.73458,0.73458
0.7748,0.7748,0.7748,0.7748,0.7748,0.7748,0.7748
0.79893,0.79893,0.79893,0.79893,0.79893,0.79893,0.79893
0.8311,0.8311,0.8311,0.8311,0.8311,0.8311,0.8311
0.85791,0.85791,0.85791,0.85791,0.85791,0.85791,0.85791
0.86863,0.86863,0.86863,0.86863,0.86863,0.86863,0.86863
0.8874,0.8874,0.8874,0.8874,0.8874,0.8874,0.8874
0.89812,0.89812,0.89812,0.89812,0.89812,0.89812,0.89812
0.9008,0.9008,0.9008,0.9008,0.9008,0.9008,0.9008
0.87668,0.87668,0.87668,0.87668,0.87668,0.87668,0.87668
0.87131,0.87131,0.87131,0.87131,0.87131,0.87131,0.87131
0.80161,0.80161,0.80161,0.80161,0.80161,0.80161,0.80161
0.76676,0.76676,0.76676,0.76676,0.76676,0.76676,0.76676
0.74531,0.74531,0.74531,0.74531,0.74531,0.74531,0.74531
0.72386,0.72386,0.72386,0.72386,0.72386,0.72386,0.72386
0.72386,0.72386,0.72386,0.72386,0.72386,0.72386,0.72386
0.69169,0.69169,0.69169,0.69169,0.69169,0.69169,0.69169
0.6756,0.6756,0.6756,0.6756,0.6756,0.6756,0.6756
0.68365,0.68365,0.68365,0.68365,0.68365,0.68365,0.68365
0.68097,0.68097,0.68097,0.68097,0.68097,0.68097,0.68097
0.68097,0.68097,0.68097,0.68097,0.68097,0.68097,0.68097
0.68633,0.68633,0.68633,0.68633,0.68633,0.68633,0.68633
0.66488,0.66488,0.66488,0.66488,0.66488,0.66488,0.66488
0.67828,0.67828,0.67828,0.67828,0.67828,0.67828,0.67828
0.71046,0.71046,0.71046,0.71046,0.71046,0.71046,0.71046
0.7748,0.7748,0.7748,0.7748,0.7748,0.7748,0.7748
0.80161,0.80161,0.80161,0.80161,0.80161,0.80161,0.80161
0.83646,0.83646,0.83646,0.83646,0.83646,0.83646,0.83646
0.85523,0.85523,0.85523,0.85523,0.85523,0.85523,0.85523
0.87668,0.87668,0.87668,0.87668,0.87668,0.87668,0.87668
0.87936,0.87936,0.87936,0.87936,0.87936,0.87936,0.87936
0.90617,0.90617,0.90617,0.90617,0.90617,0.90617,0.90617
0.90617,0.90617,0.90617,0.90617,0.90617,0.90617,0.90617
0.90885,0.90885,0.90885,0.90885,0.90885,0.90885,0.90885
0.91421,0.91421,0.91421,0.91421,0.91421,0.91421,0.91421
0.90617,0.90617,0.90617,0.90617,0.90617,0.90617,0.90617
0.86059,0.86059,0.86059,0.86059,0.86059,0.86059,0.86059
0.83378,0.83378,0.83378,0.83378,0.83378,0.83378,0.83378
0.81233,0.81233,0.81233,0.81233,0.81233,0.81233,0.81233
0.78016,0.78016,0.78016,0.78016,0.78016,0.78016,0.78016
0.77212,0.77212,0.77212,0.77212,0.77212,0.77212,0.77212
0.7185,0.7185,0.7185,0.7185,0.7185,0.7185,0.7185
0.70241,0.70241,0.70241,0.70241,0.70241,0.70241,0.70241
0.68097,0.68097,0.68097,0.68097,0.68097,0.68097,0.68097
0.66488,0.66488,0.66488,0.66488,0.66488,0.66488,0.66488
0.6622,0.6622,0.6622,0.6622,0.6622,0.6622,0.6622
0.67024,0.67024,0.67024,0.67024,0.67024,0.67024,0.67024
0.69169,0.69169,0.69169,0.69169,0.69169,0.69169,0.69169
0.75871,0.75871,0.75871,0.75871,0.75871,0.75871,0.75871
0.78016,0.78016,0.78016,0.78016,0.78016,0.78016,0.78016
0.80697,0.80697,0.80697,0.80697,0.80697,0.80697,0.80697
0.82842,0.82842,0.82842,0.82842,0.82842,0.82842,0.82842
0.85523,0.85523,0.85523,0.85523,0.85523,0.85523,0.85523
0.87936,0.87936,0.87936,0.87936,0.87936,0.87936,0.87936
0.89008,0.89008,0.89008,0.89008,0.89008,0.89008,0.89008
0.89812,0.89812,0.89812,0.89812,0.89812,0.89812,0.89812
0.89812,0.89812,0.89812,0.89812,0.89812,0.89812,0.89812
0.88472,0.88472,0.88472,0.88472,0.88472,0.88472,0.88472
0.86595,0.86595,0.86595,0.86595,0.86595,0.86595,0.86595
0.82306,0.82306,0.82306,0.82306,0.82306,0.82306,0.82306
0.79357,0.79357,0.79357,0.79357,0.79357,0.79357,0.79357
0.7882,0.7882,0.7882,0.7882,0.7882,0.7882,0.7882
0.76944,0.76944,0.76944,0.76944,0.76944,0.76944,0.76944
0.75335,0.75335,0.75335,0.75335,0.75335,0.75335,0.75335
0.73458,0.73458,0.73458,0.73458,0.73458,0.73458,0.73458
0.71582,0.71582,0.71582,0.71582,0.71582,0.71582,0.71582
0.68901,0.68901,0.68901,0.68901,0.68901,0.68901,0.68901
0.67828,0.67828,0.67828,0.67828,0.67828,0.67828,0.67828
0.65952,0.65952,0.65952,0.65952,0.65952,0.65952,0.65952
0.65416,0.65416,0.65416,0.65416,0.65416,0.65416,0.65416
0.64879,0.64879,0.64879,0.64879,0.64879,0.64879,0.64879
0.68365,0.68365,0.68365,0.68365,0.68365,0.68365,0.68365
0.7319,0.7319,0.7319,0.7319,0.7319,0.7319,0.7319
0.79625,0.79625,0.79625,0.79625,0.79625,0.79625,0.79625
0.81233,0.81233,0.81233,0.81233,0.81233,0.81233,0.81233
0.85523,0.85523,0.85523,0.85523,0.85523,0.85523,0.85523
0.87399,0.87399,0.87399,0.87399,0.87399,0.87399,0.87399
0.87668,0.87668,0.87668,0.87668,0.87668,0.87668,0.87668
0.85523,0.85523,0.85523,0.85523,0.85523,0.85523,0.85523
0.84987,0.84987,0.84987,0.84987,0.84987,0.84987,0.84987
0.88204,0.88204,0.88204,0.88204,0.88204,0.88204,0.88204
0.90885,0.90885,0.90885,0.90885,0.90885,0.90885,0.90885
0.89812,0.89812,0.89812,0.89812,0.89812,0.89812,0.89812
0.89812,0.89812,0.89812,0.89812,0.89812,0.89812,0.89812
0.87936,0.87936,0.87936,0.87936,0.87936,0.87936,0.87936
0.85523,0.85523,0.85523,0.85523,0.85523,0.85523,0.85523
0.82306,0.82306,0.82306,0.82306,0.82306,0.82306,0.82306
0.80429,0.80429,0.80429,0.80429,0.80429,0.80429,0.80429
0.7882,0.7882,0.7882,0.7882,0.7882,0.7882,0.7882
0.7748,0.7748,0.7748,0.7748,0.7748,0.7748,0.7748
0.75603,0.75603,0.75603,0.75603,0.75603,0.75603,0.75603
0.72922,0.72922,0.72922,0.72922,0.72922,0.72922,0.72922
0.71046,0.71046,0.71046,0.71046,0.71046,0.71046,0.71046
0.68633,0.68633,0.68633,0.68633,0.68633,0.68633,0.68633
0.68633,0.68633,0.68633,0.68633,0.68633,0.68633,0.68633
0.71046,0.71046,0.71046,0.71046,0.71046,0.71046,0.71046
0.75871,0.75871,0.75871,0.75871,0.75871,0.75871,0.75871
0.79893,0.79893,0.79893,0.79893,0.79893,0.79893,0.79893
0.8311,0.8311,0.8311,0.8311,0.8311,0.8311,0.8311
0.85791,0.85791,0.85791,0.85791,0.85791,0.85791,0.85791
0.89008,0.89008,0.89008,0.89008,0.89008,0.89008,0.89008
0.90885,0.90885,0.90885,0.90885,0.90885,0.90885,0.90885
0.93566,0.93566,0.93566,0.93566,0.93566,0.93566,0.93566
0.94906,0.94906,0.94906,0.94906,0.94906,0.94906,0.94906
0.94638,0.94638,0.94638,0.94638,0.94638,0.94638,0.94638
0.9437,0.9437,0.9437,0.9437,0.9437,0.9437,0.9437
0.9437,0.9437,0.9437,0.9437,0.9437,0.9437,0.9437
0.93298,0.93298,0.93298,0.93298,0.93298,0.93298,0.93298
0.91957,0.91957,0.91957,0.91957,0.91957,0.91957,0.91957
0.88472,0.88472,0.88472,0.88472,0.88472,0.88472,0.88472
0.84987,0.84987,0.84987,0.84987,0.84987,0.84987,0.84987
0.82574,0.82574,0.82574,0.82574,0.82574,0.82574,0.82574
0.82306,0.82306,0.82306,0.82306,0.82306,0.82306,0.82306
0.80429,0.80429,0.80429,0.80429,0.80429,0.80429,0.80429
0.76408,0.76408,0.76408,0.76408,0.76408,0.76408,0.76408
0.72922,0.72922,0.72922,0.72922,0.72922,0.72922,0.72922
0.72118,0.72118,0.72118,0.72118,0.72118,0.72118,0.72118
0.69705,0.69705,0.69705,0.69705,0.69705,0.69705,0.69705
0.72386,0.72386,0.72386,0.72386,0.72386,0.72386,0.72386
0.71314,0.71314,0.71314,0.71314,0.71314,0.71314,0.71314
0.7748,0.7748,0.7748,0.7748,0.7748,0.7748,0.7748
0.82842,0.82842,0.82842,0.82842,0.82842,0.82842,0.82842
0.85255,0.85255,0.85255,0.85255,0.85255,0.85255,0.85255
0.88472,0.88472,0.88472,0.88472,0.88472,0.88472,0.88472
0.91421,0.91421,0.91421,0.91421,0.91421,0.91421,0.91421
0.93029,0.93029,0.93029,0.93029,0.93029,0.93029,0.93029
0.9437,0.9437,0.9437,0.9437,0.9437,0.9437,0.9437
0.95442,0.95442,0.95442,0.95442,0.95442,0.95442,0.95442
0.96247,0.96247,0.96247,0.96247,0.96247,0.96247,0.96247
0.9571,0.9571,0.9571,0.9571,0.9571,0.9571,0.9571
0.94102,0.94102,0.94102,0.94102,0.94102,0.94102,0.94102
0.92493,0.92493,0.92493,0.92493,0.92493,0.92493,0.92493
0.89544,0.89544,0.89544,0.89544,0.89544,0.89544,0.89544
0.86863,0.86863,0.86863,0.86863,0.86863,0.86863,0.86863
0.84987,0.84987,0.84987,0.84987,0.84987,0.84987,0.84987
0.8311,0.8311,0.8311,0.8311,0.8311,0.8311,0.8311
0.80965,0.80965,0.80965,0.80965,0.80965,0.80965,0.80965
0.76408,0.76408,0.76408,0.76408,0.76408,0.76408,0.76408
0.75335,0.75335,0.75335,0.75335,0.75335,0.75335,0.75335
0.74799,0.74799,0.74799,0.74799,0.74799,0.74799,0.74799
0.72922,0.72922,0.72922,0.72922,0.72922,0.72922,0.72922
0.72386,0.72386,0.72386,0.72386,0.72386,0.72386,0.72386
0.72654,0.72654,0.72654,0.72654,0.72654,0.72654,0.72654
0.73995,0.73995,0.73995,0.73995,0.73995,0.73995,0.73995
0.79357,0.79357,0.79357,0.79357,0.79357,0.79357,0.79357
0.85255,0.85255,0.85255,0.85255,0.85255,0.85255,0.85255
0.88472,0.88472,0.88472,0.88472,0.88472,0.88472,0.88472
0.93298,0.93298,0.93298,0.93298,0.93298,0.93298,0.93298
0.94906,0.94906,0.94906,0.94906,0.94906,0.94906,0.94906
0.96515,0.96515,0.96515,0.96515,0.96515,0.96515,0.96515
0.97319,0.97319,0.97319,0.97319,0.97319,0.97319,0.97319
0.98123,0.98123,0.98123,0.98123,0.98123,0.98123,0.98123
0.99196,0.99196,0.99196,0.99196,0.99196,0.99196,0.99196
0.98928,0.98928,0.98928,0.98928,0.98928,0.98928,0.98928
0.95979,0.95979,0.95979,0.95979,0.95979,0.95979,0.95979
0.94638,0.94638,0.94638,0.94638,0.94638,0.94638,0.94638
0.91689,0.91689,0.91689,0.91689,0.91689,0.91689,0.91689
0.89544,0.89544,0.89544,0.89544,0.89544,0.89544,0.89544
0.87936,0.87936,0.87936,0.87936,0.87936,0.87936,0.87936
0.86327,0.86327,0.86327,0.86327,0.86327,0.86327,0.86327
0.84718,0.84718,0.84718,0.84718,0.84718,0.84718,0.84718
0.81769,0.81769,0.81769,0.81769,0.81769,0.81769,0.81769
1.0229,1.09630247984718,1.08615355000371,1.08335960584099,1.03193958640834,1.07067078473438,0.985784086180563
1.0571,1.08247758068692,1.07928513994208,1.05294041148882,1.00940269237262,1.04322810628992,0.971207805169973
1.0456,1.05238627968293,1.05662642075434,1.04414447534393,0.990409818889536,1.02695389634429,0.978914081918671
0.99576,1.03815292159244,1.04192798177578,1.05135987291852,0.978845826926557,1.0179281716095,0.986809036874188
0.97531,1.04182779709636,1.04267399533072,1.06369870228501,0.972062727954863,1.02448095609392,0.9955672537411
1.0492,1.08724384104936,1.08172933968724,1.08119883156786,1.00735240507377,1.06559170002007,0.997442072402868
1.1887,1.14191292503031,1.11327280124449,1.16368860212181,1.08589701540288,1.14003792731511,1.00434561474076
1.2288,1.20621347917958,1.13876193469451,1.24567854342869,1.19967168348168,1.2261259859123,1.05307856377578
1.2716,1.27507137930646,1.21137456785585,1.23984825038168,1.24326362363643,1.25763903461627,1.10435886396585
1.3395,1.31887307453891,1.27827095969887,1.23631116459556,1.29773035944847,1.32629090327243,1.17933666831224
1.3592,1.36463132361221,1.35119473126629,1.23956536892208,1.30682428622583,1.34704272413545,1.24462397414114
1.3833,1.38575835180729,1.37869339692979,1.25430574646616,1.32596124316638,1.38166387986419,1.29100566630405
1.3696,1.35785940760475,1.25186454509215,1.29737007168249,1.3155010472763,1.3683512336411,1.29456819615465
1.3349,1.3120448768784,1.28091503144932,1.32054844177595,1.31148579442332,1.35914456577367,1.32788295555633
1.3881,1.34845150317789,1.23151406226731,1.30790602557545,1.29047712128492,1.39825738247582,1.30488969384885
1.396,1.34625105270912,1.30403108349501,1.33884774307541,1.29327525771265,1.4078988068484,1.14181900959844
1.3648,1.41791053830643,1.36836532141414,1.35573357633127,1.32504555154475,1.37212000288395,1.23031534777325
1.2525,1.36475840330147,1.35494995829032,1.33750964468125,1.24633404811603,1.38354438089933,1.20736224512712
1.1881,1.27929704895119,1.2372469538386,1.24634660614699,1.21695236265107,1.25894220814099,1.12659219051263
1.1587,1.20507651352337,1.21304900988782,1.31914709528604,1.22830447715855,1.22515824234439,1.07047618638328
1.1276,1.19262216170393,1.16026480531947,1.15126610185506,1.13524273208973,1.16324393292128,1.05566287461813
1.1046,1.0915776142582,1.06260498014337,1.21510328706093,1.09448095285692,1.10028285941018,1.08752776246766
1.0748,1.08809799507111,1.07137738489112,1.13055843221979,1.08664881225047,1.08608267890033,1.076884254516
1.0954,1.07446118212895,1.07657604402632,1.04722093821407,1.06275749389627,1.05410882411423,0.988355574813035
