small_1,small_de_2,all_3,all_de_4,small_5,small_de_6,all_7,all_de_8,small_9,small_de_10,all_11,all_de_12,small_13,small_de_14,all_15,all_de_16,small_17,small_de_18,all_19,all_de_20,small_21,small_de_22,all_23,all_de_24,small_25,small_de_26,all_27,all_de_28,original
0.848228573799133,0.929617404937744,0.851731419563293,0.949859738349915,1.03414511680603,1.0427885055542,1.07413959503174,1.05066359043121,1.07180786132812,1.06022953987122,1.08016240596771,1.04128456115723,1.06192016601562,1.05686390399933,1.07111096382141,1.06468975543976,1.06113505363464,1.06354677677155,1.1016857624054,1.05811595916748,1.08070015907288,1.10585045814514,1.08213782310486,1.10400068759918,1.0244836807251,1.01555812358856,1.06553316116333,1.04897344112396,1.4348
0.945071220397949,0.969134271144867,0.967306017875671,1.00971674919128,1.11524820327759,1.12230122089386,1.08142733573914,1.06687986850739,1.14940595626831,1.13580620288849,1.08734703063965,1.06135129928589,1.14198315143585,1.13292860984802,1.08202683925629,1.08086717128754,1.14305925369263,1.12567639350891,1.11164021492004,1.06801867485046,1.15915322303772,1.10178792476654,1.09375321865082,1.09882128238678,1.10619497299194,1.09859991073608,1.08090662956238,1.07030022144318,1.4217
1.01097440719604,1.01616299152374,1.04341387748718,1.06680476665497,1.13711905479431,1.1571604013443,1.09602332115173,1.1021740436554,1.17984139919281,1.1720803976059,1.10441446304321,1.09350478649139,1.17011022567749,1.16913664340973,1.09708046913147,1.11421048641205,1.17097115516663,1.16112840175629,1.13028812408447,1.10021984577179,1.19113612174988,1.11287009716034,1.1099351644516,1.11085891723633,1.12600493431091,1.12983739376068,1.09453582763672,1.10255753993988,1.4253
1.04964900016785,1.0298752784729,1.07767069339752,1.06356382369995,1.12453556060791,1.14413869380951,1.07675015926361,1.06553494930267,1.17259526252747,1.16086184978485,1.08427381515503,1.05047869682312,1.16119599342346,1.15764999389648,1.07238149642944,1.08521783351898,1.1616644859314,1.15151035785675,1.11790573596954,1.07628297805786,1.1847767829895,1.10289716720581,1.08920764923096,1.10124242305756,1.11213684082031,1.11388862133026,1.06516253948212,1.06220614910126,1.4041
1.08338499069214,1.05184876918793,1.10634422302246,1.07083582878113,1.12923192977905,1.14800274372101,1.09696960449219,1.07993066310883,1.1797981262207,1.16559433937073,1.10427224636078,1.06359767913818,1.16750693321228,1.16225135326385,1.09295344352722,1.10087454319,1.1677029132843,1.15863418579102,1.13839793205261,1.09470880031586,1.1922709941864,1.10446643829346,1.10932981967926,1.10389268398285,1.11626863479614,1.11646604537964,1.08461570739746,1.07659530639648,1.4018
1.13144409656525,1.08898448944092,1.14928150177002,1.10755228996277,1.17888331413269,1.18043684959412,1.13416349887848,1.10958659648895,1.22823774814606,1.19718217849731,1.14163267612457,1.09724926948547,1.21643781661987,1.1939594745636,1.13204765319824,1.12780463695526,1.2169349193573,1.19099903106689,1.17210948467255,1.1187686920166,1.24053502082825,1.11413192749023,1.14641904830933,1.11440658569336,1.16625142097473,1.14996767044067,1.12684905529022,1.10848820209503,1.4433
1.17654621601105,1.15009093284607,1.20952320098877,1.18724763393402,1.22857761383057,1.23981010913849,1.20168697834015,1.19513583183289,1.27393198013306,1.25456786155701,1.20964026451111,1.18635678291321,1.26363587379456,1.25161683559418,1.20240616798401,1.21069598197937,1.26475417613983,1.24419593811035,1.2350138425827,1.19846713542938,1.2856901884079,1.14843857288361,1.21549129486084,1.1504693031311,1.21691560745239,1.21179938316345,1.1989381313324,1.19606196880341,1.5185
1.23032307624817,1.20851850509644,1.27708661556244,1.2699294090271,1.2558765411377,1.27268636226654,1.26934826374054,1.26115429401398,1.30177450180054,1.28932881355286,1.27752256393433,1.25528192520142,1.29110050201416,1.28595077991486,1.27140700817108,1.27163851261139,1.2920401096344,1.28435838222504,1.29309165477753,1.262087225914,1.31341075897217,1.18003261089325,1.28016602993011,1.18434822559357,1.24416279792786,1.24241733551025,1.26790452003479,1.26106345653534,1.5772
1.27846539020538,1.25707840919495,1.34207439422607,1.34068870544434,1.25867247581482,1.27764987945557,1.31962966918945,1.31198108196259,1.30585885047913,1.29585719108582,1.32832753658295,1.304239153862,1.29406023025513,1.29235863685608,1.32029592990875,1.3241730928421,1.29413771629333,1.29984080791473,1.34190797805786,1.3189857006073,1.31681990623474,1.21281516551971,1.32972180843353,1.2193820476532,1.24684143066406,1.24609303474426,1.31409764289856,1.3088983297348,1.4901
1.31622242927551,1.29226505756378,1.39496731758118,1.399866938591,1.26538181304932,1.28948259353638,1.37479972839355,1.36538589000702,1.31078779697418,1.30770981311798,1.38195753097534,1.36337518692017,1.29927563667297,1.30417490005493,1.37625551223755,1.37218368053436,1.29920697212219,1.31436383724213,1.38454210758209,1.37297332286835,1.32115268707275,1.23884129524231,1.3790420293808,1.24734306335449,1.25404691696167,1.25867557525635,1.36970961093903,1.36408233642578,1.2192
1.34293484687805,1.29600811004639,1.43705809116364,1.42748522758484,1.26338577270508,1.2723388671875,1.37614989280701,1.3605831861496,1.30756521224976,1.29090714454651,1.3844268321991,1.35595333576202,1.29601943492889,1.28737711906433,1.37754845619202,1.37077081203461,1.29557180404663,1.30172955989838,1.39981532096863,1.35971593856812,1.31719613075256,1.23938250541687,1.38748073577881,1.24772977828979,1.2524505853653,1.24172651767731,1.37366080284119,1.36107182502747,1.3135
1.34993970394135,1.29603517055511,1.45496463775635,1.45344865322113,1.25674796104431,1.26843917369843,1.37724244594574,1.37302649021149,1.29900121688843,1.2860791683197,1.38667118549347,1.37293612957001,1.28792548179626,1.28276383876801,1.37910485267639,1.38015818595886,1.28741598129272,1.29544305801392,1.40307176113129,1.36419093608856,1.30804073810577,1.24214553833008,1.39031112194061,1.25052654743195,1.24631369113922,1.23922681808472,1.37826955318451,1.37619113922119,1.2589
1.32942771911621,1.29298198223114,1.4478440284729,1.47039484977722,1.22488141059875,1.25521373748779,1.36825573444366,1.38819754123688,1.2646803855896,1.27196562290192,1.37880146503448,1.38703393936157,1.25400936603546,1.26900494098663,1.37075924873352,1.39542889595032,1.25315129756927,1.28024113178253,1.39804828166962,1.37737798690796,1.2727313041687,1.25835287570953,1.38435220718384,1.26643037796021,1.21510910987854,1.22750186920166,1.3698673248291,1.39112102985382,1.1071
1.33631110191345,1.28227055072784,1.43711853027344,1.45449018478394,1.24785482883453,1.26451897621155,1.35771644115448,1.36439979076385,1.28801238536835,1.28205537796021,1.3682473897934,1.36479949951172,1.27744519710541,1.27880847454071,1.3607919216156,1.37220323085785,1.27686262130737,1.29175364971161,1.38760590553284,1.35462665557861,1.29640913009644,1.24665987491608,1.37441289424896,1.25390553474426,1.23796415328979,1.23558282852173,1.35990738868713,1.36690497398376,1.1505
1.33674836158752,1.26831459999084,1.44140481948853,1.45356059074402,1.25600218772888,1.2532399892807,1.37733435630798,1.36964344978333,1.29183006286621,1.26895749568939,1.3884254693985,1.37293326854706,1.28239297866821,1.26607525348663,1.38292217254639,1.37236821651459,1.28185606002808,1.27858924865723,1.3995715379715,1.35383808612823,1.29914128780365,1.22829627990723,1.39451193809509,1.23574697971344,1.24722194671631,1.22708070278168,1.38494110107422,1.37294209003448,1.155
1.28728783130646,1.23338449001312,1.41364765167236,1.43902337551117,1.19591426849365,1.20645415782928,1.34004032611847,1.34537613391876,1.22826039791107,1.22080886363983,1.34868037700653,1.34897136688232,1.21970224380493,1.21827626228333,1.34360074996948,1.34657371044159,1.21899712085724,1.22513008117676,1.35907638072968,1.32761812210083,1.23466718196869,1.21464872360229,1.35318040847778,1.22150683403015,1.1879597902298,1.18240988254547,1.3454315662384,1.350266456604,1.6102
1.25515198707581,1.22426962852478,1.37221598625183,1.4217449426651,1.20372903347015,1.22353839874268,1.31120979785919,1.34414565563202,1.23250603675842,1.23582148551941,1.32079565525055,1.34768044948578,1.22548425197601,1.23362565040588,1.3165146112442,1.34853279590607,1.22548627853394,1.23412954807281,1.33617722988129,1.32817161083221,1.23880219459534,1.2216477394104,1.32840168476105,1.22758460044861,1.19652962684631,1.20207691192627,1.31898498535156,1.34938633441925,1.1193
1.22682070732117,1.20756423473358,1.32757949829102,1.38228869438171,1.19602489471436,1.22419250011444,1.28351581096649,1.31654930114746,1.22439002990723,1.23610055446625,1.29510700702667,1.31959807872772,1.21766650676727,1.23398292064667,1.29049527645111,1.31998455524445,1.21787047386169,1.23265469074249,1.30539810657501,1.30272710323334,1.23086416721344,1.21562850475311,1.30126297473907,1.21984469890594,1.18886578083038,1.20294499397278,1.29369056224823,1.31975364685059,1.0437
1.1899528503418,1.1759660243988,1.28649115562439,1.3366596698761,1.15884184837341,1.19297218322754,1.24373149871826,1.26713716983795,1.1817798614502,1.20341873168945,1.2515275478363,1.27000057697296,1.17656373977661,1.20144975185394,1.24888515472412,1.26890504360199,1.17692518234253,1.1986745595932,1.25594007968903,1.25446128845215,1.18744611740112,1.19657015800476,1.25553274154663,1.19895541667938,1.15293371677399,1.17465341091156,1.25153923034668,1.27013754844666,1.043
1.16099870204926,1.15172815322876,1.24520802497864,1.29453504085541,1.13964664936066,1.17748057842255,1.20413506031036,1.22162306308746,1.16293787956238,1.18814826011658,1.21059381961823,1.22400653362274,1.15794348716736,1.18590569496155,1.20872855186462,1.22359395027161,1.1586719751358,1.18121325969696,1.21409773826599,1.21134793758392,1.16935515403748,1.18220400810242,1.21314120292664,1.18294322490692,1.13350594043732,1.15922117233276,1.21128463745117,1.22523617744446,1.0184
1.13308048248291,1.11958491802216,1.21233415603638,1.25388050079346,1.09737086296082,1.13120985031128,1.17684364318848,1.19238722324371,1.12644493579865,1.14452803134918,1.18363678455353,1.19281911849976,1.11934471130371,1.1418628692627,1.1800742149353,1.19440102577209,1.11930012702942,1.14266169071198,1.18741512298584,1.18391621112823,1.13363337516785,1.16635143756866,1.18498373031616,1.16666960716248,1.08985722064972,1.1097104549408,1.18020677566528,1.19391596317291,0.98241
1.11147475242615,1.08802461624146,1.18572044372559,1.21105325222015,1.07379841804504,1.10424995422363,1.1488618850708,1.15183556079865,1.10770809650421,1.11903965473175,1.15435326099396,1.15146815776825,1.09890961647034,1.11619055271149,1.15000462532043,1.15555965900421,1.09828805923462,1.11941266059875,1.1599907875061,1.14599072933197,1.11551523208618,1.14836812019348,1.15604400634766,1.14771497249603,1.06514871120453,1.08053696155548,1.14942848682404,1.15341365337372,0.96609
1.09496212005615,1.06539463996887,1.16385793685913,1.16905510425568,1.05591154098511,1.0809577703476,1.11553359031677,1.11212074756622,1.09336876869202,1.09664332866669,1.12109613418579,1.10605037212372,1.08310532569885,1.093825340271,1.11502838134766,1.1203920841217,1.08180129528046,1.10072374343872,1.13453352451324,1.11249184608459,1.10129046440125,1.13808166980743,1.12396156787872,1.13672530651093,1.04649472236633,1.05596113204956,1.11174130439758,1.11161923408508,0.94306
1.08756792545319,1.06020081043243,1.15286552906036,1.15790581703186,1.08635258674622,1.1080230474472,1.11795139312744,1.12003922462463,1.11302578449249,1.11972224712372,1.12363767623901,1.12052738666534,1.10693311691284,1.1172388792038,1.12103271484375,1.12525463104248,1.10738217830658,1.11497759819031,1.13509774208069,1.11211705207825,1.12041759490967,1.13120138645172,1.12885880470276,1.12935495376587,1.0792897939682,1.08891522884369,1.12307357788086,1.12433266639709,0.95009
