small_1,small_de_2,all_3,all_de_4,small_5,small_de_6,all_7,all_de_8,small_9,small_de_10,all_11,all_de_12,small_13,small_de_14,all_15,all_de_16,small_17,small_de_18,all_19,all_de_20,small_21,small_de_22,all_23,all_de_24,small_25,small_de_26,all_27,all_de_28,original
1.06709003448486,1.06348204612732,1.13597536087036,1.12519490718842,1.06243526935577,1.09172117710114,1.1371374130249,1.11082851886749,1.11307549476624,1.09860849380493,1.14559590816498,1.14435195922852,1.10327887535095,1.09961247444153,1.14368414878845,1.12805473804474,1.11487603187561,1.12895202636719,1.15979194641113,1.14391887187958,1.09955823421478,1.12902212142944,1.16079151630402,1.1239618062973,1.07446265220642,1.08063614368439,1.13582825660706,1.128622174263,0.9289
1.01969146728516,1.01724874973297,1.10134434700012,1.08847010135651,1.01494765281677,1.04743182659149,1.10692918300629,1.07488465309143,1.06838750839233,1.05503928661346,1.1144917011261,1.10867774486542,1.05895280838013,1.05616652965546,1.11191368103027,1.09326457977295,1.06941592693329,1.12401449680328,1.13077616691589,1.11420440673828,1.05301201343536,1.12409281730652,1.12831211090088,1.0987823009491,1.02730238437653,1.03563487529755,1.09859466552734,1.09546947479248,0.89671
0.999350845813751,1.01040184497833,1.07066333293915,1.06850028038025,0.994707942008972,1.0400425195694,1.07854080200195,1.05322122573853,1.04708790779114,1.04797160625458,1.0841783285141,1.09011054039001,1.03820157051086,1.04898393154144,1.0837516784668,1.07350718975067,1.04789900779724,1.13469517230988,1.10182929039001,1.09843993186951,1.03186273574829,1.13477885723114,1.09871983528137,1.086301445961,1.0067332983017,1.02836048603058,1.06808269023895,1.07694721221924,0.8832
1.05396509170532,1.06499660015106,1.07749056816101,1.08043098449707,1.04899346828461,1.09299993515015,1.07854747772217,1.06824290752411,1.10193753242493,1.10036516189575,1.08898138999939,1.09958028793335,1.09177076816559,1.10112690925598,1.08563125133514,1.08337414264679,1.10398423671722,1.12516725063324,1.10204529762268,1.08955192565918,1.08828282356262,1.12523579597473,1.10356998443604,1.07333421707153,1.06161022186279,1.08177495002747,1.07971394062042,1.08328413963318,0.88417
1.00200724601746,1.01200592517853,1.05925440788269,1.05684864521027,0.996919751167297,1.0424907207489,1.06267821788788,1.03986299037933,1.05606269836426,1.04976809024811,1.07344365119934,1.0816810131073,1.04601836204529,1.05110394954681,1.07118272781372,1.06252253055573,1.05657374858856,1.12501311302185,1.08928728103638,1.07905614376068,1.03813707828522,1.12509191036224,1.08959114551544,1.0629266500473,1.01036548614502,1.03072416782379,1.05862998962402,1.06242942810059,0.88606
0.98218435049057,0.984673738479614,1.05723118782043,1.04796957969666,0.977339744567871,1.015221118927,1.06390249729156,1.03042256832123,1.03560352325439,1.02243673801422,1.07166194915771,1.07311904430389,1.02643525600433,1.02399802207947,1.07006573677063,1.05531084537506,1.0353410243988,1.1367359161377,1.08739829063416,1.07810664176941,1.01691007614136,1.13682413101196,1.08585238456726,1.06758809089661,0.990307152271271,1.00357401371002,1.05480146408081,1.05717980861664,0.91307
1.01952600479126,1.03263938426971,1.09961986541748,1.1006543636322,1.01452338695526,1.06426298618317,1.1058896780014,1.08822655677795,1.07292103767395,1.07250511646271,1.10935509204865,1.11906468868256,1.06365740299225,1.07368540763855,1.10927605628967,1.10592460632324,1.07293045520782,1.16934406757355,1.11795401573181,1.12031221389771,1.05495011806488,1.16942775249481,1.12041521072388,1.10981452465057,1.02763700485229,1.05188345909119,1.09988307952881,1.10683858394623,0.96838
1.10225224494934,1.11628520488739,1.17102909088135,1.17236876487732,1.09706163406372,1.14836657047272,1.17269515991211,1.16419017314911,1.15640223026276,1.15755975246429,1.17580449581146,1.18414890766144,1.1472761631012,1.15807485580444,1.17458033561707,1.1754812002182,1.15626859664917,1.20232796669006,1.17285346984863,1.17266643047333,1.13865053653717,1.20240437984467,1.182333111763,1.15653502941132,1.11039006710052,1.1355402469635,1.17405772209167,1.17350041866302,1.03
1.2486959695816,1.2580099105835,1.28278493881226,1.28874111175537,1.24356913566589,1.28533327579498,1.27655792236328,1.28771913051605,1.29417657852173,1.29447865486145,1.28107535839081,1.2905387878418,1.28499114513397,1.29386961460114,1.27888298034668,1.28813445568085,1.29619026184082,1.2285703420639,1.26633727550507,1.25795936584473,1.28295266628265,1.22862684726715,1.28346109390259,1.23142290115356,1.25577163696289,1.27368974685669,1.29286909103394,1.28317832946777,1.0423
1.3287273645401,1.34370112419128,1.36709499359131,1.38309645652771,1.32391977310181,1.36585474014282,1.35847413539886,1.3838312625885,1.36381137371063,1.3741614818573,1.3646434545517,1.38422107696533,1.35443425178528,1.37303328514099,1.3620924949646,1.38197958469391,1.36824345588684,1.24529361724854,1.34881544113159,1.34128618240356,1.35937857627869,1.24533462524414,1.36931920051575,1.30529773235321,1.33460414409637,1.35570311546326,1.38406586647034,1.37393999099731,1.107
1.38937211036682,1.38069653511047,1.43664598464966,1.42506515979767,1.38392162322998,1.40628099441528,1.43288338184357,1.42136883735657,1.42968893051147,1.41633355617523,1.43955051898956,1.43184423446655,1.41942536830902,1.41463160514832,1.435187458992,1.42878603935242,1.43419015407562,1.24646031856537,1.42674732208252,1.40301918983459,1.42417001724243,1.24649393558502,1.44534611701965,1.36655128002167,1.39598643779755,1.39452564716339,1.44739294052124,1.42056274414062,1.0886
1.38296627998352,1.37593483924866,1.45557355880737,1.44194841384888,1.37737917900085,1.40316486358643,1.4593517780304,1.43504476547241,1.42682802677155,1.41303682327271,1.46384871006012,1.4491935968399,1.41594779491425,1.41163146495819,1.46299862861633,1.44385182857513,1.43095755577087,1.24946320056915,1.46056294441223,1.43729090690613,1.41931748390198,1.24949705600739,1.47221994400024,1.40341973304749,1.39014267921448,1.39101433753967,1.46081042289734,1.43990564346313,1.1091
1.38651633262634,1.38106799125671,1.54914474487305,1.54032003879547,1.38074028491974,1.41110587120056,1.5541365146637,1.53701198101044,1.43301200866699,1.42184257507324,1.55755507946014,1.55004799365997,1.42183458805084,1.42038142681122,1.55634355545044,1.54899263381958,1.43689692020416,1.25829315185547,1.54358530044556,1.51895654201508,1.42434024810791,1.25832736492157,1.56551265716553,1.47568559646606,1.39405584335327,1.39790081977844,1.55941247940063,1.54006326198578,1.1188
1.32602000236511,1.32492518424988,1.4611804485321,1.46098172664642,1.32075715065002,1.35331678390503,1.47223556041718,1.44908201694489,1.37031090259552,1.36163365840912,1.47747957706451,1.48019051551819,1.35906195640564,1.36131072044373,1.47815299034119,1.46821403503418,1.37410295009613,1.24859702587128,1.48504376411438,1.47230386734009,1.36120438575745,1.24863696098328,1.4930202960968,1.44109714031219,1.33340013027191,1.34138035774231,1.46683430671692,1.46448981761932,1.0529
1.25922083854675,1.24609506130219,1.3660751581192,1.34720659255981,1.25417399406433,1.27606737613678,1.38324117660522,1.32979786396027,1.30538177490234,1.28339064121246,1.3865875005722,1.37227952480316,1.29406595230103,1.28399896621704,1.38788032531738,1.35558092594147,1.30843043327332,1.22910702228546,1.40624368190765,1.38973307609558,1.29392242431641,1.22915589809418,1.40466499328613,1.37149918079376,1.26689386367798,1.26407408714294,1.36773216724396,1.35589444637299,1.0555
1.25247097015381,1.26062905788422,1.33513426780701,1.33850562572479,1.24759960174561,1.29048764705658,1.3479745388031,1.3212206363678,1.2952253818512,1.29846286773682,1.35261142253876,1.36233150959015,1.28395295143127,1.2987368106842,1.35354518890381,1.34650909900665,1.29893827438354,1.23341012001038,1.37072825431824,1.37383437156677,1.28564405441284,1.23345685005188,1.36941909790039,1.35686850547791,1.25973999500275,1.27826511859894,1.33489811420441,1.34558463096619,1.0845
1.17726230621338,1.18023562431335,1.2912472486496,1.2930144071579,1.17221462726593,1.21387267112732,1.30339062213898,1.27713942527771,1.22725915908813,1.22097623348236,1.30661606788635,1.31417429447174,1.21536326408386,1.22242116928101,1.30816197395325,1.29852962493896,1.22974026203156,1.22280490398407,1.32036852836609,1.32148396968842,1.21295738220215,1.22286128997803,1.32205641269684,1.30147659778595,1.185551404953,1.20094919204712,1.29253900051117,1.29808974266052,1.0279
1.14099979400635,1.15237700939178,1.25095105171204,1.24838125705719,1.1357901096344,1.1879118680954,1.26326155662537,1.23325860500336,1.19501447677612,1.19460046291351,1.26582884788513,1.27051043510437,1.18266248703003,1.19654774665833,1.266930103302,1.25559890270233,1.19698548316956,1.2164614200592,1.27737128734589,1.27970290184021,1.17839097976685,1.21652007102966,1.27847766876221,1.26375925540924,1.14986777305603,1.17461228370667,1.25209403038025,1.25672328472137,1.017
1.09125638008118,1.10656499862671,1.20135569572449,1.18998432159424,1.0857185125351,1.14520025253296,1.21364998817444,1.16964399814606,1.15455114841461,1.15135681629181,1.21747577190399,1.21750223636627,1.14159035682678,1.15398955345154,1.21914482116699,1.19700336456299,1.15490579605103,1.19895541667938,1.23232126235962,1.23124134540558,1.13228094577789,1.19901931285858,1.23208940029144,1.22000598907471,1.10136747360229,1.13131618499756,1.19997096061707,1.19952619075775,0.99237
1.08821451663971,1.10637474060059,1.18822121620178,1.18550539016724,1.0828617811203,1.14169132709503,1.19519007205963,1.16957271099091,1.1484317779541,1.14754629135132,1.20066606998444,1.20828318595886,1.13590145111084,1.14986479282379,1.20142531394958,1.19110560417175,1.14907813072205,1.18665897846222,1.2119414806366,1.20788204669952,1.12764143943787,1.18672370910645,1.21359419822693,1.1945766210556,1.09787511825562,1.12887978553772,1.18961131572723,1.19240307807922,0.9415
1.08499240875244,1.0934944152832,1.17950510978699,1.17872357368469,1.07968389987946,1.12691593170166,1.18137836456299,1.16440403461456,1.143874168396,1.13278663158417,1.18909680843353,1.19976031780243,1.13160645961761,1.13485538959503,1.18837940692902,1.18279337882996,1.14466452598572,1.16941916942596,1.19890975952148,1.18901455402374,1.12385082244873,1.16948544979095,1.2035768032074,1.17264354228973,1.09443259239197,1.11466896533966,1.18327760696411,1.18156111240387,0.92378
1.05568361282349,1.05945944786072,1.14960622787476,1.14463901519775,1.05041027069092,1.09262299537659,1.14940273761749,1.12838757038116,1.1161777973175,1.09842872619629,1.16104853153229,1.16918182373047,1.10427188873291,1.10056507587433,1.15828514099121,1.14925801753998,1.11626124382019,1.15179526805878,1.17446982860565,1.15708613395691,1.09464693069458,1.15186655521393,1.17796206474304,1.14050579071045,1.06524920463562,1.08055317401886,1.15160202980042,1.14745509624481,0.91177
1.05210900306702,1.05141389369965,1.12724304199219,1.12056231498718,1.04685389995575,1.08398020267487,1.12494361400604,1.10442399978638,1.10994338989258,1.09049129486084,1.13845789432526,1.14541041851044,1.09839868545532,1.09226024150848,1.13499760627747,1.12502300739288,1.11053538322449,1.14033961296082,1.15412545204163,1.13199818134308,1.0902715921402,1.14041030406952,1.15629434585571,1.11574101448059,1.06125926971436,1.07180082798004,1.12885141372681,1.12385237216949,0.89922
1.04241418838501,1.04295265674591,1.12548780441284,1.11898255348206,1.03720831871033,1.07529950141907,1.12319123744965,1.10476279258728,1.09755206108093,1.0824579000473,1.13445508480072,1.1402530670166,1.08653593063354,1.08395791053772,1.13140821456909,1.12238657474518,1.09851229190826,1.13599669933319,1.14795875549316,1.12687134742737,1.07958936691284,1.1360684633255,1.1514048576355,1.10976767539978,1.05111169815063,1.06295466423035,1.12812948226929,1.12060725688934,0.88845
