small_1,small_de_2,all_3,all_de_4,small_5,small_de_6,all_7,all_de_8,small_9,small_de_10,all_11,all_de_12,small_13,small_de_14,all_15,all_de_16,small_17,small_de_18,all_19,all_de_20,small_21,small_de_22,all_23,all_de_24,small_25,small_de_26,all_27,all_de_28,original
0.874161243438721,1.07352304458618,0.992480218410492,1.03992128372192,1.14218497276306,1.13474690914154,1.17616736888885,1.18937528133392,1.15529882907867,1.1356166601181,1.18052291870117,1.19410455226898,1.14610362052917,1.13766741752625,1.17731404304504,1.18886470794678,1.15953433513641,1.14765191078186,1.17798972129822,1.1919869184494,1.14952266216278,1.1015088558197,1.18017852306366,1.19283831119537,1.13090264797211,1.13446819782257,1.17983019351959,1.20170629024506,0.94255
0.980426251888275,1.08568739891052,1.12798964977264,1.07700574398041,1.11472344398499,1.10544049739838,1.14633941650391,1.15670680999756,1.12881743907928,1.10640454292297,1.14341449737549,1.16421830654144,1.11841678619385,1.10859811306,1.14153456687927,1.15842223167419,1.13359212875366,1.11938226222992,1.14354085922241,1.16311192512512,1.12230789661407,1.09640252590179,1.14347875118256,1.15816473960876,1.1023097038269,1.10512518882751,1.14569890499115,1.17202913761139,0.94142
1.0410373210907,1.10284376144409,1.19619393348694,1.11558783054352,1.10931277275085,1.11099433898926,1.12603735923767,1.15936172008514,1.12263059616089,1.11181664466858,1.12776064872742,1.16078412532806,1.11273515224457,1.11382472515106,1.12676751613617,1.15901458263397,1.12716329097748,1.12441956996918,1.12777352333069,1.15560913085938,1.11618852615356,1.10639536380768,1.12946212291718,1.15275883674622,1.09749388694763,1.11071169376373,1.1267124414444,1.16532182693481,0.92181
1.06497097015381,1.09054446220398,1.223508477211,1.12080681324005,1.08980119228363,1.07988834381104,1.1038703918457,1.13046360015869,1.1050146818161,1.08079147338867,1.10516571998596,1.13059556484222,1.09333801269531,1.0829883813858,1.10609149932861,1.1302604675293,1.11035871505737,1.09495055675507,1.10705542564392,1.12530875205994,1.09750640392303,1.09755837917328,1.10776734352112,1.12179470062256,1.07614827156067,1.07956767082214,1.10324466228485,1.13268530368805,0.92415
1.08099591732025,1.08413243293762,1.23258996009827,1.12673997879028,1.0851457118988,1.06617629528046,1.09330809116364,1.11398065090179,1.10059487819672,1.06688559055328,1.0950071811676,1.11529421806335,1.08846950531006,1.06895077228546,1.09703874588013,1.11342442035675,1.10616207122803,1.08202397823334,1.09707093238831,1.11092722415924,1.09259736537933,1.09718906879425,1.09715688228607,1.107870221138,1.07114243507385,1.06588435173035,1.09361267089844,1.11791038513184,0.91812
1.09920716285706,1.08809614181519,1.24795138835907,1.14623498916626,1.09368741512299,1.05741953849792,1.11672163009644,1.12440657615662,1.1116201877594,1.0583747625351,1.11740589141846,1.12543630599976,1.09726786613464,1.0607887506485,1.11835122108459,1.12333238124847,1.11829054355621,1.0750857591629,1.12008857727051,1.11985301971436,1.10281777381897,1.10863256454468,1.12026560306549,1.1153712272644,1.07746362686157,1.05705046653748,1.11532843112946,1.12557446956635,0.96109
1.12535989284515,1.11730265617371,1.26484179496765,1.18479204177856,1.13289558887482,1.10728561878204,1.13418579101562,1.1415684223175,1.15140056610107,1.10854697227478,1.13480567932129,1.14778518676758,1.1369503736496,1.11119937896729,1.13451218605042,1.14114022254944,1.15819621086121,1.12424170970917,1.13301753997803,1.14376735687256,1.14333438873291,1.14114618301392,1.1335414648056,1.13978087902069,1.11650085449219,1.10686159133911,1.1355539560318,1.15479123592377,1.0199
1.17382776737213,1.15821838378906,1.29706835746765,1.22904491424561,1.19159257411957,1.16853666305542,1.19669449329376,1.19869685173035,1.21214258670807,1.16986560821533,1.19552826881409,1.20975172519684,1.19662570953369,1.17277443408966,1.19109773635864,1.19944906234741,1.21953105926514,1.18721926212311,1.18893468379974,1.20552515983582,1.20363187789917,1.17435348033905,1.19186115264893,1.19990730285645,1.1738623380661,1.16809070110321,1.19800174236298,1.22051537036896,1.1159
1.22143054008484,1.19427418708801,1.33788299560547,1.26889193058014,1.24266362190247,1.21867322921753,1.24769186973572,1.24292922019958,1.26268637180328,1.22013902664185,1.24682950973511,1.25263345241547,1.24794673919678,1.22309064865112,1.24379944801331,1.24300622940063,1.26981616020203,1.23611187934875,1.24182319641113,1.25023829936981,1.25510144233704,1.19853854179382,1.24408411979675,1.2438268661499,1.22573721408844,1.21821391582489,1.24844861030579,1.25772225856781,1.1234
1.26096177101135,1.22537815570831,1.37691116333008,1.30334043502808,1.28630828857422,1.26615011692047,1.29311561584473,1.28555357456207,1.30334091186523,1.26742577552795,1.29245543479919,1.29626035690308,1.29131412506104,1.26996147632599,1.28996133804321,1.28553771972656,1.30928611755371,1.28050601482391,1.28678584098816,1.29476487636566,1.29756224155426,1.21534383296967,1.28826594352722,1.29043078422546,1.27228021621704,1.26576375961304,1.2953919172287,1.30370366573334,1.1703
1.28339719772339,1.23411405086517,1.40365433692932,1.313032746315,1.31212389469147,1.27703952789307,1.31051135063171,1.29403007030487,1.32872688770294,1.2783887386322,1.30922818183899,1.30304157733917,1.31732511520386,1.28095149993896,1.30907511711121,1.29432475566864,1.33442091941833,1.29074966907501,1.3067786693573,1.30181634426117,1.32355988025665,1.21249353885651,1.30683732032776,1.29764640331268,1.29869091510773,1.27664637565613,1.31143856048584,1.31097114086151,1.1746
1.29615688323975,1.25181317329407,1.41342425346375,1.32802867889404,1.33678817749023,1.30901908874512,1.32430720329285,1.3172173500061,1.35164761543274,1.31022429466248,1.32276904582977,1.32792365550995,1.34197068214417,1.31251502037048,1.32403135299683,1.31734752655029,1.35656547546387,1.32077074050903,1.32097554206848,1.32920658588409,1.34764134883881,1.21746873855591,1.31986248493195,1.32626497745514,1.32510948181152,1.30868017673492,1.32534503936768,1.33780670166016,1.2282
1.29444813728333,1.25272560119629,1.40666878223419,1.32533574104309,1.34576666355133,1.3121964931488,1.32319962978363,1.31048345565796,1.3588889837265,1.31357264518738,1.32129526138306,1.31901752948761,1.35075378417969,1.31586766242981,1.32484865188599,1.31049704551697,1.36310291290283,1.32211697101593,1.32143092155457,1.32223558425903,1.3562992811203,1.2098046541214,1.31879079341888,1.32019102573395,1.33572793006897,1.3118394613266,1.32368195056915,1.32508182525635,1.1919
1.2904087305069,1.25732040405273,1.38994121551514,1.3253276348114,1.35506367683411,1.33230626583099,1.32620763778687,1.32213819026947,1.36557900905609,1.33356392383575,1.32511603832245,1.33169054985046,1.35977363586426,1.33553659915924,1.32807016372681,1.32234942913055,1.36870169639587,1.33947622776031,1.32476329803467,1.33537709712982,1.36445093154907,1.20800340175629,1.32272279262543,1.33458840847015,1.34744322299957,1.33200514316559,1.32774496078491,1.34097266197205,1.2122
1.27751481533051,1.24710202217102,1.35893797874451,1.30561625957489,1.35007429122925,1.32663440704346,1.30428123474121,1.29737138748169,1.35998165607452,1.32806468009949,1.3013356924057,1.30702376365662,1.35483169555664,1.33011209964752,1.30619931221008,1.29824328422546,1.36277234554291,1.33272528648376,1.30163908004761,1.3140207529068,1.35959374904633,1.19674837589264,1.29804539680481,1.31424474716187,1.34306561946869,1.32630968093872,1.30521154403687,1.31548690795898,1.4566
1.24672913551331,1.24647033214569,1.31192576885223,1.29513192176819,1.32666504383087,1.33445179462433,1.2705385684967,1.2951592206955,1.33524930477142,1.33609664440155,1.26935434341431,1.30300450325012,1.33134293556213,1.33818173408508,1.274658203125,1.29562962055206,1.3373851776123,1.33863592147827,1.26800155639648,1.31133413314819,1.3361052274704,1.20234811306,1.26478242874146,1.3135142326355,1.32085132598877,1.33410179615021,1.27299237251282,1.30974125862122,1.3337
1.2300637960434,1.22417998313904,1.26670348644257,1.26432001590729,1.31306505203247,1.32243716716766,1.27148604393005,1.30531692504883,1.32081878185272,1.32411110401154,1.27028584480286,1.31374728679657,1.31762266159058,1.32612133026123,1.27168369293213,1.30578029155731,1.32258105278015,1.3253880739212,1.26670598983765,1.32034182548523,1.32210290431976,1.1885153055191,1.26622045040131,1.32169663906097,1.30795586109161,1.32209455966949,1.273472905159,1.32099211215973,1.1932
1.21885204315186,1.20861184597015,1.22455024719238,1.23865103721619,1.2981493473053,1.31768298149109,1.26682877540588,1.29894626140594,1.30476534366608,1.3192892074585,1.26453423500061,1.30844736099243,1.30249667167664,1.3211761713028,1.26395320892334,1.29938054084778,1.30604672431946,1.31983709335327,1.26040458679199,1.31551420688629,1.30634665489197,1.18116188049316,1.26055061817169,1.31596875190735,1.29398083686829,1.31736445426941,1.26850032806396,1.31635975837708,1.1854
1.1938807964325,1.17658269405365,1.18773794174194,1.20262181758881,1.25337696075439,1.27166068553925,1.25021505355835,1.2713977098465,1.26099050045013,1.27342224121094,1.2476761341095,1.28041005134583,1.2574782371521,1.27550733089447,1.24558019638062,1.27165961265564,1.26278495788574,1.27484488487244,1.24158382415771,1.28763782978058,1.26178574562073,1.16331362724304,1.24194705486298,1.28861701488495,1.24799585342407,1.27129364013672,1.25124549865723,1.28648114204407,1.1221
1.19238603115082,1.1571170091629,1.16022968292236,1.1736136674881,1.24728155136108,1.26706421375275,1.23698806762695,1.25701749324799,1.25528061389923,1.26822185516357,1.23389077186584,1.26800334453583,1.25159335136414,1.26991236209869,1.22944402694702,1.25777351856232,1.2570960521698,1.27177178859711,1.2270495891571,1.27328038215637,1.25463008880615,1.1504020690918,1.22852492332458,1.27418780326843,1.24153053760529,1.2668172121048,1.2387900352478,1.27893006801605,1.1241
1.20936036109924,1.14197313785553,1.14865398406982,1.14599287509918,1.26081490516663,1.27415752410889,1.25619602203369,1.25996923446655,1.26820385456085,1.27482008934021,1.25050401687622,1.27066171169281,1.26532745361328,1.27608394622803,1.2436192035675,1.2612920999527,1.26961755752563,1.27869892120361,1.24387407302856,1.27535939216614,1.26705622673035,1.13271415233612,1.2460104227066,1.27385890483856,1.25572848320007,1.27402591705322,1.25500690937042,1.27961993217468,1.0385
1.23145532608032,1.13644850254059,1.14680254459381,1.12605500221252,1.26891839504242,1.28638994693756,1.25875401496887,1.2582026720047,1.27512979507446,1.28661000728607,1.25608992576599,1.26352834701538,1.27336072921753,1.28740978240967,1.25023031234741,1.25872457027435,1.27601361274719,1.28982472419739,1.25063419342041,1.26602780818939,1.27395164966583,1.11915576457977,1.25265824794769,1.26672112941742,1.26492011547089,1.2863701581955,1.25769639015198,1.26853477954865,1.0463
1.23493885993958,1.12606918811798,1.14227223396301,1.10322368144989,1.2426370382309,1.24810945987701,1.23365783691406,1.22572004795074,1.24989020824432,1.24842357635498,1.23155295848846,1.23126804828644,1.24687719345093,1.2494101524353,1.22954225540161,1.22626757621765,1.25133109092712,1.25313997268677,1.22809100151062,1.23725605010986,1.24787557125092,1.10941207408905,1.227743268013,1.2392144203186,1.23745775222778,1.24804723262787,1.23362708091736,1.2346431016922,0.98808
1.23947644233704,1.11767876148224,1.13902604579926,1.08385980129242,1.23416912555695,1.24036800861359,1.22313189506531,1.21904253959656,1.24120581150055,1.24066877365112,1.22276568412781,1.22326922416687,1.23824167251587,1.24169445037842,1.22002840042114,1.21958911418915,1.24260830879211,1.24596750736237,1.22069454193115,1.22562396526337,1.2388733625412,1.1026839017868,1.22120606899261,1.22762227058411,1.22907686233521,1.24030375480652,1.22424912452698,1.22943162918091,1.0228
