small_1,small_de_2,all_3,all_de_4,small_5,small_de_6,all_7,all_de_8,small_9,small_de_10,all_11,all_de_12,small_13,small_de_14,all_15,all_de_16,small_17,small_de_18,all_19,all_de_20,small_21,small_de_22,all_23,all_de_24,small_25,small_de_26,all_27,all_de_28,original
0.73757416009903,0.894912958145142,0.757452428340912,1.05596673488617,1.12421679496765,1.14026379585266,1.12990498542786,1.13181006908417,1.13546705245972,1.14036560058594,1.13326585292816,1.13054645061493,1.13236618041992,1.14207756519318,1.12523460388184,1.13171589374542,1.13284862041473,1.14272284507751,1.13239109516144,1.11105453968048,1.13063669204712,1.14540362358093,1.12944412231445,1.13714218139648,1.12686657905579,1.14032173156738,1.13105702400208,1.13105762004852,0.9723
0.830350458621979,0.939497649669647,0.873284816741943,1.03374397754669,1.07052898406982,1.08637583255768,1.07806253433228,1.08460295200348,1.09065783023834,1.08657336235046,1.08188414573669,1.08314549922943,1.08668518066406,1.088951587677,1.08774244785309,1.08518350124359,1.08748686313629,1.09046447277069,1.08101844787598,1.09353673458099,1.08368825912476,1.09773349761963,1.0804899930954,1.09149491786957,1.07718753814697,1.0864669084549,1.07863330841064,1.08407700061798,0.98717
0.892121255397797,0.977921605110168,0.939258813858032,1.03153395652771,1.03790640830994,1.05881917476654,1.06031930446625,1.08387112617493,1.05882620811462,1.05902743339539,1.06077075004578,1.0800393819809,1.05471253395081,1.06168937683105,1.0678049325943,1.08261239528656,1.05549764633179,1.06446731090546,1.06081771850586,1.09324812889099,1.05126559734344,1.07589447498322,1.05985009670258,1.08668386936188,1.04521596431732,1.05892658233643,1.06029748916626,1.08352828025818,0.96684
0.936117947101593,0.989402770996094,0.973009645938873,1.01462769508362,1.03730654716492,1.05171406269073,1.03021085262299,1.05050897598267,1.05291378498077,1.05185604095459,1.03008377552032,1.04597496986389,1.04913461208344,1.05431425571442,1.04273617267609,1.04850792884827,1.04967045783997,1.05779683589935,1.02922630310059,1.07431864738464,1.04598212242126,1.07009863853455,1.03014123439789,1.05300629138947,1.04248905181885,1.05181312561035,1.03020834922791,1.05039310455322,0.95926
0.967645883560181,0.998494863510132,0.995968699455261,1.01147508621216,1.00810134410858,1.01621782779694,1.02909481525421,1.0442430973053,1.03100311756134,1.01642274856567,1.02881348133087,1.04147005081177,1.02664935588837,1.01933467388153,1.03820979595184,1.04257071018219,1.02745962142944,1.02349150180817,1.02984547615051,1.06648278236389,1.0225944519043,1.03925240039825,1.03136086463928,1.0422488451004,1.01660323143005,1.0163391828537,1.03046715259552,1.0437388420105,0.98643
1.00699234008789,1.02215588092804,1.01843905448914,1.02143907546997,1.0312192440033,1.02988314628601,1.03823149204254,1.038290143013,1.05620181560516,1.0300999879837,1.034747838974,1.02887725830078,1.0517555475235,1.03315937519073,1.04406726360321,1.03559112548828,1.05265474319458,1.03744733333588,1.03316116333008,1.07418501377106,1.04757440090179,1.05420529842377,1.02890682220459,1.03894817829132,1.04060137271881,1.03000867366791,1.03616690635681,1.03763210773468,0.971
1.04815697669983,1.06951665878296,1.04823684692383,1.05766427516937,1.07796931266785,1.0843118429184,1.0958514213562,1.09906828403473,1.09949791431427,1.08449470996857,1.08547139167786,1.08172595500946,1.09557831287384,1.08733367919922,1.0844669342041,1.09372043609619,1.09637439250946,1.09128975868225,1.08133268356323,1.11416494846344,1.09211301803589,1.10650324821472,1.06793701648712,1.09851026535034,1.08578133583069,1.08442509174347,1.09024524688721,1.0984560251236,1.0939
1.09929227828979,1.12412261962891,1.08617615699768,1.10440194606781,1.12257552146912,1.13448929786682,1.13963520526886,1.14125287532806,1.15034747123718,1.13473153114319,1.128178358078,1.12053918838501,1.14606153964996,1.1378356218338,1.12300705909729,1.13578450679779,1.14715957641602,1.14105606079102,1.12212109565735,1.15342652797699,1.14237475395203,1.1555849313736,1.10392379760742,1.14252853393555,1.13276183605194,1.13460922241211,1.13262331485748,1.14013004302979,1.1214
1.15311551094055,1.16949808597565,1.1298965215683,1.14555966854095,1.1731653213501,1.17913484573364,1.1862165927887,1.18111407756805,1.19664943218231,1.17934238910675,1.17881178855896,1.16480875015259,1.19291043281555,1.18220973014832,1.1699070930481,1.17738163471222,1.19385242462158,1.18508851528168,1.17439937591553,1.18428337574005,1.1898957490921,1.19818389415741,1.16005742549896,1.18135952949524,1.18149888515472,1.17924118041992,1.18161165714264,1.18011939525604,1.1941
1.20160984992981,1.20922386646271,1.17374777793884,1.18433570861816,1.21478462219238,1.21788132190704,1.2352728843689,1.2264312505722,1.23268413543701,1.21804165840149,1.22738456726074,1.20631551742554,1.2299507856369,1.22039425373077,1.21852469444275,1.22150957584381,1.23070180416107,1.22250401973724,1.22196757793427,1.21396636962891,1.22794532775879,1.23249197006226,1.20488774776459,1.22860300540924,1.22095704078674,1.21796417236328,1.22973418235779,1.22518742084503,1.1848
1.24327254295349,1.22798132896423,1.21149182319641,1.20508325099945,1.25091230869293,1.23588025569916,1.27303826808929,1.25690114498138,1.26142656803131,1.23597478866577,1.26661825180054,1.24209368228912,1.259610414505,1.23789536952972,1.25891065597534,1.25258994102478,1.26008021831512,1.23977077007294,1.26465427875519,1.22355484962463,1.25860977172852,1.24786877632141,1.25360155105591,1.25534915924072,1.25405621528625,1.23594272136688,1.26947855949402,1.25594091415405,1.2472
1.27763247489929,1.25578486919403,1.23560011386871,1.22751474380493,1.29041111469269,1.27774250507355,1.28339076042175,1.27042663097382,1.29103362560272,1.27773261070251,1.27890694141388,1.25551164150238,1.29045355319977,1.27897465229034,1.2793060541153,1.26584720611572,1.29055106639862,1.28041863441467,1.27527046203613,1.2403804063797,1.29081583023071,1.28522872924805,1.26629304885864,1.27345383167267,1.28949558734894,1.27777290344238,1.28016090393066,1.26918852329254,1.2602
1.30026710033417,1.26742613315582,1.25145173072815,1.23563814163208,1.30917036533356,1.28869354724884,1.30522084236145,1.28635346889496,1.30840933322906,1.28869569301605,1.30235731601715,1.27768981456757,1.30853152275085,1.28957617282867,1.30045664310455,1.28360271453857,1.30863606929779,1.28956484794617,1.30079782009125,1.24057674407959,1.30963158607483,1.29014456272125,1.29580819606781,1.286749958992,1.3077803850174,1.28870761394501,1.3037633895874,1.28534626960754,1.306
1.31367945671082,1.28029084205627,1.25650012493134,1.24333953857422,1.32668650150299,1.31030094623566,1.31170034408569,1.29872584342957,1.31996715068817,1.31024932861328,1.30789566040039,1.28790163993835,1.32085406780243,1.31059896945953,1.30747926235199,1.29581570625305,1.32074749469757,1.30980885028839,1.305379986763,1.24680769443512,1.32285642623901,1.30673170089722,1.29834425449371,1.30274128913879,1.32279467582703,1.31029176712036,1.30861043930054,1.2980614900589,1.2524
1.31721806526184,1.28854954242706,1.25157284736633,1.23915934562683,1.3422623872757,1.33088862895966,1.3147873878479,1.31194496154785,1.3237601518631,1.33073115348816,1.31243777275085,1.30565845966339,1.32622408866882,1.3301774263382,1.31126320362091,1.30986452102661,1.32566404342651,1.32873547077179,1.30921566486359,1.25560224056244,1.32977604866028,1.32129001617432,1.30327916145325,1.3185647726059,1.33376812934875,1.3308424949646,1.31186962127686,1.31105041503906,1.3111
1.29677224159241,1.2893875837326,1.22785425186157,1.22009170055389,1.32180094718933,1.3326313495636,1.29147219657898,1.30794334411621,1.2995126247406,1.33245396614075,1.28686344623566,1.30082988739014,1.30290699005127,1.33135592937469,1.29202377796173,1.30554926395416,1.30224502086639,1.32895755767822,1.2817234992981,1.25914740562439,1.30732643604279,1.31766080856323,1.27267396450043,1.31812334060669,1.31199824810028,1.33256638050079,1.28638625144958,1.30677306652069,1.263
1.27566981315613,1.26408576965332,1.19671607017517,1.16948556900024,1.29702162742615,1.30066096782684,1.26570153236389,1.28183877468109,1.27887713909149,1.300532579422,1.2613936662674,1.27740585803986,1.28211081027985,1.29936921596527,1.26480484008789,1.27997422218323,1.28163945674896,1.29616618156433,1.25742721557617,1.2346807718277,1.28627240657806,1.28306984901428,1.25000894069672,1.29084157943726,1.28905260562897,1.30059683322906,1.26081800460815,1.28073072433472,1.2771
1.24887764453888,1.24640309810638,1.16510188579559,1.13185501098633,1.26733529567719,1.27896285057068,1.24884080886841,1.26341640949249,1.25047695636749,1.27886080741882,1.24430453777313,1.2572318315506,1.25352168083191,1.27776277065277,1.2390376329422,1.26150405406952,1.253093957901,1.27450883388519,1.23942160606384,1.21667671203613,1.25743436813354,1.26146078109741,1.22736692428589,1.27251541614532,1.25994896888733,1.27890467643738,1.24361515045166,1.26254236698151,1.2165
1.2191241979599,1.21479976177216,1.1396689414978,1.08886969089508,1.23192620277405,1.24830508232117,1.23894464969635,1.24564909934998,1.2205171585083,1.24826014041901,1.23429667949677,1.24043345451355,1.22276675701141,1.24747896194458,1.21707260608673,1.24418902397156,1.22254478931427,1.24415767192841,1.23105323314667,1.18767774105072,1.22587966918945,1.23179304599762,1.21815121173859,1.25135171413422,1.22668957710266,1.24826204776764,1.23442316055298,1.24542939662933,1.161
1.18903660774231,1.18826746940613,1.11692214012146,1.05702888965607,1.17641043663025,1.1962343454361,1.20205235481262,1.21138226985931,1.17524421215057,1.19626927375793,1.19844841957092,1.20481562614441,1.17610204219818,1.19618260860443,1.18288362026215,1.20991158485413,1.17624461650848,1.19390189647675,1.19475722312927,1.16439867019653,1.17761945724487,1.18628239631653,1.18063640594482,1.21721279621124,1.1754378080368,1.19622433185577,1.1983859539032,1.21044874191284,1.1527
1.16262221336365,1.151606798172,1.09901189804077,1.02287781238556,1.13010168075562,1.13494467735291,1.16985177993774,1.16575443744659,1.13935494422913,1.13506937026978,1.16724193096161,1.15934705734253,1.13907361030579,1.13555359840393,1.15057146549225,1.16474747657776,1.13960790634155,1.13385999202728,1.16492128372192,1.12955713272095,1.13919615745544,1.12986099720001,1.15250408649445,1.16910254955292,1.13357436656952,1.1349630355835,1.16737937927246,1.16505026817322,1.1213
1.138347864151,1.1220291852951,1.08294928073883,1.00180768966675,1.08692789077759,1.08683598041534,1.12465870380402,1.11744701862335,1.10204386711121,1.08700168132782,1.12183904647827,1.10826981067657,1.10118019580841,1.08783602714539,1.1120240688324,1.11514055728912,1.10191226005554,1.08698308467865,1.11936521530151,1.10207557678223,1.10037279129028,1.08642172813416,1.10799860954285,1.12022840976715,1.09314250946045,1.08687317371368,1.12270188331604,1.11671912670135,1.0735
1.11484956741333,1.08918154239655,1.06787514686584,0.987028300762177,1.04303443431854,1.02535951137543,1.08625662326813,1.07532525062561,1.05684816837311,1.02552890777588,1.08336615562439,1.06615996360779,1.05603694915771,1.02674841880798,1.08035361766815,1.07267129421234,1.05664157867432,1.02777516841888,1.08196687698364,1.07634770870209,1.05482077598572,1.03313052654266,1.07267034053802,1.077068567276,1.04922807216644,1.02541851997375,1.08450531959534,1.07451295852661,1.0605
1.09694242477417,1.0641393661499,1.05338335037231,0.981048762798309,1.03002166748047,1.00579452514648,1.06360685825348,1.05645036697388,1.03129780292511,1.00585949420929,1.05906283855438,1.04694485664368,1.0315123796463,1.00686645507812,1.06181073188782,1.05283844470978,1.0315248966217,1.00959360599518,1.05784249305725,1.06385242938995,1.0310240983963,1.01816821098328,1.04959619045258,1.05639553070068,1.03147339820862,1.00584673881531,1.06095147132874,1.05593371391296,1.0628
