small_1,small_de_2,all_3,all_de_4,small_5,small_de_6,all_7,all_de_8,small_9,small_de_10,all_11,all_de_12,small_13,small_de_14,all_15,all_de_16,small_17,small_de_18,all_19,all_de_20,small_21,small_de_22,all_23,all_de_24,small_25,small_de_26,all_27,all_de_28,original
0.760998249053955,0.825745165348053,0.625598967075348,0.830933630466461,0.950940251350403,0.955302715301514,0.958381175994873,0.96668154001236,0.956655740737915,0.956458270549774,0.944732666015625,0.952093124389648,0.922797560691833,0.958428561687469,0.94644421339035,0.927661418914795,0.916998445987701,0.92895781993866,0.942692875862122,0.941278874874115,0.939157962799072,0.886450290679932,0.941046893596649,0.934972941875458,0.964057564735413,0.960727870464325,0.951688945293427,0.938787221908569,0.97403
0.810151338577271,0.845312714576721,0.720610380172729,0.851985514163971,0.937018930912018,0.945186734199524,0.942786872386932,0.95218551158905,0.942553818225861,0.946331977844238,0.931461811065674,0.938821732997894,0.909645736217499,0.948244750499725,0.932117342948914,0.917291164398193,0.903733670711517,0.926860690116882,0.928823828697205,0.929359376430511,0.924646258354187,0.879641950130463,0.927719354629517,0.92359846830368,0.950143218040466,0.950479626655579,0.937106072902679,0.927562654018402,0.99954
0.839169919490814,0.855674862861633,0.779560804367065,0.861976027488708,0.926737546920776,0.942042350769043,0.931552410125732,0.941606342792511,0.934327185153961,0.943355321884155,0.919968128204346,0.928635120391846,0.894747316837311,0.945274472236633,0.920883774757385,0.907495379447937,0.889859855175018,0.922762632369995,0.917147159576416,0.920126974582672,0.911801099777222,0.870842635631561,0.915404915809631,0.913608431816101,0.944492697715759,0.947529315948486,0.925948858261108,0.917414009571075,0.9559
0.855644166469574,0.86197304725647,0.817864537239075,0.868197023868561,0.920641362667084,0.932966530323029,0.924603044986725,0.935446321964264,0.925957143306732,0.934172511100769,0.914140284061432,0.922876954078674,0.894561648368835,0.936040222644806,0.915798306465149,0.903570115566254,0.888474643230438,0.920044124126434,0.91175365447998,0.915249586105347,0.907386064529419,0.868460893630981,0.909433245658875,0.90889847278595,0.933864951133728,0.938230633735657,0.919972717761993,0.912282109260559,1.0034
0.870732724666595,0.866046905517578,0.848935961723328,0.871969044208527,0.925203263759613,0.923589646816254,0.928116858005524,0.929915964603424,0.929066836833954,0.924603402614594,0.918608605861664,0.918947756290436,0.902791798114777,0.926305651664734,0.920199990272522,0.90182501077652,0.896149694919586,0.916887402534485,0.91571718454361,0.911373257637024,0.913506507873535,0.867676734924316,0.913364052772522,0.905973136425018,0.935122787952423,0.928292393684387,0.923731625080109,0.909668564796448,0.9401
0.898775935173035,0.893384754657745,0.886177241802216,0.896977126598358,0.957504570484161,0.949919104576111,0.952693104743958,0.953846156597137,0.960891902446747,0.950827598571777,0.940207600593567,0.942032992839813,0.937027812004089,0.952384948730469,0.942423164844513,0.924590051174164,0.930375635623932,0.930863201618195,0.937128186225891,0.930951833724976,0.947330951690674,0.89884889125824,0.933838248252869,0.924976527690887,0.965632379055023,0.954199194908142,0.947378933429718,0.935222029685974,0.97537
0.936970591545105,0.942083775997162,0.931909441947937,0.942643105983734,1.00594854354858,1.00271761417389,0.98751962184906,0.996291518211365,1.00982892513275,1.00359499454498,0.975533246994019,0.984440386295319,0.98304146528244,1.00510108470917,0.978172063827515,0.969232738018036,0.977218925952911,0.960279941558838,0.973945140838623,0.970161497592926,0.998171448707581,0.945497989654541,0.971166431903839,0.965153813362122,1.01326334476471,1.0068473815918,0.982390105724335,0.981769502162933,0.97647
0.98467493057251,0.999590814113617,0.985749244689941,0.995540797710419,1.06490254402161,1.06920659542084,1.03205752372742,1.04765892028809,1.06913411617279,1.07008647918701,1.02205002307892,1.03668940067291,1.03958654403687,1.07166230678558,1.02538478374481,1.02604162693024,1.03451120853424,0.992605209350586,1.02276480197906,1.02203011512756,1.06025612354279,0.998646140098572,1.02152442932129,1.01864409446716,1.0708270072937,1.07347667217255,1.02797114849091,1.0376900434494,1.0126
1.03382778167725,1.04190039634705,1.04166388511658,1.03381240367889,1.09529948234558,1.10113883018494,1.08375823497772,1.0923900604248,1.10232841968536,1.10216248035431,1.07336902618408,1.08204805850983,1.06640458106995,1.10369288921356,1.07578468322754,1.07108664512634,1.06230211257935,1.00807189941406,1.07362926006317,1.065758228302,1.0875837802887,1.02902519702911,1.07388341426849,1.06296873092651,1.10745930671692,1.1054710149765,1.07924425601959,1.08355283737183,1.0556
1.07107365131378,1.07874536514282,1.08650434017181,1.06946623325348,1.10089266300201,1.12011539936066,1.1178982257843,1.12884140014648,1.11240077018738,1.1213550567627,1.10499024391174,1.11725401878357,1.06363892555237,1.12282967567444,1.10732591152191,1.1029976606369,1.06137979030609,1.02249598503113,1.1059023141861,1.09787380695343,1.08781039714813,1.04411292076111,1.10553252696991,1.09486627578735,1.12322461605072,1.12456381320953,1.1127849817276,1.11786556243896,1.0435
1.1056934595108,1.10848045349121,1.12314879894257,1.09669923782349,1.12420415878296,1.13844084739685,1.14106965065002,1.15131378173828,1.13440895080566,1.13951909542084,1.12818956375122,1.14146733283997,1.08869791030884,1.14096772670746,1.13369882106781,1.13094258308411,1.08621847629547,1.0320405960083,1.13117074966431,1.12315762042999,1.11418759822845,1.06137192249298,1.12948334217072,1.1216539144516,1.1425975561142,1.14265251159668,1.13724112510681,1.14443838596344,1.1315
1.13450479507446,1.12240135669708,1.14741957187653,1.10073566436768,1.15069782733917,1.15740466117859,1.15522658824921,1.15233528614044,1.1640453338623,1.15865540504456,1.14286613464355,1.1442608833313,1.10483050346375,1.16020429134369,1.14779388904572,1.13284051418304,1.10454273223877,1.02590751647949,1.14380121231079,1.13006949424744,1.14038002490997,1.05882501602173,1.14219427108765,1.12842440605164,1.17403972148895,1.16200137138367,1.15052127838135,1.14442813396454,1.1141
1.15133237838745,1.14531517028809,1.15931630134583,1.11257326602936,1.15729641914368,1.17685997486115,1.16343152523041,1.17101860046387,1.17360031604767,1.17829978466034,1.14792585372925,1.16022622585297,1.10328602790833,1.1799613237381,1.15329682826996,1.14395570755005,1.10455679893494,1.03250253200531,1.1491379737854,1.1435751914978,1.14496004581451,1.06572270393372,1.14645600318909,1.13985395431519,1.18647658824921,1.18189680576324,1.15756905078888,1.1581689119339,1.1285
1.13296175003052,1.12220752239227,1.1407333612442,1.08150565624237,1.13731360435486,1.15059447288513,1.12995254993439,1.13187718391418,1.15564918518066,1.15217483043671,1.12163460254669,1.12295365333557,1.06944179534912,1.15416669845581,1.12546670436859,1.10930705070496,1.07308077812195,1.01406991481781,1.12495517730713,1.11329996585846,1.12702834606171,1.00996339321136,1.12425148487091,1.11189782619476,1.16827428340912,1.15646386146545,1.12727344036102,1.11806213855743,1.1472
1.13336658477783,1.1328831911087,1.12331330776215,1.07392406463623,1.13890266418457,1.17016494274139,1.13994216918945,1.15411639213562,1.16242432594299,1.17197597026825,1.12368392944336,1.14152467250824,1.05938196182251,1.17377984523773,1.12846958637238,1.12211382389069,1.0656726360321,1.01748585700989,1.12199115753174,1.12804174423218,1.12333750724792,1.02301383018494,1.12100768089294,1.12271416187286,1.18088531494141,1.17587947845459,1.13239419460297,1.13344991207123,1.1306
1.10804843902588,1.11591017246246,1.09626305103302,1.05195641517639,1.12760531902313,1.15654742717743,1.12605881690979,1.14568066596985,1.14814627170563,1.15846157073975,1.10843193531036,1.13180410861969,1.05599641799927,1.16087889671326,1.11403584480286,1.11044549942017,1.05966341495514,1.00607562065125,1.10683345794678,1.11685466766357,1.11365807056427,1.01154732704163,1.10251891613007,1.11106193065643,1.16477012634277,1.16370224952698,1.11852693557739,1.12595808506012,1.1715
1.08622646331787,1.11023879051208,1.07856905460358,1.05244731903076,1.10899305343628,1.13862216472626,1.11212050914764,1.13972461223602,1.12607383728027,1.14045834541321,1.09261083602905,1.12412989139557,1.05102014541626,1.14302968978882,1.09911835193634,1.09902155399323,1.05150675773621,1.01351404190063,1.09109354019165,1.11140549182892,1.09447288513184,1.0155987739563,1.08785212039948,1.10186076164246,1.14162993431091,1.14604616165161,1.10204339027405,1.10947239398956,1.1146
1.05774307250977,1.08842670917511,1.05933058261871,1.03765046596527,1.05244767665863,1.07256436347961,1.09776401519775,1.12485229969025,1.06337785720825,1.07367241382599,1.07625865936279,1.11237215995789,1.00466132164001,1.07543575763702,1.08019435405731,1.09007740020752,1.00356924533844,1.00932931900024,1.07458186149597,1.09450888633728,1.04417932033539,0.987847566604614,1.0690358877182,1.09055185317993,1.07102811336517,1.07747483253479,1.08737075328827,1.10019516944885,1.0941
1.01877927780151,1.04547190666199,1.03227913379669,1.00413930416107,1.0353387594223,1.03864777088165,1.05112767219543,1.07290804386139,1.03939878940582,1.03968715667725,1.03712296485901,1.06128251552582,1.00928401947021,1.04207098484039,1.03837013244629,1.03947865962982,1.00268709659576,0.993071377277374,1.03550362586975,1.05275452136993,1.02966284751892,0.976511001586914,1.03485989570618,1.04830968379974,1.04273152351379,1.04484510421753,1.0433657169342,1.05075943470001,1.0551
0.977892100811005,1.00775372982025,1.00097334384918,0.974204778671265,0.995098471641541,1.00163078308105,1.00853729248047,1.03152394294739,0.997239768505096,1.00267124176025,0.996965527534485,1.01968824863434,0.979119062423706,1.00515794754028,1.00123298168182,0.996312975883484,0.970090746879578,0.984423100948334,0.997948169708252,1.01214122772217,0.986374497413635,0.960458159446716,0.999496221542358,1.00438261032104,1.001744389534,1.00807332992554,1.003493309021,1.00475692749023,1.0283
0.947012901306152,0.973829209804535,0.978481531143188,0.946257412433624,0.979540288448334,0.976434350013733,0.984684884548187,0.996772170066833,0.976567327976227,0.977193653583527,0.978042721748352,0.985356986522675,0.976551353931427,0.979575395584106,0.978243708610535,0.969632506370544,0.964860737323761,0.973808228969574,0.978347897529602,0.979756236076355,0.974678874015808,0.95102447271347,0.981994867324829,0.977668046951294,0.975943982601166,0.982354938983917,0.982008039951324,0.971858620643616,0.96475
0.914738059043884,0.938259899616241,0.954808592796326,0.916411697864532,0.948847472667694,0.945966184139252,0.9537353515625,0.962855279445648,0.945466339588165,0.946862757205963,0.946760416030884,0.949778079986572,0.95247894525528,0.949361026287079,0.94553005695343,0.928718507289886,0.939134299755096,0.962175250053406,0.944944500923157,0.943191051483154,0.939819574356079,0.933615446090698,0.950178802013397,0.939053595066071,0.947498321533203,0.952305018901825,0.949745893478394,0.936043202877045,0.98897
0.888842582702637,0.904731750488281,0.936683595180511,0.889102458953857,0.936759054660797,0.913320600986481,0.930066227912903,0.937488555908203,0.926879048347473,0.913835048675537,0.922865092754364,0.923060953617096,0.957458436489105,0.916246831417084,0.924666047096252,0.902906119823456,0.940498113632202,0.949617624282837,0.924525737762451,0.913918197154999,0.932611465454102,0.924385190010071,0.928217947483063,0.908932268619537,0.922555148601532,0.919073164463043,0.928752481937408,0.911211669445038,0.93186
0.86710000038147,0.883259356021881,0.925700604915619,0.874242186546326,0.925030469894409,0.885298669338226,0.90565437078476,0.908263683319092,0.905974805355072,0.885247886180878,0.907848596572876,0.898094296455383,0.968725383281708,0.887457072734833,0.906691551208496,0.887479066848755,0.946970760822296,0.946761846542358,0.909315764904022,0.892003655433655,0.928646206855774,0.925966382026672,0.917266666889191,0.891413509845734,0.892056941986084,0.890017628669739,0.908371388912201,0.891671657562256,0.96208
