small_1,small_de_2,all_3,all_de_4,small_5,small_de_6,all_7,all_de_8,small_9,small_de_10,all_11,all_de_12,small_13,small_de_14,all_15,all_de_16,small_17,small_de_18,all_19,all_de_20,small_21,small_de_22,all_23,all_de_24,small_25,small_de_26,all_27,all_de_28,original
0.888411641120911,0.90051656961441,0.893126130104065,0.91966450214386,0.959725201129913,0.915188670158386,0.935086369514465,0.924584329128265,0.918614625930786,0.880644798278809,0.929469704627991,0.938447177410126,0.918212294578552,0.870796620845795,0.988937795162201,0.945372641086578,0.915129005908966,0.929100096225739,0.946026623249054,0.944169402122498,0.93190324306488,0.929199397563934,0.930477321147919,0.930519342422485,0.966698706150055,0.974036753177643,0.871699810028076,0.900201976299286,0.97403
0.877317786216736,0.891138076782227,0.881282687187195,0.910061657428741,0.94691663980484,0.905639946460724,0.923728466033936,0.914428293704987,0.904798269271851,0.872100114822388,0.919361233711243,0.928276538848877,0.905368804931641,0.862013101577759,0.97902923822403,0.933341920375824,0.90446949005127,0.927050352096558,0.933226644992828,0.932742655277252,0.919694304466248,0.927012741565704,0.920470118522644,0.927016854286194,0.952896893024445,0.96372401714325,0.861325442790985,0.891243934631348,0.99954
0.864842653274536,0.881776511669159,0.869131565093994,0.899769484996796,0.932666659355164,0.893296539783478,0.911812424659729,0.904425024986267,0.89115959405899,0.860540211200714,0.908791303634644,0.917503416538239,0.891010642051697,0.849367678165436,0.968538463115692,0.92448765039444,0.893514335155487,0.922968745231628,0.920503318309784,0.919630169868469,0.905793309211731,0.922858953475952,0.909210205078125,0.92155134677887,0.939860761165619,0.962311089038849,0.851837456226349,0.880751013755798,0.9559
0.864638447761536,0.876901149749756,0.863348722457886,0.894449055194855,0.931954443454742,0.890062510967255,0.905598163604736,0.898914813995361,0.888526082038879,0.857721447944641,0.902628719806671,0.912756860256195,0.890466332435608,0.84692245721817,0.962132453918457,0.920000970363617,0.892813444137573,0.920258820056915,0.914312183856964,0.91147655248642,0.906476616859436,0.920124471187592,0.902487635612488,0.917914390563965,0.936546504497528,0.952094912528992,0.845497667789459,0.876395165920258,1.0034
0.871748328208923,0.875314176082611,0.865737915039062,0.89189600944519,0.939608097076416,0.89041930437088,0.907093644142151,0.895918071269989,0.896145820617676,0.859491348266602,0.902580976486206,0.910060405731201,0.897889852523804,0.849391341209412,0.961467325687408,0.916975915431976,0.900129914283752,0.917099297046661,0.917191028594971,0.9039546251297,0.916028320789337,0.916930258274078,0.902447521686554,0.914234042167664,0.942420244216919,0.940288960933685,0.845589220523834,0.874174356460571,0.9401
0.901099979877472,0.905526459217072,0.882719397544861,0.913761138916016,0.971786916255951,0.92102438211441,0.924081563949585,0.919698476791382,0.930728495121002,0.891482055187225,0.916481375694275,0.931022047996521,0.929965019226074,0.881396174430847,0.974265336990356,0.938633739948273,0.931381464004517,0.930864453315735,0.937513053417206,0.921461522579193,0.953128099441528,0.931120336055756,0.916000485420227,0.928774774074554,0.974245548248291,0.965235590934753,0.858423471450806,0.899584829807281,0.97537
0.940353810787201,0.959160923957825,0.916899085044861,0.958478331565857,1.01678967475891,0.974085509777069,0.958526611328125,0.965293645858765,0.980804800987244,0.944321751594543,0.946919441223145,0.975069642066956,0.974143981933594,0.934611797332764,1.00347304344177,0.979196608066559,0.970637917518616,0.960088312625885,0.976960778236389,0.964855313301086,0.998435616493225,0.960770189762115,0.947358667850494,0.960569858551025,1.02127575874329,1.01734375953674,0.886128306388855,0.948743343353271,0.97647
0.988442778587341,1.02469348907471,0.963524580001831,1.01521062850952,1.07204699516296,1.03923237323761,1.00564789772034,1.02171516418457,1.04163527488708,1.00726401805878,0.990449190139771,1.03177070617676,1.02866041660309,0.998416185379028,1.04706907272339,1.03064262866974,1.01805984973907,0.992197811603546,1.03094244003296,1.02246570587158,1.05322909355164,0.99341744184494,0.993088603019714,0.997058689594269,1.07918429374695,1.08364570140839,0.926584720611572,1.00883281230927,1.0126
1.01153612136841,1.05075860023499,1.01128804683685,1.05815148353577,1.09565734863281,1.06230127811432,1.05378091335297,1.06582677364349,1.06739664077759,1.03181433677673,1.03652846813202,1.07517564296722,1.05345976352692,1.02140772342682,1.09420609474182,1.07514452934265,1.04646360874176,1.00742042064667,1.08486294746399,1.07066524028778,1.08553028106689,1.00913023948669,1.04191565513611,1.01807260513306,1.10518133640289,1.11718344688416,0.970398902893066,1.05192804336548,1.0556
1.00950908660889,1.0616888999939,1.03999590873718,1.08749449253082,1.09168696403503,1.06891429424286,1.08459186553955,1.09719622135162,1.06518650054932,1.0405238866806,1.06760358810425,1.10562300682068,1.05032801628113,1.02821111679077,1.12760925292969,1.10910737514496,1.04937362670898,1.02176225185394,1.11651349067688,1.1106059551239,1.08685779571533,1.02357614040375,1.07532453536987,1.03682017326355,1.10465729236603,1.13838016986847,0.999797463417053,1.08223569393158,1.0435
1.0307822227478,1.08602213859558,1.06098997592926,1.11301827430725,1.1165611743927,1.09543693065643,1.10822796821594,1.12308645248413,1.09205973148346,1.06598305702209,1.09059119224548,1.13262903690338,1.07450830936432,1.0550901889801,1.15402376651764,1.13500034809113,1.0690701007843,1.03127002716064,1.13924193382263,1.14113080501556,1.11033117771149,1.03319931030273,1.10214614868164,1.05001258850098,1.12932920455933,1.15470719337463,1.02028024196625,1.11010336875916,1.1315
1.04453158378601,1.09813261032104,1.07259786128998,1.11418759822845,1.13435184955597,1.10432088375092,1.12086164951324,1.12316334247589,1.11529302597046,1.07302069664001,1.10301899909973,1.13412284851074,1.09104311466217,1.06230103969574,1.17036950588226,1.1409832239151,1.0814882516861,1.02510786056519,1.14915418624878,1.14789772033691,1.12222826480865,1.0271338224411,1.11850666999817,1.0462681055069,1.15192174911499,1.1751127243042,1.0339537858963,1.10631060600281,1.1141
1.04318618774414,1.11006605625153,1.07626283168793,1.12415146827698,1.13388276100159,1.1135265827179,1.12542486190796,1.13490843772888,1.11723113059998,1.0811311006546,1.10897552967072,1.14376163482666,1.09031319618225,1.06985342502594,1.17804300785065,1.15499985218048,1.07998728752136,1.03168082237244,1.1533317565918,1.15896606445312,1.11836791038513,1.03377747535706,1.12469124794006,1.05330538749695,1.15517485141754,1.19662725925446,1.04161334037781,1.11681377887726,1.1285
1.0139297246933,1.07889425754547,1.05987346172333,1.09278428554535,1.10825312137604,1.08177483081818,1.10953640937805,1.09898173809052,1.09589076042175,1.04386138916016,1.09730553627014,1.11438274383545,1.06126523017883,1.0348025560379,1.16730523109436,1.1191543340683,1.04066359996796,1.01380324363708,1.13459444046021,1.13207805156708,1.06883716583252,1.01481354236603,1.11379504203796,1.0331666469574,1.13460874557495,1.17151689529419,1.02857983112335,1.08120667934418,1.1472
1.00582933425903,1.09004378318787,1.05217111110687,1.10121476650238,1.0986020565033,1.08675217628479,1.0969477891922,1.11074161529541,1.08964347839355,1.05252063274384,1.08338820934296,1.12276220321655,1.05143117904663,1.0411297082901,1.15244102478027,1.13546180725098,1.03660845756531,1.01701259613037,1.12575399875641,1.12204337120056,1.06128621101379,1.01834082603455,1.09814214706421,1.03417766094208,1.12902235984802,1.19299829006195,1.01938903331757,1.08758354187012,1.1306
1.00197517871857,1.07018733024597,1.03508281707764,1.08741056919098,1.09423446655273,1.07174253463745,1.07853770256042,1.09859919548035,1.07912385463715,1.03032755851746,1.06301498413086,1.11222910881042,1.04923713207245,1.01947999000549,1.13011813163757,1.12625777721405,1.02882194519043,1.00561690330505,1.10477304458618,1.10020649433136,1.05372071266174,1.00718569755554,1.07424569129944,1.02043962478638,1.12381505966187,1.18271672725677,1.00014495849609,1.07854604721069,1.1715
0.997437000274658,1.05454850196838,1.02050626277924,1.08049178123474,1.0851104259491,1.06047976016998,1.05908513069153,1.08903968334198,1.06216788291931,1.01829898357391,1.04468476772308,1.10208320617676,1.04318034648895,1.00704658031464,1.11033737659454,1.11854910850525,1.02701497077942,1.0130695104599,1.08636569976807,1.0945987701416,1.05485343933105,1.01467502117157,1.05355024337769,1.02590441703796,1.11003112792969,1.16533041000366,0.985898971557617,1.06421411037445,1.1146
0.958340883255005,1.0197811126709,1.00462079048157,1.06825721263885,1.04383873939514,1.03183233737946,1.0437308549881,1.07603633403778,1.01865363121033,0.998160183429718,1.02879762649536,1.09224390983582,0.998500347137451,0.989073395729065,1.09223890304565,1.10570001602173,0.982167720794678,1.00925350189209,1.06568098068237,1.08369493484497,1.00543236732483,1.00977551937103,1.03638684749603,1.0205237865448,1.06044816970825,1.08949685096741,0.968790054321289,1.05454206466675,1.0941
0.961218059062958,0.98576831817627,0.978273868560791,1.02792167663574,1.0434365272522,1.00686025619507,1.02292025089264,1.0344934463501,1.00644063949585,0.966266572475433,1.00869596004486,1.0499701499939,1.00242495536804,0.957803249359131,1.07391345500946,1.05671811103821,0.983900308609009,0.992943525314331,1.03938615322113,1.05856156349182,1.01241552829742,0.993879377841949,1.01702356338501,1.0027449131012,1.05402636528015,1.05784618854523,0.949586033821106,1.01172685623169,1.0551
0.935416698455811,0.948349833488464,0.950485825538635,0.992453098297119,1.01030254364014,0.971974074840546,0.995865106582642,0.997845828533173,0.965036034584045,0.931863248348236,0.990391850471497,1.0090799331665,0.972199320793152,0.922237992286682,1.05390679836273,1.01408696174622,0.961747705936432,0.984329402446747,1.00957894325256,1.03816676139832,0.988941788673401,0.985211193561554,0.996831297874451,0.992190301418304,1.016681432724,1.02206838130951,0.929722666740417,0.973115265369415,1.0283
0.933104753494263,0.934084534645081,0.940308809280396,0.967744886875153,1.00686407089233,0.962206542491913,0.982884764671326,0.967751681804657,0.957276940345764,0.922625958919525,0.978073954582214,0.987163722515106,0.969034671783447,0.914192795753479,1.03931725025177,0.980310440063477,0.957913398742676,0.973742365837097,0.995686888694763,1.02296483516693,0.987758636474609,0.974565267562866,0.982247173786163,0.980330049991608,1.00747430324554,0.993896305561066,0.914021372795105,0.948548913002014,0.96475
0.912576079368591,0.897988379001617,0.913290143013,0.933531165122986,0.9795783162117,0.926050662994385,0.959990262985229,0.933806836605072,0.923269927501678,0.887145936489105,0.95807683467865,0.948825776576996,0.94465970993042,0.876865863800049,1.02094650268555,0.944147408008575,0.942111253738403,0.962099254131317,0.964322030544281,1.00579941272736,0.970844745635986,0.962948083877563,0.963730812072754,0.968451619148254,0.977591812610626,0.965989172458649,0.895310401916504,0.909688830375671,0.98897
0.916524887084961,0.879909038543701,0.89512836933136,0.909383475780487,0.98262757062912,0.914789617061615,0.945539355278015,0.910507142543793,0.92053610086441,0.876014351844788,0.947277903556824,0.923045635223389,0.948594093322754,0.867339611053467,1.01069474220276,0.916007339954376,0.94430536031723,0.949556350708008,0.945662021636963,0.990103423595428,0.977659225463867,0.950402498245239,0.952039480209351,0.955157577991486,0.97379195690155,0.929584562778473,0.882733464241028,0.890085458755493,0.93186
0.925737619400024,0.873788237571716,0.890393733978271,0.899114787578583,0.991819679737091,0.917643010616302,0.942577362060547,0.895989179611206,0.922879159450531,0.879627227783203,0.945803165435791,0.911565363407135,0.958412766456604,0.873498201370239,1.00951743125916,0.89303582906723,0.950171947479248,0.946738004684448,0.939684569835663,0.987119138240814,0.990275144577026,0.947514414787292,0.953016042709351,0.952515363693237,0.973644554615021,0.895527064800262,0.876565217971802,0.879834055900574,0.96208
