small_1,small_de_2,all_3,all_de_4,small_5,small_de_6,all_7,all_de_8,small_9,small_de_10,all_11,all_de_12,small_13,small_de_14,all_15,all_de_16,small_17,small_de_18,all_19,all_de_20,small_21,small_de_22,all_23,all_de_24,small_25,small_de_26,all_27,all_de_28,original
0.644122362136841,0.777702271938324,0.622178256511688,0.767244875431061,0.900669932365417,0.860671162605286,0.896078705787659,0.887075662612915,0.943740844726562,0.860135674476624,0.894212305545807,0.885337769985199,0.870350122451782,0.86006110906601,0.895681202411652,0.888429045677185,0.944880783557892,0.937487244606018,0.899230062961578,0.877861440181732,0.910032033920288,0.882027328014374,0.893004417419434,0.879869937896729,0.88372540473938,0.859885394573212,0.896552979946136,0.889095604419708,0.91144
0.704109907150269,0.794593274593353,0.702382564544678,0.78647255897522,0.880994319915771,0.847013473510742,0.867141485214233,0.862002193927765,0.922333955764771,0.846514582633972,0.880779385566711,0.857877671718597,0.851294279098511,0.846447348594666,0.868580162525177,0.863306283950806,0.925651669502258,0.936562418937683,0.876561760902405,0.859100699424744,0.888966202735901,0.872230231761932,0.86227685213089,0.855601489543915,0.86468642950058,0.846287667751312,0.870511412620544,0.865812599658966,0.90642
0.740801811218262,0.798925220966339,0.750158429145813,0.792820274829865,0.874043464660645,0.841645002365112,0.847410440444946,0.84137225151062,0.915001273155212,0.841217041015625,0.87164306640625,0.838282763957977,0.844702482223511,0.841139733791351,0.851487219333649,0.842256247997284,0.920742928981781,0.931144177913666,0.859794080257416,0.84511387348175,0.881212830543518,0.865405738353729,0.843706071376801,0.839425802230835,0.858147382736206,0.841005206108093,0.854076743125916,0.844390630722046,0.88721
0.766042470932007,0.804078221321106,0.778110206127167,0.799037992954254,0.861013472080231,0.836093544960022,0.832230806350708,0.828272223472595,0.896357417106628,0.835730016231537,0.856014430522919,0.82468980550766,0.834877729415894,0.835669100284576,0.83545047044754,0.829875707626343,0.901213347911835,0.930104553699493,0.845226347446442,0.831454396247864,0.866805672645569,0.854733526706696,0.828561961650848,0.827492117881775,0.846968531608582,0.835552334785461,0.838517487049103,0.832003355026245,0.88246
0.78730309009552,0.803751945495605,0.796632051467896,0.79700893163681,0.851237177848816,0.822234511375427,0.835716009140015,0.825674891471863,0.875273823738098,0.821968019008636,0.851527988910675,0.823095977306366,0.832306027412415,0.821937382221222,0.836124002933502,0.825300574302673,0.880792915821075,0.92464679479599,0.842057704925537,0.822856843471527,0.8539719581604,0.839358747005463,0.831956207752228,0.821998298168182,0.841419339179993,0.821857690811157,0.839642822742462,0.826307654380798,0.91336
0.8202965259552,0.839936375617981,0.823894083499908,0.822759568691254,0.908330678939819,0.897860467433929,0.881126523017883,0.877183556556702,0.908644199371338,0.897944867610931,0.875702142715454,0.874219238758087,0.908178448677063,0.897902488708496,0.876842439174652,0.875265836715698,0.910533547401428,0.939814031124115,0.875717461109161,0.859195291996002,0.908065795898438,0.873820960521698,0.875219285488129,0.864919424057007,0.90852427482605,0.897925019264221,0.878316700458527,0.87679386138916,0.90716
0.851842641830444,0.885972857475281,0.854143023490906,0.865221619606018,0.937524735927582,0.939869523048401,0.920687675476074,0.930757284164429,0.932778596878052,0.940005242824554,0.908056080341339,0.931639134883881,0.94172465801239,0.939959287643433,0.918240427970886,0.927454471588135,0.929961562156677,0.968524813652039,0.912592947483063,0.915073752403259,0.938010573387146,0.899496257305145,0.919748067855835,0.923467338085175,0.939657628536224,0.939981639385223,0.918934762477875,0.928350448608398,1.0207
0.900123178958893,0.944520771503448,0.897327065467834,0.919105470180511,0.991377711296082,1.00141704082489,0.986138343811035,1.00220561027527,0.986212491989136,1.00154948234558,0.960549831390381,1.00564622879028,0.996679544448853,1.00151288509369,0.982831180095673,0.998861014842987,0.983395576477051,1.00169849395752,0.971879363059998,0.984351754188538,0.99253261089325,0.964273035526276,0.989069223403931,0.997137188911438,0.993870139122009,1.00155425071716,0.981841683387756,0.996905982494354,1.078
0.947082877159119,0.98473584651947,0.946834564208984,0.959479033946991,1.02376365661621,1.03076910972595,1.05680894851685,1.06523168087006,1.01683974266052,1.03092193603516,1.02271687984467,1.0740053653717,1.03093647956848,1.0308895111084,1.05381464958191,1.06139421463013,1.01533246040344,1.01784944534302,1.0389609336853,1.05233693122864,1.02466630935669,0.994628012180328,1.0634046792984,1.06565535068512,1.02724874019623,1.03094792366028,1.0517897605896,1.05718910694122,1.1271
0.989541530609131,1.02029407024384,0.992483854293823,0.997252345085144,1.04784047603607,1.05564904212952,1.08691310882568,1.09279429912567,1.03990614414215,1.05578076839447,1.05852258205414,1.1028106212616,1.05618560314178,1.05575215816498,1.08582472801208,1.0887885093689,1.03731489181519,1.0314689874649,1.07161486148834,1.08320415019989,1.04920279979706,1.01874387264252,1.09529972076416,1.09544622898102,1.05178165435791,1.05580675601959,1.08396124839783,1.08355629444122,1.1761
1.01349592208862,1.04339993000031,1.00794339179993,1.01166260242462,1.05814564228058,1.073157787323,1.0857549905777,1.10384750366211,1.05222535133362,1.07326292991638,1.07074439525604,1.12330651283264,1.06608724594116,1.07320463657379,1.08660125732422,1.09278178215027,1.04671049118042,1.04454672336578,1.06287801265717,1.10627818107605,1.0612381696701,1.02033400535583,1.09396886825562,1.11298751831055,1.06152498722076,1.07322001457214,1.08632600307465,1.08441865444183,1.1747
1.0497522354126,1.05660104751587,1.05006432533264,1.034010887146,1.09327220916748,1.09092807769775,1.11109697818756,1.0932183265686,1.08646953105927,1.09101164340973,1.0841236114502,1.08581805229187,1.10232639312744,1.09096503257751,1.10753273963928,1.10051679611206,1.07952535152435,1.03830921649933,1.11556339263916,1.082759141922,1.09705924987793,1.04108679294586,1.11006784439087,1.09216833114624,1.09700179100037,1.09098982810974,1.10256195068359,1.1027250289917,1.2094
1.06940579414368,1.07697403430939,1.06476771831512,1.04884517192841,1.09712040424347,1.1039719581604,1.12532794475555,1.12728822231293,1.08925151824951,1.10405385494232,1.10628092288971,1.1356508731842,1.10748827457428,1.10399734973907,1.12424206733704,1.12223243713379,1.0790376663208,1.04541194438934,1.11447191238403,1.12328839302063,1.10183334350586,1.04601883888245,1.13053047657013,1.1295839548111,1.10129070281982,1.10400950908661,1.12287080287933,1.11843967437744,1.1972
1.05997347831726,1.05469298362732,1.03599882125854,1.01081013679504,1.0753880739212,1.07626295089722,1.03412389755249,1.04325556755066,1.06458568572998,1.07638084888458,1.03477334976196,1.05036854743958,1.08852207660675,1.07629144191742,1.0326042175293,1.0352703332901,1.04510474205017,1.02735030651093,1.02421426773071,1.03553819656372,1.08213913440704,0.987130284309387,1.03343641757965,1.03460049629211,1.08045315742493,1.07625734806061,1.03582608699799,1.03229439258575,1.2028
1.04827845096588,1.05519497394562,1.00814199447632,0.993798077106476,1.05782723426819,1.07067573070526,1.03365957736969,1.05174446105957,1.04197120666504,1.07091546058655,1.02577018737793,1.05891621112823,1.07462227344513,1.07083439826965,1.02831828594208,1.04344308376312,1.02693939208984,1.03072965145111,1.01623940467834,1.0394446849823,1.06207275390625,0.9889115691185,1.03011155128479,1.04253911972046,1.06537413597107,1.07085883617401,1.02989947795868,1.04001498222351,1.2045
1.01316285133362,1.03472828865051,0.994483053684235,0.988241255283356,1.01168322563171,1.03806471824646,1.01905786991119,1.0316915512085,0.983809232711792,1.03853619098663,0.997298061847687,1.02002024650574,1.03684306144714,1.03846228122711,1.01317715644836,1.03804504871368,0.969222664833069,1.02058506011963,1.02338457107544,1.01096105575562,1.01268947124481,0.947026968002319,1.01523184776306,1.01888787746429,1.02419805526733,1.03855574131012,1.01221716403961,1.04244983196259,1.2011
0.999716997146606,1.03452968597412,0.982115626335144,0.992986261844635,1.01520645618439,1.03871273994446,1.04462110996246,1.06655550003052,0.993632316589355,1.03906059265137,1.00907802581787,1.07260859012604,1.0352703332901,1.0389986038208,1.03891324996948,1.06136524677277,0.980385065078735,1.02596950531006,1.02496242523193,1.04296827316284,1.01702880859375,0.962194621562958,1.04741263389587,1.06014311313629,1.02496361732483,1.03906500339508,1.03767204284668,1.05836451053619,1.1453
0.983112990856171,1.02344954013824,0.966813147068024,0.986116230487823,1.00995802879333,1.03898680210114,1.04314005374908,1.06433796882629,0.990901112556458,1.03924059867859,1.00707900524139,1.07526409626007,1.02816045284271,1.03916573524475,1.04112100601196,1.06070041656494,0.970569014549255,1.02085554599762,1.02498733997345,1.05489659309387,1.01427412033081,0.952300310134888,1.05178081989288,1.07069170475006,1.01813995838165,1.03917789459229,1.03886532783508,1.05513453483582,1.126
0.962038397789001,0.997570991516113,0.945126056671143,0.961581408977509,0.989505589008331,1.01417303085327,1.00845611095428,1.02758872509003,0.96755063533783,1.01447486877441,0.976347684860229,1.03932869434357,1.00952553749084,1.01439785957336,1.0064697265625,1.02350234985352,0.945767283439636,1.00282192230225,0.989696800708771,1.01910817623138,0.993330121040344,0.921114861965179,1.01733636856079,1.0332088470459,0.99870228767395,1.01441562175751,1.00441288948059,1.01701068878174,1.0817
0.944947123527527,0.981069207191467,0.928463101387024,0.947359800338745,0.967713832855225,0.994953453540802,0.998833775520325,1.01566088199615,0.946756362915039,0.995202600955963,0.966468095779419,1.02329730987549,0.985999584197998,0.995135903358459,0.995485246181488,1.01251447200775,0.925147175788879,0.993728280067444,0.983914196491241,1.00692760944366,0.971151113510132,0.90674364566803,1.00468063354492,1.01989603042603,0.976094305515289,0.995136678218842,0.993331611156464,1.00853705406189,1.0743
0.935573697090149,0.966752469539642,0.917890250682831,0.932361423969269,0.959502756595612,0.991810619831085,0.991237640380859,1.00268411636353,0.930280327796936,0.992137134075165,0.956274807453156,1.0095112323761,0.982934594154358,0.992081582546234,0.987286448478699,0.999992191791534,0.90538078546524,0.980719923973083,0.975864291191101,0.991129875183105,0.96172559261322,0.888064920902252,0.99706894159317,1.00523054599762,0.970626533031464,0.992094397544861,0.984525263309479,0.995778143405914,1.0411
0.930082023143768,0.955132305622101,0.912894129753113,0.922900855541229,0.950896382331848,0.976599037647247,0.979508519172668,0.991054058074951,0.928330540657043,0.976829648017883,0.944194555282593,0.995506167411804,0.968931555747986,0.976776003837585,0.975840926170349,0.987851619720459,0.904431045055389,0.970947802066803,0.965839445590973,0.975020468235016,0.953986287117004,0.881807565689087,0.983828067779541,0.988447666168213,0.959116578102112,0.976762294769287,0.972895801067352,0.985474109649658,1.0194
0.925037145614624,0.935231685638428,0.910090804100037,0.908808708190918,0.923719346523285,0.935775756835938,0.960281610488892,0.964707970619202,0.905953049659729,0.935889065265656,0.931942224502563,0.969610750675201,0.936747670173645,0.935862839221954,0.958374202251434,0.962803363800049,0.883866190910339,0.956569135189056,0.950219988822937,0.954300224781036,0.926542282104492,0.859129548072815,0.964901506900787,0.965079665184021,0.929453790187836,0.935822546482086,0.954822361469269,0.960371911525726,1.0346
0.920396566390991,0.928559899330139,0.908721446990967,0.907743573188782,0.90631115436554,0.923822164535522,0.942624092102051,0.951161444187164,0.888489246368408,0.923918664455414,0.921718001365662,0.954562723636627,0.918450713157654,0.923909783363342,0.94195157289505,0.950399696826935,0.867176711559296,0.95488315820694,0.938066363334656,0.945930242538452,0.908417940139771,0.850340783596039,0.947710573673248,0.953654646873474,0.911731123924255,0.92386519908905,0.939227640628815,0.947740793228149,0.99029
