small_1,small_de_2,all_3,all_de_4,small_5,small_de_6,all_7,all_de_8,small_9,small_de_10,all_11,all_de_12,small_13,small_de_14,all_15,all_de_16,small_17,small_de_18,all_19,all_de_20,small_21,small_de_22,all_23,all_de_24,small_25,small_de_26,all_27,all_de_28,original
0.940873742103577,0.94454163312912,0.955645859241486,0.935551941394806,0.949990630149841,0.944303810596466,0.958692610263824,0.947291731834412,0.935298979282379,0.943493843078613,0.973587989807129,0.953672289848328,0.941982626914978,0.944230973720551,0.965091586112976,0.958368182182312,0.961022615432739,0.943562090396881,0.95525324344635,0.941299974918365,0.944600343704224,0.943673372268677,0.956764698028564,0.947375953197479,0.934195399284363,0.943864762783051,0.961160182952881,0.944435238838196,0.98662
0.934021890163422,0.949648320674896,0.938301920890808,0.927462100982666,0.949196815490723,0.949405074119568,0.941458344459534,0.937551379203796,0.924631476402283,0.948334693908691,0.955232977867126,0.943138599395752,0.933751583099365,0.949272751808167,0.946996212005615,0.947408676147461,0.955815970897675,0.948713481426239,0.937137961387634,0.931741058826447,0.940069794654846,0.948762774467468,0.939403533935547,0.937233746051788,0.924033641815186,0.948922872543335,0.943362414836884,0.933997631072998,0.98722
0.922156035900116,0.943010687828064,0.933120489120483,0.922970235347748,0.941907644271851,0.94276088476181,0.935594379901886,0.931344449520111,0.909744679927826,0.941452741622925,0.949069857597351,0.937115013599396,0.920839786529541,0.942559897899628,0.940917372703552,0.940315961837769,0.945449471473694,0.942104160785675,0.931634068489075,0.924682021141052,0.929407835006714,0.942098796367645,0.93315052986145,0.932539939880371,0.909678101539612,0.942260682582855,0.937309265136719,0.92718094587326,0.94658
0.913048803806305,0.940780818462372,0.928683936595917,0.924794137477875,0.934985876083374,0.940527200698853,0.933189809322357,0.932914674282074,0.898479521274567,0.939064025878906,0.946165084838867,0.938539326190948,0.911297798156738,0.940289258956909,0.93765115737915,0.941961467266083,0.936827301979065,0.939902782440186,0.927388310432434,0.926307380199432,0.920444488525391,0.939852595329285,0.927571296691895,0.933052539825439,0.899387955665588,0.940018653869629,0.933209121227264,0.927261710166931,0.98247
0.925037503242493,0.938366770744324,0.94325190782547,0.929503202438354,0.943616151809692,0.938113570213318,0.948179185390472,0.938950538635254,0.911875903606415,0.93680727481842,0.961872696876526,0.944499552249908,0.92413067817688,0.937907040119171,0.951687812805176,0.948300242424011,0.948226273059845,0.937462449073792,0.940064430236816,0.930819869041443,0.930345177650452,0.93741762638092,0.93870210647583,0.938140094280243,0.912970781326294,0.937617063522339,0.947092175483704,0.933059751987457,0.94076
0.962089061737061,0.966832041740417,0.964762449264526,0.951915383338928,0.978231310844421,0.966576516628265,0.97010213136673,0.959053635597229,0.950017154216766,0.965353906154633,0.982950329780579,0.965280175209045,0.961841583251953,0.966397821903229,0.975093722343445,0.967871010303497,0.985118269920349,0.965930938720703,0.965473055839539,0.952802836894989,0.966238379478455,0.965835750102997,0.962544202804565,0.960235714912415,0.950800895690918,0.966044485569,0.9694464802742,0.951755404472351,1.0126
1.02939832210541,1.03735899925232,1.01208794116974,1.0170202255249,1.04391396045685,1.03710341453552,1.01745522022247,1.01988041400909,1.02068197727203,1.03598821163177,1.02116751670837,1.02643895149231,1.02941918373108,1.03697383403778,1.01658225059509,1.02615165710449,1.05276310443878,1.03645968437195,1.01328158378601,1.01844036579132,1.03544723987579,1.03633511066437,1.00974035263062,1.02374291419983,1.01833999156952,1.03644859790802,1.01547253131866,1.0087126493454,1.0458
1.04750370979309,1.05548202991486,1.04257452487946,1.06638062000275,1.05325019359589,1.05522966384888,1.04652714729309,1.06234931945801,1.0412575006485,1.05433440208435,1.04012525081635,1.06823897361755,1.04983723163605,1.05517053604126,1.04176509380341,1.06395697593689,1.06795835494995,1.05458462238312,1.04529869556427,1.06761741638184,1.04832363128662,1.05443811416626,1.04355502128601,1.06983554363251,1.04090178012848,1.05464768409729,1.04522442817688,1.04771888256073,1.1531
1.0727059841156,1.07002866268158,1.08662831783295,1.0960339307785,1.07374250888824,1.06977307796478,1.08762288093567,1.09376382827759,1.06723630428314,1.06895709037781,1.08544945716858,1.10249304771423,1.07635986804962,1.06973588466644,1.08754980564117,1.09806096553802,1.0920033454895,1.06913959980011,1.0914694070816,1.09902954101562,1.07011234760284,1.06892764568329,1.09073114395142,1.1049827337265,1.06817293167114,1.06921291351318,1.08976304531097,1.08103692531586,1.1352
1.09129285812378,1.08360743522644,1.11309003829956,1.12013638019562,1.08742272853851,1.08335363864899,1.11253976821899,1.11608171463013,1.0878621339798,1.08271288871765,1.111168384552,1.12538266181946,1.09619152545929,1.08336532115936,1.11613845825195,1.11927044391632,1.10919940471649,1.08270621299744,1.12232136726379,1.12253642082214,1.08625197410583,1.0824887752533,1.12327671051025,1.13006591796875,1.0891809463501,1.08281672000885,1.11727714538574,1.10368525981903,1.1901
1.11402750015259,1.105299949646,1.13558125495911,1.12808656692505,1.10828924179077,1.10504877567291,1.13633942604065,1.13044250011444,1.11225843429565,1.10452914237976,1.14446341991425,1.14072048664093,1.11934399604797,1.10509622097015,1.14380919933319,1.1393791437149,1.13162088394165,1.10438358783722,1.14449155330658,1.13281893730164,1.10890710353851,1.10418617725372,1.14797759056091,1.14083540439606,1.11271071434021,1.10449254512787,1.14130091667175,1.12154734134674,1.1441
1.1294379234314,1.10656654834747,1.15088701248169,1.13663280010223,1.12361299991608,1.106316447258,1.14997029304504,1.13317489624023,1.12891697883606,1.10585057735443,1.15818560123444,1.14189600944519,1.13468778133392,1.10637819766998,1.15838086605072,1.13744282722473,1.14721155166626,1.10563969612122,1.15873467922211,1.13934504985809,1.12540996074677,1.10545670986176,1.16438853740692,1.1456857919693,1.12808310985565,1.10574269294739,1.15628838539124,1.12220013141632,1.2001
1.14184379577637,1.12649548053741,1.16713690757751,1.15829598903656,1.13631081581116,1.12624740600586,1.1667023897171,1.15517175197601,1.14288055896759,1.12585294246674,1.17742609977722,1.16221880912781,1.14688503742218,1.12633168697357,1.17582058906555,1.15894138813019,1.15980541706085,1.12555646896362,1.17511582374573,1.15946841239929,1.13957917690277,1.12539565563202,1.18190383911133,1.16503989696503,1.14035594463348,1.12563967704773,1.17326879501343,1.14447116851807,1.1498
1.14199662208557,1.13236510753632,1.16323053836823,1.16022157669067,1.14562547206879,1.13211107254028,1.16293454170227,1.15565884113312,1.13898456096649,1.13138508796692,1.16845619678497,1.16202664375305,1.14481103420258,1.13212776184082,1.16829180717468,1.15708780288696,1.16225552558899,1.13148880004883,1.16713273525238,1.16352331638336,1.14516723155975,1.13125312328339,1.17474901676178,1.16608321666718,1.13561284542084,1.13143622875214,1.16847193241119,1.1428245306015,1.2035
1.14035105705261,1.14411163330078,1.16224336624146,1.17247188091278,1.14594781398773,1.14386343955994,1.16152727603912,1.16726326942444,1.13856840133667,1.14319849014282,1.16701924800873,1.17255353927612,1.14248466491699,1.1439026594162,1.16501104831696,1.16785490512848,1.16100978851318,1.14321708679199,1.16332566738129,1.17263722419739,1.14657247066498,1.14305508136749,1.17109906673431,1.17636132240295,1.13319182395935,1.1431599855423,1.1663316488266,1.15433359146118,1.1533
1.11235070228577,1.13266968727112,1.10456204414368,1.1352424621582,1.12660455703735,1.13243854045868,1.10539436340332,1.12615382671356,1.11055326461792,1.13173198699951,1.10429584980011,1.13075911998749,1.11197137832642,1.13250017166138,1.10541701316833,1.12545335292816,1.13432657718658,1.13176953792572,1.10803472995758,1.13454902172089,1.12736690044403,1.1318085193634,1.11724507808685,1.13578724861145,1.10149776935577,1.13171291351318,1.1083732843399,1.11249148845673,1.1951
1.10962438583374,1.12078809738159,1.11776578426361,1.15121781826019,1.12152850627899,1.12055158615112,1.11549377441406,1.13626968860626,1.10688841342926,1.11982595920563,1.10350799560547,1.13835871219635,1.11000001430511,1.12059891223907,1.10860574245453,1.12894797325134,1.13099575042725,1.11989784240723,1.11353719234467,1.1469589471817,1.12149894237518,1.1198695898056,1.11765193939209,1.14690256118774,1.09983789920807,1.11985814571381,1.11747086048126,1.11787557601929,1.1274
1.06808090209961,1.08067309856415,1.09345412254333,1.12555849552155,1.07815992832184,1.08044385910034,1.09152853488922,1.11112666130066,1.06583309173584,1.0798020362854,1.08018934726715,1.11607122421265,1.06886041164398,1.08051311969757,1.0873339176178,1.10661637783051,1.08804988861084,1.07976913452148,1.09549498558044,1.12201178073883,1.07878422737122,1.07981932163239,1.09538233280182,1.12454748153687,1.05990982055664,1.07985150814056,1.09418070316315,1.09445440769196,1.1262
1.03292465209961,1.03477072715759,1.0468784570694,1.07284605503082,1.03874027729034,1.03454720973969,1.04721176624298,1.06589674949646,1.03211677074432,1.03405559062958,1.03116655349731,1.07136702537537,1.03472292423248,1.03464591503143,1.03586566448212,1.06419992446899,1.0510675907135,1.03383839130402,1.04401934146881,1.07575082778931,1.04082596302032,1.03395581245422,1.04433858394623,1.07645618915558,1.02754461765289,1.03405749797821,1.04647672176361,1.05061364173889,1.037
1.01024460792542,1.0092511177063,1.02887880802155,1.04545426368713,1.0063533782959,1.00903630256653,1.02726459503174,1.03785812854767,1.01428818702698,1.00893485546112,1.02409541606903,1.04269635677338,1.01430702209473,1.00921273231506,1.02668654918671,1.03676545619965,1.02563440799713,1.00823903083801,1.03173589706421,1.04288649559021,1.01275610923767,1.00847148895264,1.03203678131104,1.04801404476166,1.01044237613678,1.00863790512085,1.03048574924469,1.02634513378143,1.0376
0.995633125305176,0.987900793552399,1.00240337848663,1.00179934501648,0.98596715927124,0.987689912319183,1.0026068687439,1.00082850456238,1.00227642059326,0.987786710262299,1.00879764556885,1.00579130649567,1.00106716156006,0.987904667854309,1.00742042064667,1.00441682338715,1.0094301700592,0.986847043037415,1.00836730003357,1.00177240371704,0.994615793228149,0.987135827541351,1.00873589515686,1.00679397583008,0.999121069908142,0.98733514547348,1.00672316551208,0.993467152118683,0.97698
0.979040324687958,0.968908667564392,0.98205429315567,0.977592825889587,0.966655254364014,0.968698859214783,0.981612384319305,0.979197204113007,0.986451327800751,0.968872487545013,0.988106966018677,0.983715176582336,0.985144019126892,0.968919634819031,0.985154509544373,0.983514606952667,0.992108881473541,0.967831194400787,0.984086871147156,0.980272650718689,0.975737571716309,0.968147814273834,0.986492395401001,0.983462750911713,0.984135031700134,0.968382298946381,0.986084580421448,0.973551452159882,0.97707
0.960807085037231,0.947251081466675,0.964724600315094,0.955452382564545,0.948850750923157,0.947038054466248,0.962847888469696,0.956950724124908,0.9672731757164,0.947141110897064,0.97294807434082,0.961764395236969,0.966838479042053,0.947221279144287,0.96958065032959,0.961778461933136,0.974209904670715,0.946166038513184,0.968533277511597,0.957062721252441,0.956464767456055,0.94647604227066,0.972713112831116,0.961955785751343,0.965754985809326,0.946745097637177,0.969469368457794,0.953516900539398,0.95442
0.93396133184433,0.928831398487091,0.945611238479614,0.939997017383575,0.923278331756592,0.928613185882568,0.944047749042511,0.944252610206604,0.937993288040161,0.928557991981506,0.95744001865387,0.948897123336792,0.939809083938599,0.928738653659821,0.952593088150024,0.950520753860474,0.947616338729858,0.927758395671844,0.948707699775696,0.942773401737213,0.92826509475708,0.928034603595734,0.954261064529419,0.947342932224274,0.938344955444336,0.928360521793365,0.951190054416656,0.942656338214874,0.92827
