small_1,small_de_2,all_3,all_de_4,small_5,small_de_6,all_7,all_de_8,small_9,small_de_10,all_11,all_de_12,small_13,small_de_14,all_15,all_de_16,small_17,small_de_18,all_19,all_de_20,small_21,small_de_22,all_23,all_de_24,small_25,small_de_26,all_27,all_de_28,original
0.647467076778412,0.831314325332642,0.652160406112671,0.819532215595245,0.924469172954559,0.917691349983215,0.979600608348846,0.966378808021545,0.949376702308655,0.917767286300659,0.983987212181091,0.96577262878418,0.947009444236755,0.917780697345734,0.990884363651276,0.966633021831512,0.946993350982666,0.957289814949036,0.995443046092987,0.955669403076172,0.933898150920868,0.957216441631317,0.983551323413849,0.980160593986511,0.931953608989716,0.917751371860504,0.976424396038055,0.952936947345734,0.95348
0.725321292877197,0.851566255092621,0.751918435096741,0.856848418712616,0.917839467525482,0.917391300201416,0.963190138339996,0.954646408557892,0.933311462402344,0.917451739311218,0.967444956302643,0.95413875579834,0.930995583534241,0.917462944984436,0.976109147071838,0.955295741558075,0.93238776922226,0.956814169883728,0.98016631603241,0.954945921897888,0.924551665782928,0.956740081310272,0.967709302902222,0.970132529735565,0.923074185848236,0.917439162731171,0.960478127002716,0.942344427108765,0.90848
0.77985554933548,0.859013617038727,0.81681227684021,0.874004483222961,0.911485910415649,0.90996378660202,0.954060971736908,0.942408442497253,0.921585083007812,0.910008609294891,0.957798361778259,0.942615926265717,0.919420480728149,0.910017073154449,0.963779747486115,0.94372695684433,0.921321451663971,0.949521541595459,0.968791604042053,0.947506129741669,0.916448533535004,0.949445486068726,0.958375692367554,0.958434224128723,0.91543710231781,0.909999430179596,0.951633453369141,0.931229472160339,0.94735
0.820753216743469,0.869854092597961,0.861876487731934,0.892277300357819,0.901050090789795,0.90448796749115,0.95471978187561,0.94631564617157,0.922065377235413,0.904547929763794,0.958541810512543,0.947026550769806,0.920369982719421,0.904557764530182,0.962378025054932,0.948468387126923,0.919254660606384,0.950266003608704,0.969532549381256,0.948283612728119,0.90826290845871,0.950190842151642,0.959440529346466,0.96417772769928,0.907710909843445,0.904536366462708,0.951941132545471,0.933317720890045,0.92036
0.861599802970886,0.877519369125366,0.898500680923462,0.902456223964691,0.92229813337326,0.913701713085175,0.956981360912323,0.939899682998657,0.946136236190796,0.913776576519012,0.960293889045715,0.940370917320251,0.944469809532166,0.913789033889771,0.962518692016602,0.941508948802948,0.942887961864471,0.945100486278534,0.97054535150528,0.943151652812958,0.930543005466461,0.94501668214798,0.961080014705658,0.95466685295105,0.929618179798126,0.91376143693924,0.954381942749023,0.928269624710083,0.90364
0.900782108306885,0.908213496208191,0.938935279846191,0.938143372535706,0.946667373180389,0.93787544965744,0.985389828681946,0.974293768405914,0.955139636993408,0.937903702259064,0.988244712352753,0.975204169750214,0.954438209533691,0.937906563282013,0.98343163728714,0.976335763931274,0.953527688980103,0.960695028305054,0.992461204528809,0.959186017513275,0.949500322341919,0.960589408874512,0.989377319812775,0.987968325614929,0.949872195720673,0.937900722026825,0.982665121555328,0.96505606174469,0.97631
0.950911402702332,0.956149756908417,0.986345052719116,0.990989804267883,1.00351190567017,0.99571305513382,1.03361773490906,1.03065156936646,1.01943385601044,0.995760858058929,1.03766739368439,1.03347945213318,1.01802408695221,0.995768249034882,1.02728343009949,1.03490853309631,1.01781606674194,0.988628506660461,1.03741073608398,0.987895488739014,1.01005697250366,0.988510072231293,1.03896474838257,1.04629528522491,1.00836932659149,0.995751321315765,1.03259980678558,1.02515196800232,1.0251
1.00327789783478,1.01211476325989,1.04090547561646,1.05311942100525,1.04609322547913,1.04986000061035,1.091153383255,1.09538233280182,1.06124019622803,1.04990065097809,1.09701633453369,1.09797763824463,1.05976247787476,1.04990768432617,1.08349823951721,1.1007376909256,1.06016027927399,1.02259385585785,1.09503579139709,1.02288484573364,1.05296540260315,1.02246284484863,1.09909057617188,1.11574399471283,1.0505131483078,1.04989182949066,1.09059619903564,1.08620989322662,1.1234
1.05473685264587,1.05106461048126,1.09523701667786,1.09706282615662,1.08559679985046,1.08266425132751,1.14009630680084,1.13796174526215,1.10330581665039,1.08268713951111,1.14539384841919,1.14229869842529,1.10377025604248,1.08268809318542,1.12980449199677,1.1439391374588,1.1001785993576,1.03734934329987,1.13837480545044,1.03864312171936,1.0903217792511,1.03719007968903,1.14805936813354,1.15730917453766,1.08951044082642,1.0826827287674,1.14039468765259,1.13564884662628,1.1411
1.1032440662384,1.09199631214142,1.14860892295837,1.14241719245911,1.12055468559265,1.11852765083313,1.18760740756989,1.18010711669922,1.14825332164764,1.11856722831726,1.19293630123138,1.18394887447357,1.14938223361969,1.11857008934021,1.17815709114075,1.18667137622833,1.14317727088928,1.05355179309845,1.18752157688141,1.05592060089111,1.12715268135071,1.05337727069855,1.1949634552002,1.19820296764374,1.1262378692627,1.11855792999268,1.18765640258789,1.17631602287292,1.2271
1.14538443088531,1.12606811523438,1.19333326816559,1.17882072925568,1.15389204025269,1.15106987953186,1.21803343296051,1.20836067199707,1.17787230014801,1.15110909938812,1.22300362586975,1.21245157718658,1.17879176139832,1.15111351013184,1.21246039867401,1.21555578708649,1.17412102222443,1.06470358371735,1.21908628940582,1.06805121898651,1.15994918346405,1.06452250480652,1.2254843711853,1.22974061965942,1.15827536582947,1.15109705924988,1.21723735332489,1.20207381248474,1.5447
1.17521071434021,1.14423894882202,1.20579028129578,1.1812539100647,1.17852854728699,1.16667819023132,1.17166113853455,1.15851211547852,1.18720626831055,1.16668808460236,1.17364931106567,1.16307616233826,1.18769550323486,1.16668903827667,1.18228590488434,1.16397428512573,1.18699789047241,1.06222772598267,1.17665946483612,1.06571328639984,1.18104267120361,1.06203818321228,1.17502617835999,1.17077338695526,1.1788033246994,1.16668021678925,1.17419850826263,1.17457354068756,1.7029
1.19503688812256,1.16605722904205,1.20939612388611,1.18836677074432,1.19077491760254,1.18250358104706,1.17813742160797,1.16957354545593,1.1932520866394,1.18251001834869,1.17992508411407,1.17392528057098,1.1930741071701,1.18251168727875,1.19019973278046,1.17460656166077,1.19513523578644,1.06640291213989,1.18212115764618,1.07023704051971,1.19256520271301,1.06621170043945,1.18071150779724,1.17861866950989,1.18941450119019,1.1825008392334,1.18185770511627,1.190389752388,1.6701
1.20343804359436,1.17846941947937,1.20230793952942,1.18843400478363,1.19928860664368,1.19156980514526,1.17580950260162,1.17381954193115,1.19222068786621,1.191565990448,1.17714273929596,1.17756533622742,1.19091188907623,1.19156742095947,1.18680965900421,1.17835330963135,1.19730663299561,1.06387436389923,1.17866051197052,1.06784045696259,1.20006895065308,1.06368184089661,1.17779326438904,1.18041241168976,1.1955703496933,1.19155704975128,1.17969477176666,1.19612455368042,1.7258
1.19013273715973,1.1845064163208,1.1801815032959,1.18484461307526,1.1981794834137,1.2021416425705,1.16646134853363,1.1794011592865,1.16621935367584,1.20210194587708,1.16801357269287,1.18403375148773,1.16383099555969,1.20210099220276,1.17455816268921,1.18521428108215,1.17726135253906,1.06519544124603,1.16445958614349,1.0691431760788,1.19328784942627,1.06501424312592,1.16948175430298,1.18929350376129,1.1880464553833,1.20209550857544,1.17158794403076,1.20398902893066,1.7046
1.1543310880661,1.1672043800354,1.15280032157898,1.17286789417267,1.17478513717651,1.18582820892334,1.20591759681702,1.22585344314575,1.13252794742584,1.18578636646271,1.21192646026611,1.23504376411438,1.127854347229,1.18578970432281,1.20154571533203,1.23907613754272,1.14820301532745,1.05730581283569,1.19967138767242,1.06151843070984,1.16991209983826,1.05715727806091,1.21600317955017,1.26174306869507,1.16234600543976,1.18577468395233,1.21078741550446,1.23777937889099,1.6983
1.12757849693298,1.1478523015976,1.11793327331543,1.15077829360962,1.15468990802765,1.15908145904541,1.17310678958893,1.19385039806366,1.11873984336853,1.15905070304871,1.17771768569946,1.20103585720062,1.11434185504913,1.15905570983887,1.16019237041473,1.2036919593811,1.13280630111694,1.05119132995605,1.16202402114868,1.05415213108063,1.15098655223846,1.05105781555176,1.18105840682983,1.22100782394409,1.1439300775528,1.15903759002686,1.17773914337158,1.20410752296448,1.1642
1.10122334957123,1.12655746936798,1.09049010276794,1.13224387168884,1.12683200836182,1.13280141353607,1.15605497360229,1.17942273616791,1.09705853462219,1.13277125358582,1.15760612487793,1.18429315090179,1.09302890300751,1.13277387619019,1.12750267982483,1.18632733821869,1.10934281349182,1.04115879535675,1.13444042205811,1.04293346405029,1.12406802177429,1.04102396965027,1.16027283668518,1.19254112243652,1.11777901649475,1.13276088237762,1.15896022319794,1.19014632701874,1.1666
1.0684506893158,1.0900114774704,1.06798756122589,1.10513734817505,1.0893577337265,1.08743286132812,1.12319624423981,1.1413539648056,1.06593465805054,1.08741128444672,1.12598478794098,1.14470636844635,1.06215584278107,1.08741402626038,1.09323418140411,1.14694774150848,1.07658421993256,1.02105975151062,1.10228991508484,1.02183425426483,1.08755707740784,1.02093875408173,1.12820386886597,1.14879548549652,1.08200633525848,1.08740055561066,1.12509632110596,1.1475076675415,1.0823
1.0342925786972,1.06525778770447,1.0420138835907,1.08502781391144,1.05615043640137,1.06296122074127,1.08507418632507,1.10549163818359,1.0241791009903,1.06292283535004,1.08728969097137,1.10956311225891,1.0208615064621,1.06292200088501,1.05910956859589,1.11152803897858,1.03537058830261,1.01348519325256,1.06474900245667,1.01364433765411,1.05106210708618,1.01337039470673,1.08919405937195,1.11492466926575,1.04693472385406,1.06291735172272,1.08728229999542,1.11415255069733,1.0835
1.01384007930756,1.03735506534576,1.02216815948486,1.05917418003082,1.03115057945251,1.03494119644165,1.06186378002167,1.07411468029022,1.01022636890411,1.03493249416351,1.06347620487213,1.07763969898224,1.00633323192596,1.03493690490723,1.0342230796814,1.0792590379715,1.01944446563721,0.99884158372879,1.04425823688507,0.998556137084961,1.03024590015411,0.998737394809723,1.06492972373962,1.08130621910095,1.02563202381134,1.03492307662964,1.06279861927032,1.07940971851349,1.0091
1.00636446475983,1.01950919628143,1.01036643981934,1.04383325576782,1.00826978683472,1.01110506057739,1.03973484039307,1.0504549741745,1.00801038742065,1.01115071773529,1.042271733284,1.05283665657043,1.00347912311554,1.01116394996643,1.01714169979095,1.05457544326782,1.013671875,0.990703582763672,1.02775919437408,0.989892423152924,1.01435148715973,0.990612506866455,1.04339361190796,1.05668938159943,1.00885891914368,1.01113224029541,1.04053068161011,1.05444800853729,1.0257
1.00457334518433,0.999194443225861,1.00816714763641,1.02659106254578,0.999067962169647,0.995837092399597,1.03209209442139,1.03273808956146,1.00905418395996,0.995907664299011,1.03590559959412,1.03331649303436,1.00420939922333,0.995925486087799,1.0153785943985,1.03409457206726,1.01299834251404,0.977290391921997,1.02805638313293,0.976154685020447,1.00860095024109,0.977203965187073,1.03684115409851,1.03736281394958,1.00263142585754,0.995884299278259,1.03135085105896,1.02819120883942,0.98075
0.998136162757874,0.990223348140717,1.00747001171112,1.01869308948517,0.993849098682404,0.997258245944977,1.03293478488922,1.03486752510071,1.00931560993195,0.997322976589203,1.0377858877182,1.03666698932648,1.00582468509674,0.997338771820068,1.02614235877991,1.03772866725922,1.01105284690857,0.974878013134003,1.03418636322021,0.97381466627121,1.00247526168823,0.974785625934601,1.03899240493774,1.04725921154022,0.998050391674042,0.997299909591675,1.03251969814301,1.03182625770569,1.0073
