small_1,small_de_2,all_3,all_de_4,small_5,small_de_6,all_7,all_de_8,small_9,small_de_10,all_11,all_de_12,small_13,small_de_14,all_15,all_de_16,small_17,small_de_18,all_19,all_de_20,small_21,small_de_22,all_23,all_de_24,small_25,small_de_26,all_27,all_de_28,original
0.981680870056152,0.962306976318359,0.963762044906616,0.959243297576904,0.967523813247681,0.962822020053864,0.985413432121277,0.948862910270691,0.980138182640076,0.962533116340637,1.0191422700882,0.948042869567871,0.999170184135437,0.962786018848419,1.00516068935394,0.955936968326569,0.959302186965942,0.96239972114563,0.975649833679199,0.962335050106049,0.955042481422424,0.963133156299591,1.00544118881226,0.943504631519318,0.970053553581238,0.962549984455109,0.958096742630005,0.948695838451385,0.97322
0.969099760055542,0.951385200023651,0.959275841712952,0.95807296037674,0.953036427497864,0.951909005641937,0.97900390625,0.947581350803375,0.966147720813751,0.951615035533905,1.01186978816986,0.946771800518036,0.987060189247131,0.951860010623932,1.00284242630005,0.954016864299774,0.944596230983734,0.951476573944092,0.967128396034241,0.9595987200737,0.940206527709961,0.952209413051605,1.00274658203125,0.939820408821106,0.956377029418945,0.951626181602478,0.953412711620331,0.948264300823212,0.96397
0.959465384483337,0.944890379905701,0.955679059028625,0.960570871829987,0.945507705211639,0.945413291454315,0.974900841712952,0.960745453834534,0.9562166929245,0.945081472396851,1.00262320041656,0.958368539810181,0.975173592567444,0.945382952690125,0.991478204727173,0.959589779376984,0.937894701957703,0.944990038871765,0.965380072593689,0.967798709869385,0.933689951896667,0.945645868778229,0.989536941051483,0.949994325637817,0.947923302650452,0.945153951644897,0.950872242450714,0.961503088474274,0.96721
0.941409349441528,0.926956057548523,0.938613057136536,0.942818760871887,0.92384922504425,0.927491247653961,0.957493782043457,0.931324541568756,0.936629354953766,0.927168607711792,0.987868905067444,0.931252360343933,0.95946729183197,0.927431583404541,0.980297088623047,0.939600586891174,0.915441393852234,0.927051901817322,0.946840286254883,0.945663928985596,0.910860657691956,0.927731990814209,0.980208992958069,0.927426099777222,0.927850782871246,0.927207767963409,0.931834697723389,0.930214464664459,0.93194
0.940062046051025,0.910744667053223,0.927756369113922,0.923741221427917,0.921009659767151,0.911287903785706,0.948867678642273,0.909362971782684,0.934940040111542,0.910987079143524,0.981924891471863,0.909460961818695,0.959600448608398,0.911200881004333,0.969548583030701,0.920160233974457,0.912120699882507,0.910834848880768,0.937864065170288,0.925172865390778,0.907259345054626,0.911560952663422,0.971125483512878,0.907179236412048,0.925635874271393,0.910979747772217,0.919884085655212,0.908515989780426,0.97654
0.965642333030701,0.942416071891785,0.955612778663635,0.968365907669067,0.952513575553894,0.942987680435181,0.979856669902802,0.974141120910645,0.960673153400421,0.942558109760284,1.00888180732727,0.971150279045105,0.979697704315186,0.942926287651062,0.989502906799316,0.970138847827911,0.945407748222351,0.942520976066589,0.971335768699646,0.979988873004913,0.940765619277954,0.943033277988434,0.985986530780792,0.964147567749023,0.9542475938797,0.942718207836151,0.950922906398773,0.975471973419189,0.95651
1.0080064535141,0.989423751831055,1.00119090080261,1.01890897750854,0.999044179916382,0.989986538887024,1.02997219562531,1.02021837234497,1.00521850585938,0.989538848400116,1.06369924545288,1.01802325248718,1.01981365680695,0.989954352378845,1.03996241092682,1.02090418338776,0.992612183094025,0.989533007144928,1.02280366420746,1.02964091300964,0.98823356628418,0.990007102489471,1.03561460971832,1.01122236251831,0.998817563056946,0.989742279052734,0.997594892978668,1.02261352539062,1.0749
1.04266929626465,1.04118752479553,1.03629326820374,1.07404911518097,1.03888702392578,1.04171741008759,1.07494938373566,1.09979629516602,1.04314923286438,1.04129409790039,1.10983443260193,1.09248018264771,1.05264103412628,1.04172492027283,1.06952679157257,1.08128821849823,1.0331859588623,1.04130268096924,1.06337463855743,1.09311079978943,1.02912735939026,1.04178369045258,1.06308460235596,1.06879568099976,1.03639161586761,1.04150760173798,1.03653812408447,1.10977637767792,1.0957
1.08732557296753,1.07489633560181,1.07983458042145,1.10241675376892,1.08381080627441,1.0754679441452,1.11815750598907,1.11995899677277,1.08724546432495,1.07496166229248,1.15569686889648,1.11406302452087,1.09636390209198,1.0754634141922,1.11410939693451,1.10759007930756,1.07808947563171,1.0750105381012,1.11006486415863,1.11852490901947,1.07373058795929,1.07539141178131,1.10666394233704,1.09664022922516,1.08079540729523,1.07525157928467,1.07675361633301,1.12990546226501,1.2005
1.14717328548431,1.13248825073242,1.14866209030151,1.16871118545532,1.14004337787628,1.13310265541077,1.1852126121521,1.20705199241638,1.14680087566376,1.13257384300232,1.21868598461151,1.19748830795288,1.1587986946106,1.13306713104248,1.17494523525238,1.17777740955353,1.13292968273163,1.13258516788483,1.17808210849762,1.193687915802,1.12808704376221,1.13300442695618,1.16453766822815,1.17136907577515,1.13823044300079,1.13284373283386,1.14708852767944,1.22099423408508,1.1962
1.18375933170319,1.17866182327271,1.18649482727051,1.20547962188721,1.17886734008789,1.17925715446472,1.22094988822937,1.23067212104797,1.18569111824036,1.17876970767975,1.25539875030518,1.22374927997589,1.19520711898804,1.17923879623413,1.21611499786377,1.21150457859039,1.17176651954651,1.17875385284424,1.213618516922,1.22579395771027,1.16705644130707,1.17924189567566,1.20681428909302,1.20479822158813,1.17602586746216,1.17900288105011,1.18334913253784,1.23867475986481,1.2791
1.21144938468933,1.20190000534058,1.22290658950806,1.24932849407196,1.20725011825562,1.20248639583588,1.26026678085327,1.29732859134674,1.21528649330139,1.20203447341919,1.29330551624298,1.28599166870117,1.22370672225952,1.20247304439545,1.24480271339417,1.25956130027771,1.19981670379639,1.20198512077332,1.24814033508301,1.2794326543808,1.19521808624268,1.20254397392273,1.23607647418976,1.25345528125763,1.20411920547485,1.20222568511963,1.22113311290741,1.31283676624298,1.2197
1.23890352249146,1.23686301708221,1.24635541439056,1.2680379152298,1.24086451530457,1.237419962883,1.28003573417664,1.30663096904755,1.24629747867584,1.23699045181274,1.31253015995026,1.29674220085144,1.24840188026428,1.23745059967041,1.2684930562973,1.27539479732513,1.2345142364502,1.23695027828217,1.26919996738434,1.29422605037689,1.23049187660217,1.23752927780151,1.26091265678406,1.26906764507294,1.23512542247772,1.23719072341919,1.24267494678497,1.3193826675415,1.2808
1.2271636724472,1.2334269285202,1.25583720207214,1.28498470783234,1.23392283916473,1.23395550251007,1.28476309776306,1.31780481338501,1.23675417900085,1.23354089260101,1.31532311439514,1.30957782268524,1.23395097255707,1.23401737213135,1.27826249599457,1.29098796844482,1.22876060009003,1.23352205753326,1.27749872207642,1.30927705764771,1.22540938854218,1.23409056663513,1.27114284038544,1.28547263145447,1.22634506225586,1.23375642299652,1.25120830535889,1.32735550403595,1.2636
1.21134316921234,1.22234666347504,1.23569238185883,1.27662539482117,1.21710824966431,1.22283518314362,1.27045679092407,1.32427203655243,1.22253215312958,1.22253930568695,1.30229890346527,1.31261897087097,1.22048437595367,1.22289407253265,1.25428128242493,1.28586959838867,1.211345911026,1.22243309020996,1.25848007202148,1.3062379360199,1.20820438861847,1.22318172454834,1.24831819534302,1.27658820152283,1.21029722690582,1.22261989116669,1.23390054702759,1.3397763967514,1.3001
1.19740879535675,1.21126079559326,1.21096515655518,1.25309705734253,1.20495581626892,1.21171009540558,1.24480593204498,1.30886328220367,1.21128666400909,1.21149075031281,1.27542424201965,1.29558169841766,1.20713746547699,1.211789727211,1.22391283512115,1.26337897777557,1.19927644729614,1.21134531497955,1.23417997360229,1.28467547893524,1.19666528701782,1.21219635009766,1.21917712688446,1.25419008731842,1.19776237010956,1.21150410175323,1.2097315788269,1.32593512535095,1.2594
1.19600248336792,1.1968834400177,1.20411038398743,1.23416090011597,1.2075275182724,1.19731783866882,1.23195028305054,1.28024172782898,1.20971691608429,1.19705283641815,1.25929367542267,1.2695552110672,1.20130491256714,1.19744396209717,1.21727955341339,1.2416056394577,1.20331740379333,1.19698178768158,1.22855508327484,1.26152956485748,1.2011878490448,1.19772827625275,1.20880258083344,1.23651695251465,1.19854378700256,1.19715940952301,1.20338332653046,1.29283511638641,1.2588
1.16104555130005,1.17303359508514,1.19730079174042,1.23155546188354,1.17300081253052,1.17347931861877,1.22543001174927,1.28545069694519,1.17300689220428,1.17315125465393,1.24984586238861,1.27391684055328,1.1641857624054,1.17361235618591,1.21455323696136,1.2418098449707,1.16958808898926,1.17314267158508,1.22327733039856,1.26265788078308,1.16767382621765,1.17377233505249,1.20156943798065,1.2357873916626,1.16389966011047,1.17333936691284,1.20089149475098,1.29834318161011,1.1899
1.12139987945557,1.12273001670837,1.16800570487976,1.18960642814636,1.12937796115875,1.12318885326385,1.19058275222778,1.23759090900421,1.1304886341095,1.12284123897552,1.21087026596069,1.22794628143311,1.12548983097076,1.12330269813538,1.18554651737213,1.1988320350647,1.12559294700623,1.1228414773941,1.19152367115021,1.21737170219421,1.12355697154999,1.12344014644623,1.17122292518616,1.19199860095978,1.12208735942841,1.12303829193115,1.17099070549011,1.24728047847748,1.1519
1.09655249118805,1.10226762294769,1.12068498134613,1.14645004272461,1.09961342811584,1.10273659229279,1.14375066757202,1.18256938457489,1.10382735729218,1.10242474079132,1.16594529151917,1.17516911029816,1.10401797294617,1.10281360149384,1.139324426651,1.1533340215683,1.09469604492188,1.10236966609955,1.14533448219299,1.1697610616684,1.09220814704895,1.1030467748642,1.12765991687775,1.1475213766098,1.09452772140503,1.10254907608032,1.12044250965118,1.19009685516357,1.0707
1.09061408042908,1.10291945934296,1.09825873374939,1.12075221538544,1.09998667240143,1.10335671901703,1.11616432666779,1.15254330635071,1.1004730463028,1.10304427146912,1.13392448425293,1.14635229110718,1.0952490568161,1.10348224639893,1.10876798629761,1.12566745281219,1.09645164012909,1.10303258895874,1.1228631734848,1.14195930957794,1.09431433677673,1.10366439819336,1.09777092933655,1.12617063522339,1.09229469299316,1.10321760177612,1.09632277488708,1.1582772731781,1.0792
1.0551917552948,1.05769777297974,1.07520723342896,1.10374009609222,1.05359196662903,1.05817067623138,1.09362006187439,1.13985478878021,1.06066071987152,1.05789232254028,1.11188840866089,1.13198661804199,1.06652116775513,1.05821537971497,1.08017575740814,1.10890543460846,1.04758810997009,1.05779528617859,1.09952187538147,1.12623429298401,1.04448366165161,1.05852687358856,1.07176339626312,1.11110174655914,1.05066633224487,1.0579571723938,1.07292640209198,1.14970016479492,1.0528
1.02586996555328,1.01355254650116,1.05163598060608,1.06341159343719,1.01614534854889,1.01406335830688,1.06531548500061,1.07683682441711,1.02653539180756,1.01375806331635,1.08596348762512,1.07303130626678,1.04015266895294,1.0140585899353,1.06640660762787,1.06480884552002,1.0088084936142,1.01364421844482,1.07221293449402,1.07695400714874,1.00513064861298,1.01436746120453,1.06001913547516,1.06377160549164,1.01663875579834,1.01380789279938,1.0463387966156,1.07847309112549,1.0643
1.02695155143738,1.03017270565033,1.04607212543488,1.0725337266922,1.0232652425766,1.03067088127136,1.06822323799133,1.10465610027313,1.02779006958008,1.03029024600983,1.08872151374817,1.09855353832245,1.03517878055573,1.03072690963745,1.06646430492401,1.07988429069519,1.01798677444458,1.03028213977814,1.06934702396393,1.09624052047729,1.01493167877197,1.03084814548492,1.05534362792969,1.07862317562103,1.02104318141937,1.03047907352448,1.04643023014069,1.10799336433411,0.99765
