small_1,small_de_2,all_3,all_de_4,small_5,small_de_6,all_7,all_de_8,small_9,small_de_10,all_11,all_de_12,small_13,small_de_14,all_15,all_de_16,small_17,small_de_18,all_19,all_de_20,small_21,small_de_22,all_23,all_de_24,small_25,small_de_26,all_27,all_de_28,original
0.961664497852325,0.980062246322632,0.987987160682678,0.979905128479004,0.976070404052734,0.952469289302826,0.989330768585205,1.04266965389252,0.945875883102417,0.971444249153137,0.988202393054962,1.05664205551147,0.966298222541809,0.960320472717285,0.984424591064453,0.972207069396973,0.966816902160645,0.989000022411346,0.956118822097778,0.98814582824707,0.962648093700409,0.988613784313202,0.959323704242706,0.992128074169159,0.961300730705261,0.982030987739563,0.996752500534058,1.03674864768982,1.0311
0.947978436946869,0.969225227832794,0.979395270347595,0.969947338104248,0.961351037025452,0.943089067935944,0.978962779045105,1.02680015563965,0.93291962146759,0.961882889270782,0.977081716060638,1.04268395900726,0.952509522438049,0.950982451438904,0.976513922214508,0.964980900287628,0.953153967857361,0.987230122089386,0.950725197792053,0.986423075199127,0.949005305767059,0.986832201480865,0.954398691654205,0.990610837936401,0.947749078273773,0.971028089523315,0.986039400100708,1.0228259563446,1.0199
0.928382813930511,0.941740572452545,0.959855079650879,0.949662744998932,0.936139106750488,0.923876881599426,0.957906723022461,0.991587996482849,0.919942498207092,0.934457421302795,0.956197082996368,1.00444352626801,0.929503560066223,0.927847802639008,0.957981169223785,0.946317732334137,0.929774761199951,0.98281592130661,0.936585187911987,0.981940746307373,0.927806198596954,0.98239928483963,0.940097570419312,0.969875752925873,0.928159296512604,0.943083345890045,0.963564574718475,0.989319860935211,0.98729
0.91955977678299,0.935609102249146,0.951209902763367,0.942210495471954,0.92529034614563,0.921478629112244,0.948240697383881,0.986986339092255,0.912828326225281,0.930569767951965,0.946153521537781,1.00127613544464,0.92020857334137,0.925053894519806,0.948837757110596,0.939878165721893,0.9205561876297,0.981800198554993,0.927943348884583,0.980892062187195,0.918964505195618,0.981386184692383,0.931628167629242,0.966353833675385,0.919477224349976,0.93656063079834,0.954793512821198,0.983949840068817,0.97423
0.914772391319275,0.921786665916443,0.942390203475952,0.929787456989288,0.921333909034729,0.909050643444061,0.940138161182404,0.965889275074005,0.908796966075897,0.916577816009521,0.938261747360229,0.977681577205658,0.915034770965576,0.911734700202942,0.940776109695435,0.927882492542267,0.915358304977417,0.978270888328552,0.922435760498047,0.977319300174713,0.913645029067993,0.977857530117035,0.925810277462006,0.950579702854156,0.91470205783844,0.922807455062866,0.946017801761627,0.963780045509338,0.97976
0.948241949081421,0.95306932926178,0.965137362480164,0.954888939857483,0.955586612224579,0.942601919174194,0.963213920593262,0.995145618915558,0.942986965179443,0.948882520198822,0.960865139961243,1.00899648666382,0.948700070381165,0.9448202252388,0.962491154670715,0.953311383724213,0.948994278907776,0.994513690471649,0.94164377450943,0.993654847145081,0.947217762470245,0.994161427021027,0.945605278015137,0.976740837097168,0.948181688785553,0.954029619693756,0.968665719032288,0.992703318595886,0.98442
0.998039066791534,1.00669658184052,0.999814748764038,0.996306836605072,1.00685954093933,0.99405699968338,0.997836112976074,1.03036344051361,0.993160367012024,1.00044393539429,0.996565520763397,1.04203987121582,0.998200416564941,0.996099591255188,0.998734593391418,0.994970083236694,0.998148322105408,1.02254557609558,0.976954996585846,1.02182340621948,0.99672931432724,1.02225065231323,0.981213867664337,1.01718819141388,0.997719287872314,1.00801920890808,1.00310289859772,1.02867221832275,1.0083
1.05288243293762,1.07759010791779,1.05732727050781,1.05662894248962,1.06922852993011,1.05369436740875,1.05522644519806,1.09787428379059,1.04351913928986,1.06636714935303,1.05402183532715,1.11248767375946,1.05473268032074,1.0579959154129,1.05547475814819,1.05576729774475,1.05447196960449,1.05483043193817,1.03089511394501,1.0543794631958,1.05160987377167,1.05460393428802,1.03524208068848,1.0797336101532,1.05218434333801,1.08014094829559,1.06186068058014,1.09563791751862,1.0463
1.08931064605713,1.13243794441223,1.11431074142456,1.10302329063416,1.12271273136139,1.08216118812561,1.11361885070801,1.14746117591858,1.06829178333282,1.10899543762207,1.11180555820465,1.16350841522217,1.09451472759247,1.0913405418396,1.11241161823273,1.10220682621002,1.09392499923706,1.0720626115799,1.08580923080444,1.07190561294556,1.08738505840302,1.07184672355652,1.09098768234253,1.12794923782349,1.08779609203339,1.13765430450439,1.12083828449249,1.14495933055878,1.0948
1.12240743637085,1.17366755008698,1.16517961025238,1.14996647834778,1.1593850851059,1.11818742752075,1.16577565670013,1.20265293121338,1.09883785247803,1.14826822280884,1.16373538970947,1.2201372385025,1.12876331806183,1.12864720821381,1.16263866424561,1.14781808853149,1.12811398506165,1.09070611000061,1.13411235809326,1.09080612659454,1.1208084821701,1.09053087234497,1.13925361633301,1.17432117462158,1.12072682380676,1.17941391468048,1.1727032661438,1.19982779026031,1.1761
1.16883170604706,1.22032713890076,1.21756732463837,1.21413195133209,1.20003306865692,1.17255556583405,1.21879982948303,1.27676641941071,1.14762997627258,1.20032465457916,1.2177072763443,1.29396462440491,1.17619037628174,1.18286848068237,1.21512544155121,1.20973992347717,1.17592525482178,1.11801624298096,1.1840752363205,1.11839067935944,1.16937255859375,1.11789870262146,1.18909049034119,1.23778879642487,1.16758108139038,1.22510802745819,1.22640585899353,1.27240681648254,1.1801
1.19215965270996,1.23430860042572,1.24935960769653,1.2371426820755,1.22471570968628,1.18536221981049,1.25106644630432,1.3051997423172,1.16897261142731,1.21466636657715,1.25002872943878,1.32258820533752,1.20061409473419,1.19653296470642,1.24696385860443,1.23193407058716,1.2003880739212,1.11539554595947,1.21618294715881,1.11595523357391,1.19340634346008,1.11530673503876,1.22084534168243,1.26016247272491,1.19085121154785,1.23910415172577,1.2589795589447,1.2996084690094,1.2327
1.16473150253296,1.23323273658752,1.2379732131958,1.24837803840637,1.20012664794922,1.17973780632019,1.23900520801544,1.30558276176453,1.13707959651947,1.21044516563416,1.23753321170807,1.32027471065521,1.17391049861908,1.1912761926651,1.23593556880951,1.24409437179565,1.17357790470123,1.13782036304474,1.21025371551514,1.13835573196411,1.16594815254211,1.13761031627655,1.21413815021515,1.26912212371826,1.16312980651855,1.2381386756897,1.24616265296936,1.30098402500153,1.1741
1.16664576530457,1.22689962387085,1.22716844081879,1.22852742671967,1.20110154151917,1.17628014087677,1.22623264789581,1.28294289112091,1.14213669300079,1.20037806034088,1.22422230243683,1.30022060871124,1.17297780513763,1.18416547775269,1.22436118125916,1.22737038135529,1.1719491481781,1.1293078660965,1.20255374908447,1.12979352474213,1.16591346263885,1.12912428379059,1.20585310459137,1.25424528121948,1.16462814807892,1.23203217983246,1.23202359676361,1.27977120876312,1.1424
1.17592811584473,1.23584866523743,1.22021627426147,1.22028172016144,1.21020245552063,1.1871497631073,1.22083735466003,1.28111243247986,1.15057873725891,1.21048653125763,1.2185355424881,1.29875123500824,1.18286859989166,1.19490432739258,1.21737086772919,1.21799600124359,1.18191230297089,1.12348282337189,1.19423449039459,1.12388598918915,1.17576456069946,1.12334084510803,1.19923233985901,1.24363029003143,1.17393231391907,1.24079704284668,1.22646939754486,1.27590763568878,1.1128
1.14389336109161,1.2135124206543,1.18878173828125,1.19256711006165,1.18232572078705,1.15704715251923,1.19009435176849,1.25431406497955,1.11220228672028,1.18488585948944,1.18887710571289,1.2726719379425,1.15222001075745,1.16662788391113,1.18712639808655,1.18917441368103,1.15120673179626,1.10883641242981,1.16235613822937,1.10904657840729,1.14394688606262,1.10860311985016,1.16637790203094,1.21466338634491,1.14155697822571,1.21881723403931,1.1969405412674,1.25015127658844,1.1375
1.14285016059875,1.19143342971802,1.17040491104126,1.1722229719162,1.18023550510406,1.13529765605927,1.17257452011108,1.22830533981323,1.1077663898468,1.16825449466705,1.17302203178406,1.24114418029785,1.15440773963928,1.14817631244659,1.168612241745,1.16731584072113,1.15419471263885,1.0881575345993,1.14344334602356,1.08834969997406,1.14559459686279,1.08789372444153,1.1459037065506,1.1857408285141,1.14100646972656,1.19606280326843,1.17927634716034,1.22374022006989,1.1541
1.01806104183197,1.09595203399658,1.12120342254639,1.12936174869537,1.06504440307617,1.03002154827118,1.12475049495697,1.18661308288574,0.976508021354675,1.07228899002075,1.12284576892853,1.19925153255463,1.03059387207031,1.04657864570618,1.11895787715912,1.12239837646484,1.03069376945496,1.07972383499146,1.08933305740356,1.0795875787735,1.01897490024567,1.07926833629608,1.09409713745117,1.14178550243378,1.01614856719971,1.10141777992249,1.13308107852936,1.18045043945312,1.1346
0.909201085567474,1.01244115829468,1.0570981502533,1.04714012145996,0.974690794944763,0.917102038860321,1.05943548679352,1.10794913768768,0.861832499504089,0.966772675514221,1.05332267284393,1.12835657596588,0.917846441268921,0.933354139328003,1.05164420604706,1.04013657569885,0.916450142860413,1.05857467651367,1.01513528823853,1.05783939361572,0.902907311916351,1.05793535709381,1.02157783508301,1.06760680675507,0.905780434608459,1.02179074287415,1.06797075271606,1.10232198238373,1.1211
0.99471241235733,1.0803097486496,1.03844654560089,1.03335213661194,1.04515314102173,1.00897490978241,1.04293358325958,1.11701762676239,0.950197160243988,1.05514597892761,1.03965818881989,1.13508284091949,1.0080372095108,1.02715623378754,1.03497815132141,1.02009296417236,1.00821506977081,1.05085003376007,0.990620970726013,1.04982316493988,0.995434522628784,1.05041062831879,0.997666537761688,1.05261754989624,0.99272084236145,1.08625483512878,1.05208122730255,1.10935151576996,1.0982
1.01376402378082,1.08910524845123,1.01964581012726,1.02384126186371,1.05725741386414,1.02911627292633,1.02600264549255,1.11002159118652,0.972027659416199,1.07339799404144,1.02684104442596,1.12133359909058,1.02800524234772,1.04798829555511,1.01970279216766,1.0049455165863,1.02873837947845,1.0348858833313,0.972577512264252,1.03366613388062,1.0166540145874,1.03452229499817,0.977465629577637,1.03172945976257,1.01235818862915,1.0934990644455,1.03743290901184,1.10380661487579,1.0865
0.991904377937317,1.0629289150238,1.0064252614975,1.01942324638367,1.03097176551819,1.0074577331543,1.01238548755646,1.08799457550049,0.955400407314301,1.04653453826904,1.01294350624084,1.09524619579315,1.00344955921173,1.02371942996979,1.00417900085449,1.00389277935028,1.00392365455627,1.02686488628387,0.962425649166107,1.02572453022003,0.993487477302551,1.02647995948792,0.966829180717468,1.0182808637619,0.99053156375885,1.06713712215424,1.02210879325867,1.08212685585022,1.0343
0.962847828865051,1.02036905288696,0.99652087688446,0.99607914686203,0.996498167514801,0.968781650066376,0.998881161212921,1.0529956817627,0.934119760990143,0.999905586242676,0.997743666172028,1.0645899772644,0.969816446304321,0.980587601661682,0.994459629058838,0.986952006816864,0.96967601776123,1.01340138912201,0.958537101745605,1.01239943504333,0.961845576763153,1.01297569274902,0.963846445083618,1.01072871685028,0.961337745189667,1.02475106716156,1.00782740116119,1.04868197441101,1.009
0.937542378902435,0.9828822016716,0.976388692855835,0.972365319728851,0.963261902332306,0.940100610256195,0.976861476898193,1.01831781864166,0.917811989784241,0.960960626602173,0.975183367729187,1.0303920507431,0.940081238746643,0.946738481521606,0.974837958812714,0.966935515403748,0.939502000808716,1.00949728488922,0.944994151592255,1.00846874713898,0.934579253196716,1.00903725624084,0.950235247612,0.993264496326447,0.936096131801605,0.986936092376709,0.98488712310791,1.01510393619537,1.0127
