small_1,small_de_2,all_3,all_de_4,small_5,small_de_6,all_7,all_de_8,small_9,small_de_10,all_11,all_de_12,small_13,small_de_14,all_15,all_de_16,small_17,small_de_18,all_19,all_de_20,small_21,small_de_22,all_23,all_de_24,small_25,small_de_26,all_27,all_de_28,original
0.669397115707397,0.741192996501923,0.725505828857422,0.845539450645447,0.967441916465759,0.979195475578308,1.01327276229858,1.03385329246521,0.959154963493347,0.980967223644257,0.977847099304199,1.05485725402832,0.956928610801697,0.979125499725342,0.987901747226715,1.04106891155243,0.972165405750275,0.988335907459259,0.978949069976807,0.986518025398254,0.95653772354126,0.932868957519531,0.977441549301147,1.03754985332489,0.976520776748657,0.983731210231781,1.00371408462524,1.0442214012146,1.0311
0.719928026199341,0.76358550786972,0.815998911857605,0.875106394290924,0.953758180141449,0.968629062175751,0.998199343681335,1.02005469799042,0.94571852684021,0.970594704151154,0.9710294008255,1.04198586940765,0.943531155586243,0.969004154205322,0.980534315109253,1.02744829654694,0.95818567276001,0.98655503988266,0.971914768218994,0.984791696071625,0.94306206703186,0.924747288227081,0.96957802772522,1.02762377262115,0.961905777454376,0.97230738401413,0.993184149265289,1.03094291687012,1.0199
0.756618320941925,0.777197897434235,0.865306496620178,0.889282643795013,0.931182444095612,0.940830051898956,0.970683574676514,0.987546861171722,0.926325440406799,0.941326975822449,0.953429341316223,1.00488173961639,0.925252437591553,0.93974232673645,0.961382687091827,0.994757890701294,0.932524383068085,0.982132792472839,0.95419830083847,0.980020642280579,0.924768924713135,0.9120734333992,0.952444553375244,0.998361349105835,0.93621701002121,0.944700062274933,0.969468176364899,0.99566787481308,0.98729
0.784020960330963,0.790423512458801,0.891681015491486,0.900901317596436,0.921868324279785,0.935022830963135,0.960271418094635,0.982149183750153,0.917886734008789,0.935668289661407,0.945304572582245,1.00144290924072,0.917020440101624,0.934603035449982,0.953109622001648,0.988883316516876,0.922611773014069,0.98111754655838,0.945856511592865,0.978916943073273,0.916512787342072,0.910784423351288,0.943289637565613,0.994216084480286,0.925396144390106,0.937607526779175,0.960294961929321,0.991260528564453,0.97423
0.811833560466766,0.801761329174042,0.911968231201172,0.908329844474792,0.917405068874359,0.921262621879578,0.948946058750153,0.96215146780014,0.912879824638367,0.921580374240875,0.937418758869171,0.978464961051941,0.912039399147034,0.92033451795578,0.9447101354599,0.968658745288849,0.917541682720184,0.97756427526474,0.937688946723938,0.97525417804718,0.911347031593323,0.90471613407135,0.935813188552856,0.974376738071442,0.921493470668793,0.923849701881409,0.951015412807465,0.969153046607971,0.97976
0.852113008499146,0.840510070323944,0.943261802196503,0.944265782833099,0.951144814491272,0.952710211277008,0.975023984909058,0.990893125534058,0.946466684341431,0.953006863594055,0.957757234573364,1.00889670848846,0.945640325546265,0.951924264431,0.96631383895874,0.996703743934631,0.95129930973053,0.993812203407288,0.958551406860352,0.991885483264923,0.944974064826965,0.943612396717072,0.956567287445068,1.00200283527374,0.955777168273926,0.954882204532623,0.974764823913574,0.999606430530548,0.98442
0.900520980358124,0.89587926864624,0.986517667770386,0.998152375221252,1.00052404403687,1.00592887401581,1.00929808616638,1.02727138996124,0.99591600894928,1.00588512420654,0.992787599563599,1.04233491420746,0.995244741439819,1.00433909893036,1.00103199481964,1.03303205966949,1.00071108341217,1.02186334133148,0.994651615619659,1.02039635181427,0.994766235351562,0.996331930160522,0.992441773414612,1.03806185722351,1.00676643848419,1.00958049297333,1.00974643230438,1.03463506698608,1.0083
0.960651516914368,0.964229702949524,1.04182374477386,1.06385266780853,1.05753076076508,1.07630670070648,1.07047271728516,1.09360182285309,1.04964339733124,1.07648253440857,1.04923522472382,1.1119042634964,1.04828834533691,1.07367253303528,1.05849063396454,1.09975302219391,1.05943322181702,1.05414986610413,1.05088984966278,1.05367255210876,1.04779720306396,1.05726540088654,1.04859042167664,1.10412967205048,1.06917476654053,1.08285200595856,1.06931364536285,1.10295069217682,1.0463
1.02255368232727,1.01926803588867,1.1016891002655,1.11622953414917,1.09922754764557,1.12985169887543,1.13106215000153,1.14340102672577,1.08299100399017,1.13028824329376,1.10574913024902,1.16305577754974,1.07990849018097,1.12444937229156,1.11571037769318,1.15037631988525,1.10451245307922,1.07135355472565,1.10734033584595,1.07188785076141,1.07902777194977,1.08257627487183,1.10461342334747,1.15432786941528,1.12287473678589,1.14303708076477,1.12880885601044,1.15268743038177,1.0948
1.08050107955933,1.07592868804932,1.1580855846405,1.17011165618896,1.1334388256073,1.17088508605957,1.18765783309937,1.19767677783966,1.11568081378937,1.17155313491821,1.15458559989929,1.21942031383514,1.1122111082077,1.16523110866547,1.16526699066162,1.20484125614166,1.13989758491516,1.09000432491302,1.15691363811493,1.09131896495819,1.11138916015625,1.11835837364197,1.15405666828156,1.2054191827774,1.15958976745605,1.18525040149689,1.1819121837616,1.20890152454376,1.1761
1.1344313621521,1.13745939731598,1.21009194850922,1.23112976551056,1.17876005172729,1.21814239025116,1.2456157207489,1.27013719081879,1.16408693790436,1.21943485736847,1.20596408843994,1.29337525367737,1.16087126731873,1.21454131603241,1.21741485595703,1.27839457988739,1.18605279922485,1.11736118793488,1.2089661359787,1.11952936649323,1.16054725646973,1.16945004463196,1.20575952529907,1.27572679519653,1.20037519931793,1.22977292537689,1.23666036128998,1.28210842609406,1.1801
1.1766984462738,1.16541504859924,1.24971568584442,1.25839376449585,1.20262134075165,1.23216307163239,1.27858936786652,1.29696094989777,1.18745052814484,1.23381459712982,1.23881638050079,1.32169985771179,1.1839634180069,1.22906565666199,1.24995446205139,1.30676329135895,1.21109676361084,1.11475932598114,1.24108171463013,1.1175936460495,1.18379843235016,1.17962229251862,1.23813593387604,1.3032191991806,1.22509789466858,1.24370050430298,1.26891958713531,1.30904865264893,1.2327
1.17859840393066,1.18963611125946,1.24903869628906,1.27853679656982,1.17576134204865,1.23038423061371,1.26249158382416,1.29884874820709,1.15913319587708,1.23169362545013,1.23059570789337,1.31983506679535,1.15521287918091,1.22648465633392,1.23906826972961,1.30714619159698,1.18547976016998,1.13719463348389,1.23198628425598,1.1397362947464,1.15508353710175,1.16001379489899,1.22881329059601,1.30413150787354,1.20040643215179,1.24359750747681,1.25397932529449,1.30860245227814,1.1741
1.18475031852722,1.19080376625061,1.23248159885406,1.25923490524292,1.17542457580566,1.22312319278717,1.24602437019348,1.27658653259277,1.16014635562897,1.22256600856781,1.2203985452652,1.29944479465485,1.15699887275696,1.21647918224335,1.22888958454132,1.28639268875122,1.18308186531067,1.12868654727936,1.22035253047943,1.13100719451904,1.15692329406738,1.16365897655487,1.21857464313507,1.2878452539444,1.20070207118988,1.23892080783844,1.24054563045502,1.28811228275299,1.1424
1.18826520442963,1.19792115688324,1.21752238273621,1.25023400783539,1.18478751182556,1.2321662902832,1.24208009243011,1.27340424060822,1.16965270042419,1.23170685768127,1.21282374858856,1.297367811203,1.16639864444733,1.22592973709106,1.22150242328644,1.28162455558777,1.19310903549194,1.12288057804108,1.21357595920563,1.12496292591095,1.16645002365112,1.17479157447815,1.20995140075684,1.2804000377655,1.20983445644379,1.24750304222107,1.23462796211243,1.28540778160095,1.1128
1.15524506568909,1.17524337768555,1.1857545375824,1.23089075088501,1.15388906002045,1.20924723148346,1.21365010738373,1.24667274951935,1.13654053211212,1.20898652076721,1.18171405792236,1.27131426334381,1.13259649276733,1.20269453525543,1.18945097923279,1.25394201278687,1.16415631771088,1.10824906826019,1.1831613779068,1.10978388786316,1.13268578052521,1.130007147789,1.1791170835495,1.24850487709045,1.18191778659821,1.22630047798157,1.2053120136261,1.25940418243408,1.1375
1.12708187103271,1.13873314857483,1.15295946598053,1.19409418106079,1.15456998348236,1.18817973136902,1.19922423362732,1.22104847431183,1.1369035243988,1.18984937667847,1.16183519363403,1.23930048942566,1.13221681118011,1.18496894836426,1.17050218582153,1.22746431827545,1.16745042800903,1.08758747577667,1.163414478302,1.08881115913391,1.13246333599091,1.09724736213684,1.16146969795227,1.22100687026978,1.18048977851868,1.20181322097778,1.18796896934509,1.2312319278717,1.1541
1.07661998271942,1.10064113140106,1.10848081111908,1.15542185306549,1.03429794311523,1.09380781650543,1.15075981616974,1.17934417724609,1.00987482070923,1.0969181060791,1.11253929138184,1.19921815395355,1.003941655159,1.09132564067841,1.12309288978577,1.18814814090729,1.04722237586975,1.07899796962738,1.11245310306549,1.0791802406311,1.00301492214203,1.00001239776611,1.11037993431091,1.1840763092041,1.06600368022919,1.10595393180847,1.14068365097046,1.18673276901245,1.1346
1.02717113494873,1.05034065246582,1.06329250335693,1.10472655296326,0.928282856941223,1.00771939754486,1.08599209785461,1.10290026664734,0.894605875015259,1.00794124603271,1.04300713539124,1.12917304039001,0.888160347938538,0.996542870998383,1.05715787410736,1.11543571949005,0.938026547431946,1.05767595767975,1.04333198070526,1.05608403682709,0.885765671730042,0.902982473373413,1.04226636886597,1.11692094802856,0.974979639053345,1.03131306171417,1.07819819450378,1.11074578762054,1.1211
1.00115537643433,1.02761507034302,1.03834283351898,1.08709061145782,1.01242101192474,1.07810831069946,1.08140015602112,1.10903143882751,0.985855221748352,1.08164155483246,1.02005851268768,1.13357365131378,0.979439377784729,1.07565772533417,1.03619253635406,1.11845827102661,1.02598404884338,1.05012190341949,1.026651263237,1.04738008975983,0.978280186653137,0.977911233901978,1.02069687843323,1.11026751995087,1.04629826545715,1.09102427959442,1.06675088405609,1.12286686897278,1.0982
0.981380939483643,1.00109004974365,1.03015387058258,1.07494592666626,1.03043460845947,1.08813488483429,1.06825804710388,1.10018169879913,1.00711131095886,1.09313273429871,1.00376605987549,1.12085545063019,1.00094676017761,1.08958423137665,1.02001297473907,1.11248171329498,1.04454374313354,1.03422117233276,1.0092978477478,1.03122222423553,1.0001665353775,0.99218875169754,1.00440442562103,1.09584522247314,1.05867719650269,1.09600245952606,1.0523875951767,1.11264073848724,1.0865
0.962859272956848,0.982211649417877,1.02526688575745,1.06867229938507,1.00633537769318,1.06166100502014,1.04884254932404,1.07982409000397,0.985409617424011,1.06558871269226,0.992217540740967,1.09453153610229,0.980102896690369,1.0618577003479,1.00654733181,1.08970642089844,1.01793766021729,1.0261892080307,0.996101796627045,1.0234546661377,0.979263067245483,0.975123524665833,0.994368314743042,1.08051729202271,1.03205633163452,1.07002854347229,1.03199970722198,1.08627331256866,1.0343
0.946656346321106,0.958163917064667,1.01265120506287,1.04348790645599,0.973743975162506,1.01818287372589,1.02556455135345,1.04753696918488,0.95606541633606,1.0199089050293,0.98505699634552,1.06545209884644,0.952118515968323,1.01515221595764,0.997737526893616,1.05811643600464,0.981269538402557,1.01269853115082,0.988540530204773,1.01020538806915,0.951164841651917,0.945209205150604,0.985786437988281,1.05818235874176,0.996907651424408,1.02904534339905,1.01723790168762,1.05431008338928,1.009
0.932618677616119,0.943870961666107,0.9973464012146,1.02306246757507,0.944469332695007,0.98010241985321,0.99605917930603,1.01450657844543,0.931203722953796,0.979699909687042,0.967409253120422,1.03232336044312,0.928742408752441,0.974545180797577,0.978084623813629,1.0246330499649,0.947934329509735,1.00877249240875,0.970239341259003,1.00609946250916,0.927783131599426,0.92633581161499,0.967169284820557,1.0292717218399,0.963078260421753,0.99202561378479,0.993104100227356,1.02065360546112,1.0127
