original,trained_s_1,trained_s_2,trained_s_3,trained_b_1,trained_b_2,trained_b_3
0.56032,0.56032,0.56032,0.56032,0.56032,0.56032,0.56032
0.53887,0.53887,0.53887,0.53887,0.53887,0.53887,0.53887
0.52547,0.52547,0.52547,0.52547,0.52547,0.52547,0.52547
0.50134,0.50134,0.50134,0.50134,0.50134,0.50134,0.50134
0.5067,0.5067,0.5067,0.5067,0.5067,0.5067,0.5067
0.56032,0.56032,0.56032,0.56032,0.56032,0.56032,0.56032
0.62466,0.62466,0.62466,0.62466,0.62466,0.62466,0.62466
0.66488,0.66488,0.66488,0.66488,0.66488,0.66488,0.66488
0.68633,0.68633,0.68633,0.68633,0.68633,0.68633,0.68633
0.71046,0.71046,0.71046,0.71046,0.71046,0.71046,0.71046
0.7319,0.7319,0.7319,0.7319,0.7319,0.7319,0.7319
0.73458,0.73458,0.73458,0.73458,0.73458,0.73458,0.73458
0.65147,0.65147,0.65147,0.65147,0.65147,0.65147,0.65147
0.63807,0.63807,0.63807,0.63807,0.63807,0.63807,0.63807
0.6756,0.6756,0.6756,0.6756,0.6756,0.6756,0.6756
0.72654,0.72654,0.72654,0.72654,0.72654,0.72654,0.72654
0.73995,0.73995,0.73995,0.73995,0.73995,0.73995,0.73995
0.7319,0.7319,0.7319,0.7319,0.7319,0.7319,0.7319
0.70241,0.70241,0.70241,0.70241,0.70241,0.70241,0.70241
0.65684,0.65684,0.65684,0.65684,0.65684,0.65684,0.65684
0.62735,0.62735,0.62735,0.62735,0.62735,0.62735,0.62735
0.59249,0.59249,0.59249,0.59249,0.59249,0.59249,0.59249
0.58177,0.58177,0.58177,0.58177,0.58177,0.58177,0.58177
0.57909,0.57909,0.57909,0.57909,0.57909,0.57909,0.57909
0.58177,0.58177,0.58177,0.58177,0.58177,0.58177,0.58177
0.57373,0.57373,0.57373,0.57373,0.57373,0.57373,0.57373
0.55764,0.55764,0.55764,0.55764,0.55764,0.55764,0.55764
0.53887,0.53887,0.53887,0.53887,0.53887,0.53887,0.53887
0.51206,0.51206,0.51206,0.51206,0.51206,0.51206,0.51206
0.47721,0.47721,0.47721,0.47721,0.47721,0.47721,0.47721
0.48525,0.48525,0.48525,0.48525,0.48525,0.48525,0.48525
0.5067,0.5067,0.5067,0.5067,0.5067,0.5067,0.5067
0.52815,0.52815,0.52815,0.52815,0.52815,0.52815,0.52815
0.53351,0.53351,0.53351,0.53351,0.53351,0.53351,0.53351
0.57105,0.57105,0.57105,0.57105,0.57105,0.57105,0.57105
0.58981,0.58981,0.58981,0.58981,0.58981,0.58981,0.58981
0.6059,0.6059,0.6059,0.6059,0.6059,0.6059,0.6059
0.61662,0.61662,0.61662,0.61662,0.61662,0.61662,0.61662
0.63003,0.63003,0.63003,0.63003,0.63003,0.63003,0.63003
0.63003,0.63003,0.63003,0.63003,0.63003,0.63003,0.63003
0.62466,0.62466,0.62466,0.62466,0.62466,0.62466,0.62466
0.62198,0.62198,0.62198,0.62198,0.62198,0.62198,0.62198
0.60858,0.60858,0.60858,0.60858,0.60858,0.60858,0.60858
0.58981,0.58981,0.58981,0.58981,0.58981,0.58981,0.58981
0.57641,0.57641,0.57641,0.57641,0.57641,0.57641,0.57641
0.57373,0.57373,0.57373,0.57373,0.57373,0.57373,0.57373
0.56568,0.56568,0.56568,0.56568,0.56568,0.56568,0.56568
0.56032,0.56032,0.56032,0.56032,0.56032,0.56032,0.56032
0.55764,0.55764,0.55764,0.55764,0.55764,0.55764,0.55764
0.56032,0.56032,0.56032,0.56032,0.56032,0.56032,0.56032
0.56836,0.56836,0.56836,0.56836,0.56836,0.56836,0.56836
0.56836,0.56836,0.56836,0.56836,0.56836,0.56836,0.56836
0.56836,0.56836,0.56836,0.56836,0.56836,0.56836,0.56836
0.563,0.563,0.563,0.563,0.563,0.563,0.563
0.57641,0.57641,0.57641,0.57641,0.57641,0.57641,0.57641
0.60858,0.60858,0.60858,0.60858,0.60858,0.60858,0.60858
0.64611,0.64611,0.64611,0.64611,0.64611,0.64611,0.64611
0.67024,0.67024,0.67024,0.67024,0.67024,0.67024,0.67024
0.69705,0.69705,0.69705,0.69705,0.69705,0.69705,0.69705
0.72922,0.72922,0.72922,0.72922,0.72922,0.72922,0.72922
0.74263,0.74263,0.74263,0.74263,0.74263,0.74263,0.74263
0.75871,0.75871,0.75871,0.75871,0.75871,0.75871,0.75871
0.75067,0.75067,0.75067,0.75067,0.75067,0.75067,0.75067
0.75603,0.75603,0.75603,0.75603,0.75603,0.75603,0.75603
0.75603,0.75603,0.75603,0.75603,0.75603,0.75603,0.75603
0.74799,0.74799,0.74799,0.74799,0.74799,0.74799,0.74799
0.71582,0.71582,0.71582,0.71582,0.71582,0.71582,0.71582
0.67828,0.67828,0.67828,0.67828,0.67828,0.67828,0.67828
0.64611,0.64611,0.64611,0.64611,0.64611,0.64611,0.64611
0.62466,0.62466,0.62466,0.62466,0.62466,0.62466,0.62466
0.6193,0.6193,0.6193,0.6193,0.6193,0.6193,0.6193
0.61126,0.61126,0.61126,0.61126,0.61126,0.61126,0.61126
0.60054,0.60054,0.60054,0.60054,0.60054,0.60054,0.60054
0.59249,0.59249,0.59249,0.59249,0.59249,0.59249,0.59249
0.57105,0.57105,0.57105,0.57105,0.57105,0.57105,0.57105
0.57105,0.57105,0.57105,0.57105,0.57105,0.57105,0.57105
0.57641,0.57641,0.57641,0.57641,0.57641,0.57641,0.57641
0.58713,0.58713,0.58713,0.58713,0.58713,0.58713,0.58713
0.6622,0.6622,0.6622,0.6622,0.6622,0.6622,0.6622
0.71046,0.71046,0.71046,0.71046,0.71046,0.71046,0.71046
0.74263,0.74263,0.74263,0.74263,0.74263,0.74263,0.74263
0.77748,0.77748,0.77748,0.77748,0.77748,0.77748,0.77748
0.79088,0.79088,0.79088,0.79088,0.79088,0.79088,0.79088
0.81501,0.81501,0.81501,0.81501,0.81501,0.81501,0.81501
0.8311,0.8311,0.8311,0.8311,0.8311,0.8311,0.8311
0.83646,0.83646,0.83646,0.83646,0.83646,0.83646,0.83646
0.83378,0.83378,0.83378,0.83378,0.83378,0.83378,0.83378
0.8311,0.8311,0.8311,0.8311,0.8311,0.8311,0.8311
0.82306,0.82306,0.82306,0.82306,0.82306,0.82306,0.82306
0.79357,0.79357,0.79357,0.79357,0.79357,0.79357,0.79357
0.76944,0.76944,0.76944,0.76944,0.76944,0.76944,0.76944
0.73995,0.73995,0.73995,0.73995,0.73995,0.73995,0.73995
0.71314,0.71314,0.71314,0.71314,0.71314,0.71314,0.71314
0.67828,0.67828,0.67828,0.67828,0.67828,0.67828,0.67828
0.64343,0.64343,0.64343,0.64343,0.64343,0.64343,0.64343
0.61662,0.61662,0.61662,0.61662,0.61662,0.61662,0.61662
0.60322,0.60322,0.60322,0.60322,0.60322,0.60322,0.60322
0.58445,0.58445,0.58445,0.58445,0.58445,0.58445,0.58445
0.58713,0.58713,0.58713,0.58713,0.58713,0.58713,0.58713
0.57909,0.57909,0.57909,0.57909,0.57909,0.57909,0.57909
0.58177,0.58177,0.58177,0.58177,0.58177,0.58177,0.58177
0.61394,0.61394,0.61394,0.61394,0.61394,0.61394,0.61394
0.68097,0.68097,0.68097,0.68097,0.68097,0.68097,0.68097
0.72654,0.72654,0.72654,0.72654,0.72654,0.72654,0.72654
0.78016,0.78016,0.78016,0.78016,0.78016,0.78016,0.78016
0.80697,0.80697,0.80697,0.80697,0.80697,0.80697,0.80697
0.82842,0.82842,0.82842,0.82842,0.82842,0.82842,0.82842
0.84182,0.84182,0.84182,0.84182,0.84182,0.84182,0.84182
0.86059,0.86059,0.86059,0.86059,0.86059,0.86059,0.86059
0.87399,0.87399,0.87399,0.87399,0.87399,0.87399,0.87399
0.87936,0.87936,0.87936,0.87936,0.87936,0.87936,0.87936
0.87936,0.87936,0.87936,0.87936,0.87936,0.87936,0.87936
0.87131,0.87131,0.87131,0.87131,0.87131,0.87131,0.87131
0.86059,0.86059,0.86059,0.86059,0.86059,0.86059,0.86059
0.84987,0.84987,0.84987,0.84987,0.84987,0.84987,0.84987
0.80429,0.80429,0.80429,0.80429,0.80429,0.80429,0.80429
0.74531,0.74531,0.74531,0.74531,0.74531,0.74531,0.74531
0.71046,0.71046,0.71046,0.71046,0.71046,0.71046,0.71046
0.68633,0.68633,0.68633,0.68633,0.68633,0.68633,0.68633
0.66756,0.66756,0.66756,0.66756,0.66756,0.66756,0.66756
0.65952,0.65952,0.65952,0.65952,0.65952,0.65952,0.65952
0.65147,0.65147,0.65147,0.65147,0.65147,0.65147,0.65147
0.64075,0.64075,0.64075,0.64075,0.64075,0.64075,0.64075
0.62198,0.62198,0.62198,0.62198,0.62198,0.62198,0.62198
0.6193,0.6193,0.6193,0.6193,0.6193,0.6193,0.6193
0.67024,0.67024,0.67024,0.67024,0.67024,0.67024,0.67024
0.73995,0.73995,0.73995,0.73995,0.73995,0.73995,0.73995
0.79357,0.79357,0.79357,0.79357,0.79357,0.79357,0.79357
0.83646,0.83646,0.83646,0.83646,0.83646,0.83646,0.83646
0.86059,0.86059,0.86059,0.86059,0.86059,0.86059,0.86059
0.87936,0.87936,0.87936,0.87936,0.87936,0.87936,0.87936
0.89544,0.89544,0.89544,0.89544,0.89544,0.89544,0.89544
0.90617,0.90617,0.90617,0.90617,0.90617,0.90617,0.90617
0.92761,0.92761,0.92761,0.92761,0.92761,0.92761,0.92761
0.93029,0.93029,0.93029,0.93029,0.93029,0.93029,0.93029
0.93029,0.93029,0.93029,0.93029,0.93029,0.93029,0.93029
0.92225,0.92225,0.92225,0.92225,0.92225,0.92225,0.92225
0.90885,0.90885,0.90885,0.90885,0.90885,0.90885,0.90885
0.89544,0.89544,0.89544,0.89544,0.89544,0.89544,0.89544
0.84718,0.84718,0.84718,0.84718,0.84718,0.84718,0.84718
0.79088,0.79088,0.79088,0.79088,0.79088,0.79088,0.79088
0.76408,0.76408,0.76408,0.76408,0.76408,0.76408,0.76408
0.73727,0.73727,0.73727,0.73727,0.73727,0.73727,0.73727
0.71046,0.71046,0.71046,0.71046,0.71046,0.71046,0.71046
0.69973,0.69973,0.69973,0.69973,0.69973,0.69973,0.69973
0.69169,0.69169,0.69169,0.69169,0.69169,0.69169,0.69169
0.68097,0.68097,0.68097,0.68097,0.68097,0.68097,0.68097
0.66756,0.66756,0.66756,0.66756,0.66756,0.66756,0.66756
0.67024,0.67024,0.67024,0.67024,0.67024,0.67024,0.67024
0.69973,0.69973,0.69973,0.69973,0.69973,0.69973,0.69973
0.75871,0.75871,0.75871,0.75871,0.75871,0.75871,0.75871
0.80965,0.80965,0.80965,0.80965,0.80965,0.80965,0.80965
0.85791,0.85791,0.85791,0.85791,0.85791,0.85791,0.85791
0.89276,0.89276,0.89276,0.89276,0.89276,0.89276,0.89276
0.91689,0.91689,0.91689,0.91689,0.91689,0.91689,0.91689
0.92761,0.92761,0.92761,0.92761,0.92761,0.92761,0.92761
0.93566,0.93566,0.93566,0.93566,0.93566,0.93566,0.93566
0.97587,0.97587,0.97587,0.97587,0.97587,0.97587,0.97587
0.96783,0.96783,0.96783,0.96783,0.96783,0.96783,0.96783
0.98123,0.98123,0.98123,0.98123,0.98123,0.98123,0.98123
0.96247,0.96247,0.96247,0.96247,0.96247,0.96247,0.96247
0.95442,0.95442,0.95442,0.95442,0.95442,0.95442,0.95442
0.93566,0.93566,0.93566,0.93566,0.93566,0.93566,0.93566
0.86863,0.86863,0.86863,0.86863,0.86863,0.86863,0.86863
0.8311,0.8311,0.8311,0.8311,0.8311,0.8311,0.8311
0.80697,0.80697,0.80697,0.80697,0.80697,0.80697,0.80697
0.78552,0.78552,0.78552,0.78552,0.78552,0.78552,0.78552
0.77212,0.77212,0.77212,0.77212,0.77212,0.77212,0.77212
0.76139,0.76139,0.76139,0.76139,0.76139,0.76139,0.76139
0.75603,0.75603,0.75603,0.75603,0.75603,0.75603,0.75603
0.7319,0.7319,0.7319,0.7319,0.7319,0.7319,0.7319
0.7185,0.7185,0.7185,0.7185,0.7185,0.7185,0.7185
0.72654,0.72654,0.72654,0.72654,0.72654,0.72654,0.72654
0.73458,0.73458,0.73458,0.73458,0.73458,0.73458,0.73458
0.77748,0.77748,0.77748,0.77748,0.77748,0.77748,0.77748
0.8445,0.8445,0.8445,0.8445,0.8445,0.8445,0.8445
0.90617,0.90617,0.90617,0.90617,0.90617,0.90617,0.90617
0.93298,0.93298,0.93298,0.93298,0.93298,0.93298,0.93298
0.9437,0.9437,0.9437,0.9437,0.9437,0.9437,0.9437
0.98123,0.98123,0.98123,0.98123,0.98123,0.98123,0.98123
1,1,1,1,1,1,1
0.98928,0.98928,0.98928,0.98928,0.98928,0.98928,0.98928
0.89276,0.89276,0.89276,0.89276,0.89276,0.89276,0.89276
0.80429,0.80429,0.80429,0.80429,0.80429,0.80429,0.80429
0.87668,0.87668,0.87668,0.87668,0.87668,0.87668,0.87668
0.89812,0.89812,0.89812,0.89812,0.89812,0.89812,0.89812
0.89544,0.89544,0.89544,0.89544,0.89544,0.89544,0.89544
0.84987,0.84987,0.84987,0.84987,0.84987,0.84987,0.84987
0.81501,0.81501,0.81501,0.81501,0.81501,0.81501,0.81501
0.79893,0.79893,0.79893,0.79893,0.79893,0.79893,0.79893
0.78016,0.78016,0.78016,0.78016,0.78016,0.78016,0.78016
0.76139,0.76139,0.76139,0.76139,0.76139,0.76139,0.76139
0.73995,0.73995,0.73995,0.73995,0.73995,0.73995,0.73995
0.72118,0.72118,0.72118,0.72118,0.72118,0.72118,0.72118
0.70509,0.70509,0.70509,0.70509,0.70509,0.70509,0.70509
0.69705,0.69705,0.69705,0.69705,0.69705,0.69705,0.69705
0.69437,0.69437,0.69437,0.69437,0.69437,0.69437,0.69437
0.71582,0.71582,0.71582,0.71582,0.71582,0.71582,0.71582
0.76139,0.76139,0.76139,0.76139,0.76139,0.76139,0.76139
0.82306,0.82306,0.82306,0.82306,0.82306,0.82306,0.82306
0.8445,0.8445,0.8445,0.8445,0.8445,0.8445,0.8445
0.84182,0.84182,0.84182,0.84182,0.84182,0.84182,0.84182
0.86595,0.86595,0.86595,0.86595,0.86595,0.86595,0.86595
0.89812,0.89812,0.89812,0.89812,0.89812,0.89812,0.89812
0.91153,0.91153,0.91153,0.91153,0.91153,0.91153,0.91153
0.91957,0.91957,0.91957,0.91957,0.91957,0.91957,0.91957
0.90885,0.90885,0.90885,0.90885,0.90885,0.90885,0.90885
0.93566,0.93566,0.93566,0.93566,0.93566,0.93566,0.93566
0.92225,0.92225,0.92225,0.92225,0.92225,0.92225,0.92225
0.84182,0.84182,0.84182,0.84182,0.84182,0.84182,0.84182
0.85791,0.85791,0.85791,0.85791,0.85791,0.85791,0.85791
0.81769,0.81769,0.81769,0.81769,0.81769,0.81769,0.81769
0.79893,0.79893,0.79893,0.79893,0.79893,0.79893,0.79893
0.76676,0.76676,0.76676,0.76676,0.76676,0.76676,0.76676
0.75603,0.75603,0.75603,0.75603,0.75603,0.75603,0.75603
0.74531,0.74531,0.74531,0.74531,0.74531,0.74531,0.74531
0.70777,0.70777,0.70777,0.70777,0.70777,0.70777,0.70777
0.68365,0.68365,0.68365,0.68365,0.68365,0.68365,0.68365
0.67828,0.67828,0.67828,0.67828,0.67828,0.67828,0.67828
0.65416,0.65416,0.65416,0.65416,0.65416,0.65416,0.65416
0.62466,0.62466,0.62466,0.62466,0.62466,0.62466,0.62466
0.66488,0.66488,0.66488,0.66488,0.66488,0.66488,0.66488
0.69169,0.69169,0.69169,0.69169,0.69169,0.69169,0.69169
0.73727,0.73727,0.73727,0.73727,0.73727,0.73727,0.73727
0.76408,0.76408,0.76408,0.76408,0.76408,0.76408,0.76408
0.78552,0.78552,0.78552,0.78552,0.78552,0.78552,0.78552
0.80965,0.80965,0.80965,0.80965,0.80965,0.80965,0.80965
0.83914,0.83914,0.83914,0.83914,0.83914,0.83914,0.83914
0.84987,0.84987,0.84987,0.84987,0.84987,0.84987,0.84987
0.84718,0.84718,0.84718,0.84718,0.84718,0.84718,0.84718
0.82842,0.82842,0.82842,0.82842,0.82842,0.82842,0.82842
0.78284,0.78284,0.78284,0.78284,0.78284,0.78284,0.78284
0.78284,0.78284,0.78284,0.78284,0.78284,0.78284,0.78284
0.78552,0.78552,0.78552,0.78552,0.78552,0.78552,0.78552
0.76676,0.76676,0.76676,0.76676,0.76676,0.76676,0.76676
0.73995,0.73995,0.73995,0.73995,0.73995,0.73995,0.73995
0.7185,0.7185,0.7185,0.7185,0.7185,0.7185,0.7185
0.71046,0.71046,0.71046,0.71046,0.71046,0.71046,0.71046
0.6756,0.6756,0.6756,0.6756,0.6756,0.6756,0.6756
0.65147,0.65147,0.65147,0.65147,0.65147,0.65147,0.65147
0.64075,0.64075,0.64075,0.64075,0.64075,0.64075,0.64075
0.62735,0.62735,0.62735,0.62735,0.62735,0.62735,0.62735
0.60322,0.60322,0.60322,0.60322,0.60322,0.60322,0.60322
0.58981,0.58981,0.58981,0.58981,0.58981,0.58981,0.58981
0.59786,0.59786,0.59786,0.59786,0.59786,0.59786,0.59786
0.63271,0.63271,0.63271,0.63271,0.63271,0.63271,0.63271
0.70777,0.70777,0.70777,0.70777,0.70777,0.70777,0.70777
0.73727,0.73727,0.73727,0.73727,0.73727,0.73727,0.73727
0.76139,0.76139,0.76139,0.76139,0.76139,0.76139,0.76139
0.78552,0.78552,0.78552,0.78552,0.78552,0.78552,0.78552
0.81233,0.81233,0.81233,0.81233,0.81233,0.81233,0.81233
0.8311,0.8311,0.8311,0.8311,0.8311,0.8311,0.8311
0.84987,0.84987,0.84987,0.84987,0.84987,0.84987,0.84987
0.85255,0.85255,0.85255,0.85255,0.85255,0.85255,0.85255
0.86059,0.86059,0.86059,0.86059,0.86059,0.86059,0.86059
0.86059,0.86059,0.86059,0.86059,0.86059,0.86059,0.86059
0.84987,0.84987,0.84987,0.84987,0.84987,0.84987,0.84987
0.81769,0.81769,0.81769,0.81769,0.81769,0.81769,0.81769
0.7882,0.7882,0.7882,0.7882,0.7882,0.7882,0.7882
0.76676,0.76676,0.76676,0.76676,0.76676,0.76676,0.76676
0.75067,0.75067,0.75067,0.75067,0.75067,0.75067,0.75067
0.72922,0.72922,0.72922,0.72922,0.72922,0.72922,0.72922
0.69973,0.69973,0.69973,0.69973,0.69973,0.69973,0.69973
0.6622,0.6622,0.6622,0.6622,0.6622,0.6622,0.6622
0.65684,0.65684,0.65684,0.65684,0.65684,0.65684,0.65684
0.64343,0.64343,0.64343,0.64343,0.64343,0.64343,0.64343
0.63271,0.63271,0.63271,0.63271,0.63271,0.63271,0.63271
0.62735,0.62735,0.62735,0.62735,0.62735,0.62735,0.62735
0.64611,0.64611,0.64611,0.64611,0.64611,0.64611,0.64611
0.65147,0.65147,0.65147,0.65147,0.65147,0.65147,0.65147
0.71046,0.71046,0.71046,0.71046,0.71046,0.71046,0.71046
0.74799,0.74799,0.74799,0.74799,0.74799,0.74799,0.74799
0.78284,0.78284,0.78284,0.78284,0.78284,0.78284,0.78284
0.82306,0.82306,0.82306,0.82306,0.82306,0.82306,0.82306
0.85523,0.85523,0.85523,0.85523,0.85523,0.85523,0.85523
0.87399,0.87399,0.87399,0.87399,0.87399,0.87399,0.87399
0.8874,0.8874,0.8874,0.8874,0.8874,0.8874,0.8874
0.89812,0.89812,0.89812,0.89812,0.89812,0.89812,0.89812
0.89544,0.89544,0.89544,0.89544,0.89544,0.89544,0.89544
0.8874,0.8874,0.8874,0.8874,0.8874,0.8874,0.8874
0.87131,0.87131,0.87131,0.87131,0.87131,0.87131,0.87131
0.84718,0.84718,0.84718,0.84718,0.84718,0.84718,0.84718
0.81769,0.81769,0.81769,0.81769,0.81769,0.81769,0.81769
0.77748,0.77748,0.77748,0.77748,0.77748,0.77748,0.77748
0.75335,0.75335,0.75335,0.75335,0.75335,0.75335,0.75335
0.73727,0.73727,0.73727,0.73727,0.73727,0.73727,0.73727
0.7319,0.7319,0.7319,0.7319,0.7319,0.7319,0.7319
0.7319,0.7319,0.7319,0.7319,0.7319,0.7319,0.7319
0.72386,0.72386,0.72386,0.72386,0.72386,0.72386,0.72386
0.71046,0.71046,0.71046,0.71046,0.71046,0.71046,0.71046
0.69437,0.69437,0.69437,0.69437,0.69437,0.69437,0.69437
0.67828,0.67828,0.67828,0.67828,0.67828,0.67828,0.67828
0.6756,0.6756,0.6756,0.6756,0.6756,0.6756,0.6756
0.67292,0.67292,0.67292,0.67292,0.67292,0.67292,0.67292
0.70777,0.70777,0.70777,0.70777,0.70777,0.70777,0.70777
0.73995,0.73995,0.73995,0.73995,0.73995,0.73995,0.73995
0.76408,0.76408,0.76408,0.76408,0.76408,0.76408,0.76408
0.81769,0.81769,0.81769,0.81769,0.81769,0.81769,0.81769
0.85523,0.85523,0.85523,0.85523,0.85523,0.85523,0.85523
0.89008,0.89008,0.89008,0.89008,0.89008,0.89008,0.89008
0.91957,0.91957,0.91957,0.91957,0.91957,0.91957,0.91957
0.91689,0.91689,0.91689,0.91689,0.91689,0.91689,0.91689
0.92493,0.92493,0.92493,0.92493,0.92493,0.92493,0.92493
0.93566,0.93566,0.93566,0.93566,0.93566,0.93566,0.93566
0.92493,0.92493,0.92493,0.92493,0.92493,0.92493,0.92493
0.8874,0.8874,0.8874,0.8874,0.8874,0.8874,0.8874
0.85255,0.85255,0.85255,0.85255,0.85255,0.85255,0.85255
0.83378,0.83378,0.83378,0.83378,0.83378,0.83378,0.83378
0.82306,0.82306,0.82306,0.82306,0.82306,0.82306,0.82306
0.79625,0.79625,0.79625,0.79625,0.79625,0.79625,0.79625
0.76676,0.76676,0.76676,0.76676,0.76676,0.76676,0.76676
0.75335,0.75335,0.75335,0.75335,0.75335,0.75335,0.75335
0.74263,0.74263,0.74263,0.74263,0.74263,0.74263,0.74263
0.72654,0.72654,0.72654,0.72654,0.72654,0.72654,0.72654
0.69973,0.69973,0.69973,0.69973,0.69973,0.69973,0.69973
0.67828,0.67828,0.67828,0.67828,0.67828,0.67828,0.67828
0.6622,0.6622,0.6622,0.6622,0.6622,0.6622,0.6622
0.69437,0.69437,0.69437,0.69437,0.69437,0.69437,0.69437
0.72386,0.72386,0.72386,0.72386,0.72386,0.72386,0.72386
0.76676,0.76676,0.76676,0.76676,0.76676,0.76676,0.76676
0.78552,0.78552,0.78552,0.78552,0.78552,0.78552,0.78552
0.82842,0.82842,0.82842,0.82842,0.82842,0.82842,0.82842
0.86327,0.86327,0.86327,0.86327,0.86327,0.86327,0.86327
0.87936,0.87936,0.87936,0.87936,0.87936,0.87936,0.87936
0.89008,0.89008,0.89008,0.89008,0.89008,0.89008,0.89008
0.90349,0.90349,0.90349,0.90349,0.90349,0.90349,0.90349
0.90617,0.90617,0.90617,0.90617,0.90617,0.90617,0.90617
0.88472,0.88472,0.88472,0.88472,0.88472,0.88472,0.88472
0.83378,0.83378,0.83378,0.83378,0.83378,0.83378,0.83378
0.82574,0.82574,0.82574,0.82574,0.82574,0.82574,0.82574
0.81501,0.81501,0.81501,0.81501,0.81501,0.81501,0.81501
0.81233,0.81233,0.81233,0.81233,0.81233,0.81233,0.81233
0.79357,0.79357,0.79357,0.79357,0.79357,0.79357,0.79357
0.77748,0.77748,0.77748,0.77748,0.77748,0.77748,0.77748
0.76408,0.76408,0.76408,0.76408,0.76408,0.76408,0.76408
0.74531,0.74531,0.74531,0.74531,0.74531,0.74531,0.74531
1.0311,1.00109152378276,0.989525108163846,0.986108371350572,1.03868402342673,1.00020437943444,1.02036704105289
1.0199,0.989870466107437,0.970330187366539,0.971919066840537,1.02009446605695,0.943566726177672,1.00180606287579
0.98729,0.945695663116095,0.941556369737686,0.93810558259909,0.965651777357133,0.910694374086508,0.969633307199518
0.97423,0.936189972130713,0.927217863574003,0.926853754501053,0.964152794544876,0.923071987674668,0.958811440411934
0.97976,0.931559548262156,0.925928589834438,0.939081724001942,0.955237842151481,0.916116963538215,0.976542503280004
0.98442,0.95483016602732,0.966167411407584,0.991831627856098,0.987325880991168,0.925895636909519,1.0062928833821
1.0083,0.985365292117522,1.03416340464215,1.04722331894167,1.04924064191817,0.969544401350034,1.06702362628684
1.0463,1.04858271164137,1.10363390024909,1.11129262202221,1.09638178174578,1.08091893980067,1.13794762698578
1.0948,1.11317991929389,1.15825641731832,1.15844955693988,1.10997644253418,1.11687277807326,1.27433553023712
1.1761,1.1507778904833,1.17946468696377,1.17906107693115,1.13493340140008,1.12861997155667,1.38549237613803
1.1801,1.20764432513737,1.17324662541878,1.2011167239955,1.15196444144161,1.21948146133658,1.41584283119794
1.2327,1.23619956909681,1.19634270719464,1.21552410216789,1.16334705067026,1.28094988583155,1.47541597123729
1.1741,1.21446248108418,1.16709038077902,1.20009650200066,1.14649938161738,1.25651040739939,1.47188263033769
1.1424,1.13919746203467,1.19252277302668,1.20277710014016,1.14119219294149,1.23638525780325,1.38112283630314
1.1128,1.15856309478021,1.19360412822626,1.2052499015616,1.13816094753203,1.15521173870124,1.35242032746474
1.1375,1.1323744312478,1.1597177719751,1.18683620396514,1.13083048440548,1.20152577536078,1.34574624832202
1.1541,1.20888997493859,1.1249809410737,1.17665505863856,1.11311002282897,1.2500456502974,1.26464973347455
1.1346,1.1343097608546,1.08536601926331,1.11674526798385,1.11638215879144,1.07124097544159,1.34401020740575
1.1211,0.970903221807052,1.08937879869443,1.08277558140078,1.06485551595803,1.01788698157679,1.23913056804727
1.0982,1.12480172432296,1.082212773539,1.10441285831856,1.10463612866158,1.02814024465128,1.1179950025293
1.0865,1.11129444327915,1.06866613432781,1.10155160766486,1.11983686007663,1.16959752210204,1.22150463688575
1.0343,1.09420249046797,1.06343144160714,1.0765577351361,1.10999020519324,1.1646467437489,1.14555257955421
1.009,1.03312452117089,1.04474243471827,1.04039919900646,1.09038629330285,1.04213656125116,1.08483683773437
1.0127,0.951225482989079,1.01049215732889,0.997696570039758,1.04057126504605,0.997796273169713,1.06126010050757
