0.77427
0.77673
0.78639
0.80612
0.83523
0.84779
0.85074
0.84561
0.82776
0.801
0.74782
0.69113
0.65098
0.61565
0.59939
0.59004
0.60654
0.64058
0.67799
0.71296
0.74592
0.76714
0.7721
0.77534
0.77865
0.78527
0.79687
0.80954
0.81698
0.82229
0.81911
0.81299
0.79205
0.76614
0.72941
0.67645
0.63299
0.6089
0.59762
0.61001
0.62856
0.651
0.68379
0.71203
0.74109
0.756
0.76344
0.76994
0.77418
0.78118
0.79721
0.81798
0.84461
0.86071
0.87381
0.87949
0.87642
0.86615
0.83169
0.80082
0.76773
0.75751
0.74757
0.74288
0.74312
0.74476
0.74591
0.74522
0.74154
0.73943
0.73947
0.73823
0.74681
0.76245
0.76873
0.75826
0.75089
0.75509
0.76779
0.77261
0.77536
0.75023
0.73118
0.70981
0.71274
0.71265
0.71418
0.71058
0.71812
0.71413
0.71394
0.71575
0.72291
0.73108
0.74445
0.75748
0.77376
0.78918
0.81087
0.83603
0.85194
0.87262
0.87876
0.87853
0.87354
0.84809
0.81239
0.77185
0.74555
0.72573
0.71035
0.70453
0.70122
0.69694
0.72673
0.74366
0.76119
0.77741
0.78583
0.78917
0.78335
0.78621
0.8067
0.82173
0.84562
0.86652
0.88397
0.89464
0.89137
0.86802
0.82483
0.78359
0.74289
0.75934
0.75924
0.75986
0.76584
0.75918
0.75378
0.75109
0.75572
0.76134
0.76904
0.76702
0.77412
0.79156
0.82329
0.84959
0.87789
0.90543
0.9012
0.90475
0.90517
0.90274
0.89281
0.85927
0.81883
0.7719
0.7533
0.74548
0.74468
0.76082
0.77842
0.79328
0.80319
0.80692
0.7976
0.78964
0.80185
0.81968
0.82819
0.83301
0.83022
0.85503
0.89157
0.92479
0.9015
0.87185
0.86911
0.86984
0.87291
0.87171
0.87006
0.87006
0.87116
0.88143
0.88876
0.90397
0.90445
0.90371
0.90385
0.89638
0.89536
0.89145
0.88586
0.88462
0.88171
0.91076
0.92752
0.94135
0.92054
0.89404
0.86545
0.83499
0.8092
0.78402
0.76493
0.74739
0.74507
0.74856
0.76619
0.78166
0.79789
0.81961
0.83749
0.85369
0.87184
0.88473
0.88994
0.8882
0.88537
0.88391
0.88279
0.8813
0.8786
0.86951
0.8604
0.84481
0.83001
0.81763
0.80717
0.80009
0.81183
0.81826
0.82831
0.83923
0.85966
0.88392
0.90576
0.92038
0.92673
0.93117
0.94246
0.95796
0.98153
1.0131
1.0458
1.0672
1.0851
1.0991
1.0511
1.0238
0.99848
0.96654
0.89054
0.90841
0.92344
0.93825
0.93072
0.92112
0.91946
0.91911
0.91872
0.91201
0.92717
0.93956
0.95949
0.99341
1.0284
1.0392
1.0463
1.0515
1.0434
1.0351
0.99958
0.98199
0.94295
0.9111
0.89346
0.88386
0.88451
0.89777
0.91567
0.93075
0.94306
0.94655
0.9432
0.94308
0.94247
0.96815
0.9892
1.0047
1.0089
1.0139
1.0127
1.0142
1.0152
1.0156
1.0125
1.0071
0.99653
0.97048
0.95053
0.91742
0.92764
0.9365
0.94264
0.94848
0.95634
0.9649
0.97568
0.98724
1.0082
1.0155
1.0144
1.0203
1.0263
1.0329
1.0608
1.0825
1.0879
1.0929
1.0905
1.0908
1.0948
1.1026
1.1101
1.1167
1.1145
1.1117
1.1071
1.0948
1.1047
1.1062
1.1014
1.0977
1.101
1.1039
1.1046
1.1274
1.1455
1.1725
1.2142
1.1678
1.1235
1.0893
1.0553
1.0162
0.96341
0.88363
0.80124
0.80124
0.80124
0.9048
0.93964
0.98501
0.98383
0.97953
0.96866
0.97399
0.97123
0.97615
0.98265
0.9892
0.99394
1.0004
1.0034
1.001
1.0047
1.0016
0.98972
0.97389
0.97192
0.96903
0.95506
0.93687
0.95922
0.96946
0.97931
0.99956
0.99347
0.98816
0.98661
0.99164
1.0086
1.0314
1.053
1.0748
1.0905
1.1056
1.1193
1.1375
1.1524
1.18
1.1881
1.1971
1.2108
1.1897
1.1793
1.1669
1.161
1.1528
1.1525
1.1276
1.1159
1.1142
1.107
1.0952
1.0891
1.0913
1.1137
1.1362
1.1658
1.1903
1.2222
1.2418
1.2609
1.2823
1.2271
1.1799
1.1294
1.0889
1.055
1.0507
1.0686
1.0931
1.1216
1.1509
1.178
1.2039
1.2069
1.2034
1.1944
1.1922
1.1991
1.2105
1.2259
1.245
1.2666
1.2431
1.2266
1.212
1.2007
1.1497
1.1003
1.0617
1.0425
1.0311
1.0393
1.0624
1.0854
1.1224
1.149
1.1538
1.1401
1.1197
1.1282
1.1367
1.1501
1.159
1.1804
1.2079
1.232
1.2515
1.2072
1.174
1.1419
1.0844
1.0306
0.99355
0.98225
0.97911
0.97893
0.98256
0.98598
0.99367
0.99752
1.0024
1.0058
1.0085
1.0109
1.0146
1.0247
1.0362
1.0461
1.0559
1.0687
1.0856
1.1073
1.1045
1.0822
1.0625
1.0506
1.0387
1.0297
1.0245
1.0158
1.0006
0.99335
0.99685
0.99866
0.99758
0.994
0.99195
0.99229
0.99531
1.0061
1.0028
0.99388
1.0142
1.027
1.0444
1.0428
1.0349
1.0008
0.9613
0.9843
0.98828
1.0041
1.0019
1.0044
1.0122
1.0006
0.99846
0.98838
1.0033
1.0137
1.0012
0.99467
0.99557
0.99843
1.0104
1.0281
1.0425
1.0583
1.0702
1.0859
1.0993
1.0838
1.0691
1.0628
1.0628
1.0585
1.0482
1.0404
1.0417
1.0514
1.0474
1.0329
1.0195
1.0156
1.0083
1.0132
1.0187
1.0227
1.0222
1.0178
1.0115
1.0213
1.0339
0.99285
0.96712
0.94133
0.9156
0.90583
0.89838
0.89213
0.88758
0.88304
0.87975
0.87923
0.88183
0.88599
0.8942
0.90025
0.89679
0.88466
0.89316
0.91944
0.94785
0.94777
0.95641
0.95838
0.98134
1.0004
0.95831
0.91069
0.84819
0.78416
0.7184
0.77086
0.77593
0.76593
0.75989
0.73841
0.74935
0.76096
0.77174
0.7821
0.79046
0.78961
0.78809
0.78319
0.77913
0.78359
0.80013
0.84243
0.88559
0.87049
0.86062
0.85041
0.84236
0.83329
0.82457
0.8159
0.80659
0.7957
0.78681
0.77716
0.76719
0.75803
0.75486
0.76165
0.76905
0.7712
0.77903
0.79016
0.80569
0.81015
0.81793
0.82508
0.8367
0.84855
0.84178
0.84002
0.81248
0.80564
0.80553
0.80927
0.8119
0.81064
0.80251
0.78922
0.78724
0.79264
0.80409
0.79353
0.78917
0.78279
0.78084
0.78489
0.78506
0.79037
0.79302
0.80222
0.81012
0.81089
0.80906
0.79319
0.77088
0.74858
0.72667
0.726
0.72195
0.71858
0.70112
0.70549
0.71183
0.72019
0.72784
0.73415
0.73938
0.74486
0.75263
0.76136
0.75775
0.75536
0.75715
0.76932
0.76633
0.76505
0.76041
0.74974
0.74042
0.73311
0.72914
0.72661
0.72954
0.73508
0.75747
0.77271
0.77804
0.78204
0.79217
0.80205
0.78413
0.79568
0.8127
0.82983
0.84061
0.83743
0.82415
0.8623
0.87751
0.87744
0.878
0.87099
0.83623
0.80204
0.77041
0.77138
0.77195
0.77816
0.77445
0.82262
0.86387
0.88874
0.91117
0.92056
0.91417
0.92009
0.96454
0.98525
1.0012
1.012
1.0236
1.0375
1.0434
1.0419
1.0357
1.0289
1.0131
1.0026
0.99162
0.97808
0.97796
0.97728
0.97415
0.97275
0.97325
0.97527
0.98507
0.99879
1.0161
1.0535
1.0956
1.1408
1.1981
1.2006
1.2105
1.2441
1.2683
1.2859
1.2425
1.2139
1.1757
1.1683
1.1682
1.1797
1.1607
1.1605
1.167
1.1848
1.1951
1.2129
1.2253
1.2294
1.2263
1.205
1.2294
1.2649
1.2943
1.3158
1.3423
1.375
1.3755
1.3668
1.3321
1.3008
1.2648
1.2121
1.1604
1.1094
1.1094
1.1147
1.115
1.147
1.1844
1.207
1.2245
1.2315
1.2334
1.2468
1.2529
1.2467
1.2355
1.2339
1.2336
1.2327
1.2334
1.2364
1.2396
1.2459
1.1842
1.1491
1.1153
1.0932
1.0817
1.096
1.1113
1.1278
1.1494
1.1664
1.2027
1.186
1.1803
1.1771
1.1781
1.1861
1.1914
1.1782
1.1705
1.1521
1.1748
1.1906
1.2026
1.1074
1.0311
0.9309
0.92754
0.92369
0.95909
0.99579
1.0391
1.0706
1.0893
1.1076
1.1261
1.1348
1.1463
1.1607
1.1609
1.1621
1.1584
1.1575
1.1581
1.1592
1.1674
1.1867
1.2051
1.1606
1.126
1.1065
1.1073
1.1114
1.1171
1.1212
1.1258
1.1228
1.1173
1.1162
1.117
1.1141
1.1122
1.1102
1.1044
1.1007
1.098
1.0921
1.0971
1.1052
1.1183
1.126
1.1125
1.1028
1.0927
1.087
1.0846
1.088
1.0916
1.0916
1.0868
1.08
1.0748
1.0728
1.0711
1.0682
1.0693
1.0733
1.0825
1.0875
1.0861
1.0835
1.0916
1.1039
1.1252
1.137
1.1468
1.1284
1.1106
1.1032
1.102
1.0998
1.0942
1.0844
1.0746
1.0633
1.0562
1.0668
1.0687
1.0704
1.0868
1.0978
1.1098
1.1172
1.1265
1.1481
1.1653
1.1725
1.1629
1.1396
1.1205
1.0877
1.0448
1.0211
1.0024
0.96926
0.9955
1.0302
1.0459
1.0705
1.1026
1.1167
1.1321
1.1433
1.1539
1.1657
1.1846
1.2012
1.2171
1.2435
1.2704
1.2965
1.3336
1.341
1.3436
1.3272
1.3028
1.2823
1.256
1.2496
1.2449
1.2448
1.2491
1.2644
1.2718
1.2805
1.2833
1.3233
1.3428
1.3623
1.3765
1.3765
1.3773
1.3798
1.3742
1.3715
1.3784
1.3705
1.3402
1.3071
1.2711
1.2266
1.1789
1.1079
1.1147
1.1285
1.1864
1.2531
1.2665
1.2931
1.3134
1.318
1.3214
1.3362
1.3561
1.3803
1.4034
1.4241
1.4484
1.4737
1.4946
1.4947
1.4735
1.4511
1.3867
1.3257
1.2829
1.2489
1.2432
1.2388
1.2709
1.3036
1.322
1.3343
1.3426
1.347
1.3434
1.34
1.3462
1.3545
1.3636
1.3821
1.4044
1.4292
1.4674
1.5076
1.4441
1.4131
1.3313
1.2572
1.1837
1.1744
1.1971
1.2079
1.2233
1.2426
1.279
1.2765
1.276
1.28
1.284
