small_1,small_de_2,all_3,all_de_4,small_5,small_de_6,all_7,all_de_8,small_9,small_de_10,all_11,all_de_12,small_13,small_de_14,all_15,all_de_16,small_17,small_de_18,all_19,all_de_20,small_21,small_de_22,all_23,all_de_24,small_25,small_de_26,all_27,all_de_28,original
1.14606237411499,1.26251065731049,1.29938507080078,1.25899517536163,1.04617118835449,1.26330757141113,1.17900562286377,1.25931692123413,0.98270308971405,1.26243782043457,1.10373282432556,1.25867033004761,1.00708329677582,1.26580810546875,1.17937839031219,1.25913214683533,0.985844254493713,1.26128792762756,1.10132265090942,1.25858688354492,0.957258760929108,1.26180160045624,1.06680369377136,1.25840508937836,1.19003677368164,1.26607716083527,1.32655596733093,1.2608425617218,1.288
1.13188147544861,1.27170288562775,1.32163417339325,1.26842927932739,1.03820991516113,1.2725282907486,1.19129860401154,1.26928353309631,0.97500216960907,1.27163290977478,1.11197876930237,1.26937448978424,0.995372533798218,1.27500188350677,1.19189298152924,1.26957154273987,0.974306464195251,1.27052569389343,1.11034941673279,1.26950240135193,0.94738233089447,1.27103197574615,1.07336807250977,1.2694365978241,1.17067170143127,1.27531564235687,1.35143089294434,1.27055907249451,1.3017
1.14412879943848,1.29286444187164,1.3309338092804,1.2890567779541,1.04270768165588,1.2936772108078,1.19802677631378,1.28970634937286,0.977739155292511,1.29279482364655,1.11488580703735,1.28948390483856,1.00101840496063,1.2961722612381,1.1979044675827,1.28983891010284,0.979726552963257,1.29163205623627,1.11305332183838,1.28958809375763,0.951147437095642,1.29215145111084,1.07460153102875,1.28938186168671,1.18860816955566,1.29645490646362,1.36198496818542,1.29120695590973,1.3173
1.15934634208679,1.31216752529144,1.3496800661087,1.30597639083862,1.0490083694458,1.31294393539429,1.21214985847473,1.30657613277435,0.982166767120361,1.31209552288055,1.1250935792923,1.30630421638489,1.00892674922943,1.31548178195953,1.21199440956116,1.30673611164093,0.987375020980835,1.31084644794464,1.12347221374512,1.30646312236786,0.956851363182068,1.31138384342194,1.08290088176727,1.30619931221008,1.2104434967041,1.31569743156433,1.38142108917236,1.30808079242706,1.329
1.18057715892792,1.33534479141235,1.36089587211609,1.32282304763794,1.05863404273987,1.33609056472778,1.22454059123993,1.3237589597702,0.989829003810883,1.33527159690857,1.13530027866364,1.32383859157562,1.02186727523804,1.33867251873016,1.22455894947052,1.32420992851257,0.99998140335083,1.33391928672791,1.13376152515411,1.32419729232788,0.966787338256836,1.33448016643524,1.09172928333282,1.32392764091492,1.24054837226868,1.33882188796997,1.39099323749542,1.32512092590332,1.3374
1.18943405151367,1.36629986763,1.38279354572296,1.34986817836761,1.06204116344452,1.36703562736511,1.24340236186981,1.35096907615662,0.991190493106842,1.36622667312622,1.14997041225433,1.35113203525543,1.02356469631195,1.36964762210846,1.24327147006989,1.35156548023224,1.00150787830353,1.36478471755981,1.14884781837463,1.35169172286987,0.967408299446106,1.36536836624146,1.10408079624176,1.3513035774231,1.25291013717651,1.36975657939911,1.41289722919464,1.35232961177826,1.3465
1.21502864360809,1.38635408878326,1.42090594768524,1.37497496604919,1.07432413101196,1.38705670833588,1.27353143692017,1.37609362602234,1.00197970867157,1.38627922534943,1.17346405982971,1.3763952255249,1.04177451133728,1.38970458507538,1.27370059490204,1.37685084342957,1.01934313774109,1.38476955890656,1.17402648925781,1.37706828117371,0.981948852539062,1.38536667823792,1.1256068944931,1.37662792205811,1.28912162780762,1.38975667953491,1.45265889167786,1.37749910354614,1.3602
1.21067225933075,1.40463650226593,1.45025897026062,1.40712809562683,1.07427763938904,1.40543794631958,1.29636192321777,1.40800189971924,1.00226616859436,1.40457534790039,1.19144701957703,1.40814507007599,1.03870630264282,1.40800046920776,1.29669761657715,1.40870499610901,1.01638603210449,1.40318012237549,1.19281733036041,1.40880465507507,0.980136752128601,1.40376019477844,1.14167642593384,1.40823340415955,1.28116106987,1.40819883346558,1.4833437204361,1.4097021818161,1.3814
1.25213098526001,1.42684578895569,1.4660359621048,1.42433607578278,1.10173046588898,1.42767369747162,1.31788039207458,1.424959897995,1.02972817420959,1.42679417133331,1.21085953712463,1.4249267578125,1.07487750053406,1.43023240566254,1.31745958328247,1.42558145523071,1.05215728282928,1.4253488779068,1.21223020553589,1.4253146648407,1.01205062866211,1.42594611644745,1.16042840480804,1.42459356784821,1.33447408676147,1.43044447898865,1.49854075908661,1.42719435691833,1.4022
1.36765146255493,1.45104658603668,1.47882986068726,1.41820907592773,1.17544770240784,1.45169401168823,1.3500303030014,1.41889321804047,1.10201168060303,1.45097625255585,1.24795293807983,1.41900587081909,1.17147290706635,1.4544517993927,1.35201132297516,1.41972601413727,1.14755392074585,1.44915091991425,1.24875712394714,1.41950190067291,1.09633564949036,1.44982552528381,1.19793736934662,1.41860020160675,1.4846453666687,1.45433962345123,1.50714766979218,1.42152512073517,1.3767
1.35471093654633,1.43093705177307,1.46435225009918,1.40572416782379,1.16857767105103,1.43168723583221,1.34111332893372,1.40604090690613,1.09648537635803,1.43088388442993,1.24696826934814,1.40717601776123,1.1641401052475,1.43435490131378,1.34666883945465,1.40759634971619,1.14040410518646,1.42917656898499,1.25003623962402,1.40792906284332,1.09046792984009,1.42983365058899,1.20039772987366,1.4072676897049,1.4672908782959,1.43439567089081,1.4911767244339,1.40917229652405,1.3669
1.39538884162903,1.40483140945435,1.48219883441925,1.38326418399811,1.19798350334167,1.40542006492615,1.34874188899994,1.38440310955048,1.12678563594818,1.40475630760193,1.25390815734863,1.38439202308655,1.20306181907654,1.40824329853058,1.35681426525116,1.38552701473236,1.17893636226654,1.40280032157898,1.26152265071869,1.38565564155579,1.12544822692871,1.40350198745728,1.21108853816986,1.38453078269958,1.51814579963684,1.40802264213562,1.50532507896423,1.38654518127441,1.3539
1.30659830570221,1.33560311794281,1.5079665184021,1.35371720790863,1.15569281578064,1.33615207672119,1.34135830402374,1.35390532016754,1.08977580070496,1.3355153799057,1.24147951602936,1.35396444797516,1.14598047733307,1.33896851539612,1.34756433963776,1.35475826263428,1.1227685213089,1.33367764949799,1.25351870059967,1.35487222671509,1.07944130897522,1.33434188365936,1.20226788520813,1.35395407676697,1.39371490478516,1.33874344825745,1.53765428066254,1.35653173923492,1.3494
1.22332298755646,1.30359661579132,1.47024834156036,1.34107804298401,1.10468578338623,1.30428123474121,1.29900813102722,1.34123408794403,1.04213380813599,1.3035261631012,1.20355808734894,1.34094142913818,1.08231258392334,1.30696308612823,1.30554389953613,1.34200119972229,1.06011307239532,1.3019106388092,1.21614718437195,1.34154391288757,1.02491235733032,1.30253398418427,1.16676032543182,1.34048759937286,1.28471779823303,1.30696034431458,1.49580800533295,1.34369683265686,1.3464
1.11454117298126,1.27969861030579,1.47484230995178,1.32385921478271,1.04078722000122,1.28056728839874,1.26875567436218,1.32369065284729,0.982097923755646,1.27964723110199,1.16365993022919,1.32246053218842,0.997522830963135,1.2830662727356,1.27040433883667,1.3236688375473,0.976679682731628,1.27834093570709,1.17738080024719,1.32291376590729,0.953010320663452,1.2789067029953,1.12797284126282,1.32168877124786,1.13961815834045,1.28336477279663,1.51017081737518,1.32647085189819,1.346
1.15524041652679,1.25380873680115,1.42599391937256,1.2886620759964,1.05840134620667,1.25443339347839,1.23384380340576,1.28875327110291,0.999330163002014,1.25372838973999,1.13555288314819,1.28755736351013,1.03085219860077,1.25713050365448,1.23378300666809,1.2885754108429,1.00953078269958,1.25218033790588,1.14478921890259,1.28783142566681,0.979861319065094,1.25277698040009,1.10099303722382,1.28694081306458,1.19967007637024,1.25708663463593,1.46056485176086,1.29088389873505,1.309
1.14599692821503,1.2653990983963,1.36495673656464,1.28920710086823,1.05021214485168,1.26606726646423,1.20534861087799,1.2889312505722,0.990084588527679,1.26532280445099,1.12068617343903,1.28828608989716,1.01782596111298,1.26873207092285,1.20669114589691,1.28902876377106,0.996662974357605,1.26381003856659,1.12430882453918,1.28825342655182,0.968016505241394,1.26440322399139,1.08594250679016,1.28751873970032,1.18853569030762,1.26874625682831,1.39496171474457,1.29151964187622,1.3325
1.13624441623688,1.24264025688171,1.30789470672607,1.28670465946198,1.04592192173004,1.24331402778625,1.1854339838028,1.2867020368576,0.986743152141571,1.24255907535553,1.11116921901703,1.28563892841339,1.01201176643372,1.24594306945801,1.18645346164703,1.28660202026367,0.991006016731262,1.24117410182953,1.11105310916901,1.28593409061432,0.963610529899597,1.24173378944397,1.07759690284729,1.28504824638367,1.17461657524109,1.24600422382355,1.3303097486496,1.28895258903503,1.3522
1.13787651062012,1.25034403800964,1.3381450176239,1.28401291370392,1.0454626083374,1.25104629993439,1.20868217945099,1.28390717506409,0.98558908700943,1.25026440620422,1.13108325004578,1.28308141231537,1.01049113273621,1.25364553928375,1.21098577976227,1.28396642208099,0.989490389823914,1.24893462657928,1.13198029994965,1.28319942951202,0.961927354335785,1.24948346614838,1.0956267118454,1.28244066238403,1.17744565010071,1.25375485420227,1.36263620853424,1.28596568107605,1.3671
1.14714634418488,1.24504578113556,1.33691561222076,1.2809100151062,1.05044329166412,1.24573135375977,1.21010231971741,1.28039979934692,0.990494787693024,1.24496269226074,1.13195395469666,1.27912437915802,1.01846146583557,1.24832952022552,1.21253502368927,1.28012669086456,0.997343897819519,1.24367082118988,1.13261556625366,1.27905774116516,0.968598008155823,1.24420714378357,1.09637916088104,1.27824258804321,1.19036412239075,1.24843311309814,1.36186242103577,1.28271508216858,1.365
1.13901877403259,1.24708104133606,1.33516526222229,1.26960408687592,1.04615604877472,1.24780464172363,1.20688354969025,1.26948845386505,0.986239314079285,1.2469996213913,1.12923419475555,1.26857948303223,1.01136124134064,1.25036227703094,1.20960056781769,1.26940560340881,0.990347385406494,1.2457857131958,1.12979555130005,1.26866006851196,0.962673008441925,1.24630641937256,1.09384512901306,1.2680891752243,1.17894530296326,1.25053155422211,1.36171519756317,1.27126729488373,1.3592
1.14421415328979,1.24619114398956,1.33476126194,1.26592409610748,1.04833340644836,1.2469140291214,1.20651721954346,1.26574778556824,0.987998962402344,1.24610888957977,1.12850153446198,1.26484847068787,1.01473903656006,1.24946272373199,1.20905780792236,1.26560497283936,0.993640303611755,1.24492955207825,1.12923848628998,1.26476061344147,0.965239346027374,1.24544084072113,1.09326827526093,1.26429462432861,1.18651127815247,1.24964261054993,1.36283278465271,1.26748597621918,1.34
1.15135312080383,1.23871052265167,1.34039747714996,1.25737142562866,1.05169022083282,1.23942911624908,1.20959758758545,1.25726461410522,0.990864872932434,1.23862683773041,1.1312061548233,1.25640833377838,1.01959705352783,1.24197041988373,1.21268630027771,1.25712180137634,0.998391151428223,1.23748373985291,1.13224136829376,1.25634980201721,0.969074368476868,1.2379846572876,1.09575462341309,1.25593066215515,1.19662857055664,1.24215745925903,1.36914527416229,1.25889241695404,1.3338
1.17570650577545,1.20965194702148,1.33034706115723,1.239222407341,1.06551837921143,1.21028661727905,1.20553231239319,1.23888838291168,1.00545382499695,1.20955812931061,1.13070774078369,1.23792552947998,1.0433988571167,1.21287488937378,1.20983231067657,1.23861038684845,1.02191698551178,1.20840644836426,1.13188076019287,1.23767483234406,0.989409387111664,1.20889806747437,1.09649550914764,1.23729956150055,1.23047971725464,1.2129693031311,1.35695064067841,1.24055552482605,1.334
