original,trained_s_1,trained_s_2,trained_s_3,trained_b_1,trained_b_2,trained_b_3
0.28418,0.28418,0.28418,0.28418,0.28418,0.28418,0.28418
0.28954,0.28954,0.28954,0.28954,0.28954,0.28954,0.28954
0.27346,0.27346,0.27346,0.27346,0.27346,0.27346,0.27346
0.26005,0.26005,0.26005,0.26005,0.26005,0.26005,0.26005
0.26542,0.26542,0.26542,0.26542,0.26542,0.26542,0.26542
0.2681,0.2681,0.2681,0.2681,0.2681,0.2681,0.2681
0.26273,0.26273,0.26273,0.26273,0.26273,0.26273,0.26273
0.30027,0.30027,0.30027,0.30027,0.30027,0.30027,0.30027
0.32976,0.32976,0.32976,0.32976,0.32976,0.32976,0.32976
0.3244,0.3244,0.3244,0.3244,0.3244,0.3244,0.3244
0.31367,0.31367,0.31367,0.31367,0.31367,0.31367,0.31367
0.31903,0.31903,0.31903,0.31903,0.31903,0.31903,0.31903
0.32976,0.32976,0.32976,0.32976,0.32976,0.32976,0.32976
0.33512,0.33512,0.33512,0.33512,0.33512,0.33512,0.33512
0.33244,0.33244,0.33244,0.33244,0.33244,0.33244,0.33244
0.32976,0.32976,0.32976,0.32976,0.32976,0.32976,0.32976
0.32976,0.32976,0.32976,0.32976,0.32976,0.32976,0.32976
0.32172,0.32172,0.32172,0.32172,0.32172,0.32172,0.32172
0.31367,0.31367,0.31367,0.31367,0.31367,0.31367,0.31367
0.29223,0.29223,0.29223,0.29223,0.29223,0.29223,0.29223
0.27346,0.27346,0.27346,0.27346,0.27346,0.27346,0.27346
0.26542,0.26542,0.26542,0.26542,0.26542,0.26542,0.26542
0.26005,0.26005,0.26005,0.26005,0.26005,0.26005,0.26005
0.26273,0.26273,0.26273,0.26273,0.26273,0.26273,0.26273
0.24397,0.24397,0.24397,0.24397,0.24397,0.24397,0.24397
0.22252,0.22252,0.22252,0.22252,0.22252,0.22252,0.22252
0.21984,0.21984,0.21984,0.21984,0.21984,0.21984,0.21984
0.22252,0.22252,0.22252,0.22252,0.22252,0.22252,0.22252
0.2252,0.2252,0.2252,0.2252,0.2252,0.2252,0.2252
0.23056,0.23056,0.23056,0.23056,0.23056,0.23056,0.23056
0.23861,0.23861,0.23861,0.23861,0.23861,0.23861,0.23861
0.23592,0.23592,0.23592,0.23592,0.23592,0.23592,0.23592
0.23056,0.23056,0.23056,0.23056,0.23056,0.23056,0.23056
0.2252,0.2252,0.2252,0.2252,0.2252,0.2252,0.2252
0.23056,0.23056,0.23056,0.23056,0.23056,0.23056,0.23056
0.23056,0.23056,0.23056,0.23056,0.23056,0.23056,0.23056
0.23592,0.23592,0.23592,0.23592,0.23592,0.23592,0.23592
0.23324,0.23324,0.23324,0.23324,0.23324,0.23324,0.23324
0.23592,0.23592,0.23592,0.23592,0.23592,0.23592,0.23592
0.24129,0.24129,0.24129,0.24129,0.24129,0.24129,0.24129
0.24397,0.24397,0.24397,0.24397,0.24397,0.24397,0.24397
0.24665,0.24665,0.24665,0.24665,0.24665,0.24665,0.24665
0.24665,0.24665,0.24665,0.24665,0.24665,0.24665,0.24665
0.25201,0.25201,0.25201,0.25201,0.25201,0.25201,0.25201
0.25469,0.25469,0.25469,0.25469,0.25469,0.25469,0.25469
0.25469,0.25469,0.25469,0.25469,0.25469,0.25469,0.25469
0.24933,0.24933,0.24933,0.24933,0.24933,0.24933,0.24933
0.25201,0.25201,0.25201,0.25201,0.25201,0.25201,0.25201
0.24933,0.24933,0.24933,0.24933,0.24933,0.24933,0.24933
0.23592,0.23592,0.23592,0.23592,0.23592,0.23592,0.23592
0.2252,0.2252,0.2252,0.2252,0.2252,0.2252,0.2252
0.20375,0.20375,0.20375,0.20375,0.20375,0.20375,0.20375
0.18767,0.18767,0.18767,0.18767,0.18767,0.18767,0.18767
0.16622,0.16622,0.16622,0.16622,0.16622,0.16622,0.16622
0.16354,0.16354,0.16354,0.16354,0.16354,0.16354,0.16354
0.18231,0.18231,0.18231,0.18231,0.18231,0.18231,0.18231
0.22788,0.22788,0.22788,0.22788,0.22788,0.22788,0.22788
0.25469,0.25469,0.25469,0.25469,0.25469,0.25469,0.25469
0.27078,0.27078,0.27078,0.27078,0.27078,0.27078,0.27078
0.28954,0.28954,0.28954,0.28954,0.28954,0.28954,0.28954
0.30831,0.30831,0.30831,0.30831,0.30831,0.30831,0.30831
0.31367,0.31367,0.31367,0.31367,0.31367,0.31367,0.31367
0.30295,0.30295,0.30295,0.30295,0.30295,0.30295,0.30295
0.29223,0.29223,0.29223,0.29223,0.29223,0.29223,0.29223
0.27614,0.27614,0.27614,0.27614,0.27614,0.27614,0.27614
0.23056,0.23056,0.23056,0.23056,0.23056,0.23056,0.23056
0.2118,0.2118,0.2118,0.2118,0.2118,0.2118,0.2118
0.19303,0.19303,0.19303,0.19303,0.19303,0.19303,0.19303
0.17694,0.17694,0.17694,0.17694,0.17694,0.17694,0.17694
0.17426,0.17426,0.17426,0.17426,0.17426,0.17426,0.17426
0.17694,0.17694,0.17694,0.17694,0.17694,0.17694,0.17694
0.1689,0.1689,0.1689,0.1689,0.1689,0.1689,0.1689
0.1555,0.1555,0.1555,0.1555,0.1555,0.1555,0.1555
0.14745,0.14745,0.14745,0.14745,0.14745,0.14745,0.14745
0.14477,0.14477,0.14477,0.14477,0.14477,0.14477,0.14477
0.13941,0.13941,0.13941,0.13941,0.13941,0.13941,0.13941
0.13941,0.13941,0.13941,0.13941,0.13941,0.13941,0.13941
0.14209,0.14209,0.14209,0.14209,0.14209,0.14209,0.14209
0.13673,0.13673,0.13673,0.13673,0.13673,0.13673,0.13673
0.16354,0.16354,0.16354,0.16354,0.16354,0.16354,0.16354
0.22788,0.22788,0.22788,0.22788,0.22788,0.22788,0.22788
0.27882,0.27882,0.27882,0.27882,0.27882,0.27882,0.27882
0.29223,0.29223,0.29223,0.29223,0.29223,0.29223,0.29223
0.30027,0.30027,0.30027,0.30027,0.30027,0.30027,0.30027
0.31367,0.31367,0.31367,0.31367,0.31367,0.31367,0.31367
0.31903,0.31903,0.31903,0.31903,0.31903,0.31903,0.31903
0.31635,0.31635,0.31635,0.31635,0.31635,0.31635,0.31635
0.30563,0.30563,0.30563,0.30563,0.30563,0.30563,0.30563
0.29759,0.29759,0.29759,0.29759,0.29759,0.29759,0.29759
0.27882,0.27882,0.27882,0.27882,0.27882,0.27882,0.27882
0.24933,0.24933,0.24933,0.24933,0.24933,0.24933,0.24933
0.23056,0.23056,0.23056,0.23056,0.23056,0.23056,0.23056
0.23056,0.23056,0.23056,0.23056,0.23056,0.23056,0.23056
0.2252,0.2252,0.2252,0.2252,0.2252,0.2252,0.2252
0.21984,0.21984,0.21984,0.21984,0.21984,0.21984,0.21984
0.21448,0.21448,0.21448,0.21448,0.21448,0.21448,0.21448
0.21716,0.21716,0.21716,0.21716,0.21716,0.21716,0.21716
0.20912,0.20912,0.20912,0.20912,0.20912,0.20912,0.20912
0.20107,0.20107,0.20107,0.20107,0.20107,0.20107,0.20107
0.19035,0.19035,0.19035,0.19035,0.19035,0.19035,0.19035
0.17962,0.17962,0.17962,0.17962,0.17962,0.17962,0.17962
0.17962,0.17962,0.17962,0.17962,0.17962,0.17962,0.17962
0.18499,0.18499,0.18499,0.18499,0.18499,0.18499,0.18499
0.20375,0.20375,0.20375,0.20375,0.20375,0.20375,0.20375
0.24933,0.24933,0.24933,0.24933,0.24933,0.24933,0.24933
0.30563,0.30563,0.30563,0.30563,0.30563,0.30563,0.30563
0.3244,0.3244,0.3244,0.3244,0.3244,0.3244,0.3244
0.35121,0.35121,0.35121,0.35121,0.35121,0.35121,0.35121
0.36193,0.36193,0.36193,0.36193,0.36193,0.36193,0.36193
0.35925,0.35925,0.35925,0.35925,0.35925,0.35925,0.35925
0.34853,0.34853,0.34853,0.34853,0.34853,0.34853,0.34853
0.34316,0.34316,0.34316,0.34316,0.34316,0.34316,0.34316
0.3378,0.3378,0.3378,0.3378,0.3378,0.3378,0.3378
0.33512,0.33512,0.33512,0.33512,0.33512,0.33512,0.33512
0.32976,0.32976,0.32976,0.32976,0.32976,0.32976,0.32976
0.31903,0.31903,0.31903,0.31903,0.31903,0.31903,0.31903
0.32172,0.32172,0.32172,0.32172,0.32172,0.32172,0.32172
0.31635,0.31635,0.31635,0.31635,0.31635,0.31635,0.31635
0.30563,0.30563,0.30563,0.30563,0.30563,0.30563,0.30563
0.30027,0.30027,0.30027,0.30027,0.30027,0.30027,0.30027
0.29223,0.29223,0.29223,0.29223,0.29223,0.29223,0.29223
0.29759,0.29759,0.29759,0.29759,0.29759,0.29759,0.29759
0.28954,0.28954,0.28954,0.28954,0.28954,0.28954,0.28954
0.29223,0.29223,0.29223,0.29223,0.29223,0.29223,0.29223
0.29491,0.29491,0.29491,0.29491,0.29491,0.29491,0.29491
0.29223,0.29223,0.29223,0.29223,0.29223,0.29223,0.29223
0.28954,0.28954,0.28954,0.28954,0.28954,0.28954,0.28954
0.28954,0.28954,0.28954,0.28954,0.28954,0.28954,0.28954
0.29759,0.29759,0.29759,0.29759,0.29759,0.29759,0.29759
0.30027,0.30027,0.30027,0.30027,0.30027,0.30027,0.30027
0.30295,0.30295,0.30295,0.30295,0.30295,0.30295,0.30295
0.31099,0.31099,0.31099,0.31099,0.31099,0.31099,0.31099
0.31635,0.31635,0.31635,0.31635,0.31635,0.31635,0.31635
0.32172,0.32172,0.32172,0.32172,0.32172,0.32172,0.32172
0.31367,0.31367,0.31367,0.31367,0.31367,0.31367,0.31367
0.31635,0.31635,0.31635,0.31635,0.31635,0.31635,0.31635
0.31635,0.31635,0.31635,0.31635,0.31635,0.31635,0.31635
0.31367,0.31367,0.31367,0.31367,0.31367,0.31367,0.31367
0.31367,0.31367,0.31367,0.31367,0.31367,0.31367,0.31367
0.31635,0.31635,0.31635,0.31635,0.31635,0.31635,0.31635
0.31367,0.31367,0.31367,0.31367,0.31367,0.31367,0.31367
0.30563,0.30563,0.30563,0.30563,0.30563,0.30563,0.30563
0.29759,0.29759,0.29759,0.29759,0.29759,0.29759,0.29759
0.30027,0.30027,0.30027,0.30027,0.30027,0.30027,0.30027
0.29491,0.29491,0.29491,0.29491,0.29491,0.29491,0.29491
0.29491,0.29491,0.29491,0.29491,0.29491,0.29491,0.29491
0.29759,0.29759,0.29759,0.29759,0.29759,0.29759,0.29759
0.30295,0.30295,0.30295,0.30295,0.30295,0.30295,0.30295
0.30295,0.30295,0.30295,0.30295,0.30295,0.30295,0.30295
0.30027,0.30027,0.30027,0.30027,0.30027,0.30027,0.30027
0.29759,0.29759,0.29759,0.29759,0.29759,0.29759,0.29759
0.30563,0.30563,0.30563,0.30563,0.30563,0.30563,0.30563
0.35925,0.35925,0.35925,0.35925,0.35925,0.35925,0.35925
0.3807,0.3807,0.3807,0.3807,0.3807,0.3807,0.3807
0.33512,0.33512,0.33512,0.33512,0.33512,0.33512,0.33512
0.30563,0.30563,0.30563,0.30563,0.30563,0.30563,0.30563
0.31367,0.31367,0.31367,0.31367,0.31367,0.31367,0.31367
0.31099,0.31099,0.31099,0.31099,0.31099,0.31099,0.31099
0.31635,0.31635,0.31635,0.31635,0.31635,0.31635,0.31635
0.31099,0.31099,0.31099,0.31099,0.31099,0.31099,0.31099
0.31099,0.31099,0.31099,0.31099,0.31099,0.31099,0.31099
0.30563,0.30563,0.30563,0.30563,0.30563,0.30563,0.30563
0.30027,0.30027,0.30027,0.30027,0.30027,0.30027,0.30027
0.29491,0.29491,0.29491,0.29491,0.29491,0.29491,0.29491
0.29223,0.29223,0.29223,0.29223,0.29223,0.29223,0.29223
0.29223,0.29223,0.29223,0.29223,0.29223,0.29223,0.29223
0.28954,0.28954,0.28954,0.28954,0.28954,0.28954,0.28954
0.29223,0.29223,0.29223,0.29223,0.29223,0.29223,0.29223
0.28418,0.28418,0.28418,0.28418,0.28418,0.28418,0.28418
0.27346,0.27346,0.27346,0.27346,0.27346,0.27346,0.27346
0.27346,0.27346,0.27346,0.27346,0.27346,0.27346,0.27346
0.2681,0.2681,0.2681,0.2681,0.2681,0.2681,0.2681
0.26542,0.26542,0.26542,0.26542,0.26542,0.26542,0.26542
0.26005,0.26005,0.26005,0.26005,0.26005,0.26005,0.26005
0.26005,0.26005,0.26005,0.26005,0.26005,0.26005,0.26005
0.25469,0.25469,0.25469,0.25469,0.25469,0.25469,0.25469
0.26273,0.26273,0.26273,0.26273,0.26273,0.26273,0.26273
0.26542,0.26542,0.26542,0.26542,0.26542,0.26542,0.26542
0.27078,0.27078,0.27078,0.27078,0.27078,0.27078,0.27078
0.27346,0.27346,0.27346,0.27346,0.27346,0.27346,0.27346
0.27882,0.27882,0.27882,0.27882,0.27882,0.27882,0.27882
0.2815,0.2815,0.2815,0.2815,0.2815,0.2815,0.2815
0.28418,0.28418,0.28418,0.28418,0.28418,0.28418,0.28418
0.27882,0.27882,0.27882,0.27882,0.27882,0.27882,0.27882
0.28418,0.28418,0.28418,0.28418,0.28418,0.28418,0.28418
0.28686,0.28686,0.28686,0.28686,0.28686,0.28686,0.28686
0.28686,0.28686,0.28686,0.28686,0.28686,0.28686,0.28686
0.28686,0.28686,0.28686,0.28686,0.28686,0.28686,0.28686
0.29223,0.29223,0.29223,0.29223,0.29223,0.29223,0.29223
0.29759,0.29759,0.29759,0.29759,0.29759,0.29759,0.29759
0.30027,0.30027,0.30027,0.30027,0.30027,0.30027,0.30027
0.30563,0.30563,0.30563,0.30563,0.30563,0.30563,0.30563
0.30563,0.30563,0.30563,0.30563,0.30563,0.30563,0.30563
0.30295,0.30295,0.30295,0.30295,0.30295,0.30295,0.30295
0.30831,0.30831,0.30831,0.30831,0.30831,0.30831,0.30831
0.30563,0.30563,0.30563,0.30563,0.30563,0.30563,0.30563
0.30831,0.30831,0.30831,0.30831,0.30831,0.30831,0.30831
0.30831,0.30831,0.30831,0.30831,0.30831,0.30831,0.30831
0.30831,0.30831,0.30831,0.30831,0.30831,0.30831,0.30831
0.31099,0.31099,0.31099,0.31099,0.31099,0.31099,0.31099
0.30563,0.30563,0.30563,0.30563,0.30563,0.30563,0.30563
0.32172,0.32172,0.32172,0.32172,0.32172,0.32172,0.32172
0.35389,0.35389,0.35389,0.35389,0.35389,0.35389,0.35389
0.36997,0.36997,0.36997,0.36997,0.36997,0.36997,0.36997
0.37265,0.37265,0.37265,0.37265,0.37265,0.37265,0.37265
0.35657,0.35657,0.35657,0.35657,0.35657,0.35657,0.35657
0.36997,0.36997,0.36997,0.36997,0.36997,0.36997,0.36997
0.38606,0.38606,0.38606,0.38606,0.38606,0.38606,0.38606
0.38874,0.38874,0.38874,0.38874,0.38874,0.38874,0.38874
0.38338,0.38338,0.38338,0.38338,0.38338,0.38338,0.38338
0.37802,0.37802,0.37802,0.37802,0.37802,0.37802,0.37802
0.36997,0.36997,0.36997,0.36997,0.36997,0.36997,0.36997
0.35925,0.35925,0.35925,0.35925,0.35925,0.35925,0.35925
0.35389,0.35389,0.35389,0.35389,0.35389,0.35389,0.35389
0.34584,0.34584,0.34584,0.34584,0.34584,0.34584,0.34584
0.34584,0.34584,0.34584,0.34584,0.34584,0.34584,0.34584
0.34316,0.34316,0.34316,0.34316,0.34316,0.34316,0.34316
0.34316,0.34316,0.34316,0.34316,0.34316,0.34316,0.34316
0.3378,0.3378,0.3378,0.3378,0.3378,0.3378,0.3378
0.34048,0.34048,0.34048,0.34048,0.34048,0.34048,0.34048
0.33244,0.33244,0.33244,0.33244,0.33244,0.33244,0.33244
0.32172,0.32172,0.32172,0.32172,0.32172,0.32172,0.32172
0.3244,0.3244,0.3244,0.3244,0.3244,0.3244,0.3244
0.34048,0.34048,0.34048,0.34048,0.34048,0.34048,0.34048
0.35389,0.35389,0.35389,0.35389,0.35389,0.35389,0.35389
0.37534,0.37534,0.37534,0.37534,0.37534,0.37534,0.37534
0.41019,0.41019,0.41019,0.41019,0.41019,0.41019,0.41019
0.437,0.437,0.437,0.437,0.437,0.437,0.437
0.46113,0.46113,0.46113,0.46113,0.46113,0.46113,0.46113
0.46917,0.46917,0.46917,0.46917,0.46917,0.46917,0.46917
0.47185,0.47185,0.47185,0.47185,0.47185,0.47185,0.47185
0.45308,0.45308,0.45308,0.45308,0.45308,0.45308,0.45308
0.44504,0.44504,0.44504,0.44504,0.44504,0.44504,0.44504
0.43432,0.43432,0.43432,0.43432,0.43432,0.43432,0.43432
0.40751,0.40751,0.40751,0.40751,0.40751,0.40751,0.40751
0.39946,0.39946,0.39946,0.39946,0.39946,0.39946,0.39946
0.39946,0.39946,0.39946,0.39946,0.39946,0.39946,0.39946
0.38338,0.38338,0.38338,0.38338,0.38338,0.38338,0.38338
0.37802,0.37802,0.37802,0.37802,0.37802,0.37802,0.37802
0.37802,0.37802,0.37802,0.37802,0.37802,0.37802,0.37802
0.37802,0.37802,0.37802,0.37802,0.37802,0.37802,0.37802
0.3807,0.3807,0.3807,0.3807,0.3807,0.3807,0.3807
0.38338,0.38338,0.38338,0.38338,0.38338,0.38338,0.38338
0.38606,0.38606,0.38606,0.38606,0.38606,0.38606,0.38606
0.3941,0.3941,0.3941,0.3941,0.3941,0.3941,0.3941
0.39678,0.39678,0.39678,0.39678,0.39678,0.39678,0.39678
0.38874,0.38874,0.38874,0.38874,0.38874,0.38874,0.38874
0.38874,0.38874,0.38874,0.38874,0.38874,0.38874,0.38874
0.40214,0.40214,0.40214,0.40214,0.40214,0.40214,0.40214
0.41019,0.41019,0.41019,0.41019,0.41019,0.41019,0.41019
0.43164,0.43164,0.43164,0.43164,0.43164,0.43164,0.43164
0.437,0.437,0.437,0.437,0.437,0.437,0.437
0.4504,0.4504,0.4504,0.4504,0.4504,0.4504,0.4504
0.46381,0.46381,0.46381,0.46381,0.46381,0.46381,0.46381
0.46649,0.46649,0.46649,0.46649,0.46649,0.46649,0.46649
0.46649,0.46649,0.46649,0.46649,0.46649,0.46649,0.46649
0.46381,0.46381,0.46381,0.46381,0.46381,0.46381,0.46381
0.45845,0.45845,0.45845,0.45845,0.45845,0.45845,0.45845
0.45308,0.45308,0.45308,0.45308,0.45308,0.45308,0.45308
0.44504,0.44504,0.44504,0.44504,0.44504,0.44504,0.44504
0.43432,0.43432,0.43432,0.43432,0.43432,0.43432,0.43432
0.41823,0.41823,0.41823,0.41823,0.41823,0.41823,0.41823
0.41019,0.41019,0.41019,0.41019,0.41019,0.41019,0.41019
0.40751,0.40751,0.40751,0.40751,0.40751,0.40751,0.40751
0.40483,0.40483,0.40483,0.40483,0.40483,0.40483,0.40483
0.40483,0.40483,0.40483,0.40483,0.40483,0.40483,0.40483
0.40751,0.40751,0.40751,0.40751,0.40751,0.40751,0.40751
0.40214,0.40214,0.40214,0.40214,0.40214,0.40214,0.40214
0.39946,0.39946,0.39946,0.39946,0.39946,0.39946,0.39946
0.38606,0.38606,0.38606,0.38606,0.38606,0.38606,0.38606
0.37534,0.37534,0.37534,0.37534,0.37534,0.37534,0.37534
0.38606,0.38606,0.38606,0.38606,0.38606,0.38606,0.38606
0.3941,0.3941,0.3941,0.3941,0.3941,0.3941,0.3941
0.39946,0.39946,0.39946,0.39946,0.39946,0.39946,0.39946
0.40751,0.40751,0.40751,0.40751,0.40751,0.40751,0.40751
0.41555,0.41555,0.41555,0.41555,0.41555,0.41555,0.41555
0.41287,0.41287,0.41287,0.41287,0.41287,0.41287,0.41287
0.41019,0.41019,0.41019,0.41019,0.41019,0.41019,0.41019
0.40483,0.40483,0.40483,0.40483,0.40483,0.40483,0.40483
0.40751,0.40751,0.40751,0.40751,0.40751,0.40751,0.40751
0.40751,0.40751,0.40751,0.40751,0.40751,0.40751,0.40751
0.40751,0.40751,0.40751,0.40751,0.40751,0.40751,0.40751
0.40214,0.40214,0.40214,0.40214,0.40214,0.40214,0.40214
0.39946,0.39946,0.39946,0.39946,0.39946,0.39946,0.39946
0.39946,0.39946,0.39946,0.39946,0.39946,0.39946,0.39946
0.40751,0.40751,0.40751,0.40751,0.40751,0.40751,0.40751
0.40751,0.40751,0.40751,0.40751,0.40751,0.40751,0.40751
0.41287,0.41287,0.41287,0.41287,0.41287,0.41287,0.41287
0.41287,0.41287,0.41287,0.41287,0.41287,0.41287,0.41287
0.41287,0.41287,0.41287,0.41287,0.41287,0.41287,0.41287
0.41019,0.41019,0.41019,0.41019,0.41019,0.41019,0.41019
0.41019,0.41019,0.41019,0.41019,0.41019,0.41019,0.41019
0.40483,0.40483,0.40483,0.40483,0.40483,0.40483,0.40483
0.40214,0.40214,0.40214,0.40214,0.40214,0.40214,0.40214
0.39678,0.39678,0.39678,0.39678,0.39678,0.39678,0.39678
0.40751,0.40751,0.40751,0.40751,0.40751,0.40751,0.40751
0.44236,0.44236,0.44236,0.44236,0.44236,0.44236,0.44236
0.47185,0.47185,0.47185,0.47185,0.47185,0.47185,0.47185
0.48794,0.48794,0.48794,0.48794,0.48794,0.48794,0.48794
0.48257,0.48257,0.48257,0.48257,0.48257,0.48257,0.48257
0.47185,0.47185,0.47185,0.47185,0.47185,0.47185,0.47185
0.47185,0.47185,0.47185,0.47185,0.47185,0.47185,0.47185
0.47453,0.47453,0.47453,0.47453,0.47453,0.47453,0.47453
0.47989,0.47989,0.47989,0.47989,0.47989,0.47989,0.47989
0.47453,0.47453,0.47453,0.47453,0.47453,0.47453,0.47453
0.47185,0.47185,0.47185,0.47185,0.47185,0.47185,0.47185
0.45845,0.45845,0.45845,0.45845,0.45845,0.45845,0.45845
0.44772,0.44772,0.44772,0.44772,0.44772,0.44772,0.44772
0.44504,0.44504,0.44504,0.44504,0.44504,0.44504,0.44504
0.43432,0.43432,0.43432,0.43432,0.43432,0.43432,0.43432
0.42627,0.42627,0.42627,0.42627,0.42627,0.42627,0.42627
0.42627,0.42627,0.42627,0.42627,0.42627,0.42627,0.42627
0.41823,0.41823,0.41823,0.41823,0.41823,0.41823,0.41823
0.42091,0.42091,0.42091,0.42091,0.42091,0.42091,0.42091
0.42359,0.42359,0.42359,0.42359,0.42359,0.42359,0.42359
0.41823,0.41823,0.41823,0.41823,0.41823,0.41823,0.41823
0.41287,0.41287,0.41287,0.41287,0.41287,0.41287,0.41287
0.41287,0.41287,0.41287,0.41287,0.41287,0.41287,0.41287
0.41555,0.41555,0.41555,0.41555,0.41555,0.41555,0.41555
0.41823,0.41823,0.41823,0.41823,0.41823,0.41823,0.41823
0.42359,0.42359,0.42359,0.42359,0.42359,0.42359,0.42359
0.44504,0.44504,0.44504,0.44504,0.44504,0.44504,0.44504
0.46917,0.46917,0.46917,0.46917,0.46917,0.46917,0.46917
0.48525,0.48525,0.48525,0.48525,0.48525,0.48525,0.48525
0.48525,0.48525,0.48525,0.48525,0.48525,0.48525,0.48525
0.47721,0.47721,0.47721,0.47721,0.47721,0.47721,0.47721
0.46649,0.46649,0.46649,0.46649,0.46649,0.46649,0.46649
0.44504,0.44504,0.44504,0.44504,0.44504,0.44504,0.44504
0.42359,0.42359,0.42359,0.42359,0.42359,0.42359,0.42359
0.40214,0.40214,0.40214,0.40214,0.40214,0.40214,0.40214
0.38338,0.38338,0.38338,0.38338,0.38338,0.38338,0.38338
0.37802,0.37802,0.37802,0.37802,0.37802,0.37802,0.37802
0.39678,0.39678,0.39678,0.39678,0.39678,0.39678,0.39678
0.39142,0.39142,0.39142,0.39142,0.39142,0.39142,0.39142
0.37265,0.37265,0.37265,0.37265,0.37265,0.37265,0.37265
0.35657,0.35657,0.35657,0.35657,0.35657,0.35657,0.35657
0.34048,0.34048,0.34048,0.34048,0.34048,0.34048,0.34048
0.32976,0.32976,0.32976,0.32976,0.32976,0.32976,0.32976
0.32708,0.32708,0.32708,0.32708,0.32708,0.32708,0.32708
0.3244,0.3244,0.3244,0.3244,0.3244,0.3244,0.3244
0.31099,0.31099,0.31099,0.31099,0.31099,0.31099,0.31099
0.30027,0.30027,0.30027,0.30027,0.30027,0.30027,0.30027
0.29491,0.29491,0.29491,0.29491,0.29491,0.29491,0.29491
0.30563,0.30563,0.30563,0.30563,0.30563,0.30563,0.30563
0.34853,0.34853,0.34853,0.34853,0.34853,0.34853,0.34853
0.39678,0.39678,0.39678,0.39678,0.39678,0.39678,0.39678
0.41555,0.41555,0.41555,0.41555,0.41555,0.41555,0.41555
0.41823,0.41823,0.41823,0.41823,0.41823,0.41823,0.41823
0.44504,0.44504,0.44504,0.44504,0.44504,0.44504,0.44504
0.46649,0.46649,0.46649,0.46649,0.46649,0.46649,0.46649
0.46113,0.46113,0.46113,0.46113,0.46113,0.46113,0.46113
0.43164,0.43164,0.43164,0.43164,0.43164,0.43164,0.43164
0.40214,0.40214,0.40214,0.40214,0.40214,0.40214,0.40214
0.37802,0.37802,0.37802,0.37802,0.37802,0.37802,0.37802
0.34853,0.34853,0.34853,0.34853,0.34853,0.34853,0.34853
0.3244,0.3244,0.3244,0.3244,0.3244,0.3244,0.3244
0.30563,0.30563,0.30563,0.30563,0.30563,0.30563,0.30563
0.27882,0.27882,0.27882,0.27882,0.27882,0.27882,0.27882
0.27346,0.27346,0.27346,0.27346,0.27346,0.27346,0.27346
0.26542,0.26542,0.26542,0.26542,0.26542,0.26542,0.26542
0.25469,0.25469,0.25469,0.25469,0.25469,0.25469,0.25469
0.24665,0.24665,0.24665,0.24665,0.24665,0.24665,0.24665
0.23324,0.23324,0.23324,0.23324,0.23324,0.23324,0.23324
0.22788,0.22788,0.22788,0.22788,0.22788,0.22788,0.22788
0.23592,0.23592,0.23592,0.23592,0.23592,0.23592,0.23592
0.24397,0.24397,0.24397,0.24397,0.24397,0.24397,0.24397
0.25201,0.25201,0.25201,0.25201,0.25201,0.25201,0.25201
0.27078,0.27078,0.27078,0.27078,0.27078,0.27078,0.27078
0.28418,0.28418,0.28418,0.28418,0.28418,0.28418,0.28418
0.30563,0.30563,0.30563,0.30563,0.30563,0.30563,0.30563
0.32708,0.32708,0.32708,0.32708,0.32708,0.32708,0.32708
0.32172,0.32172,0.32172,0.32172,0.32172,0.32172,0.32172
0.31635,0.31635,0.31635,0.31635,0.31635,0.31635,0.31635
0.31635,0.31635,0.31635,0.31635,0.31635,0.31635,0.31635
0.31635,0.31635,0.31635,0.31635,0.31635,0.31635,0.31635
0.32172,0.32172,0.32172,0.32172,0.32172,0.32172,0.32172
0.32172,0.32172,0.32172,0.32172,0.32172,0.32172,0.32172
0.31367,0.31367,0.31367,0.31367,0.31367,0.31367,0.31367
0.31367,0.31367,0.31367,0.31367,0.31367,0.31367,0.31367
0.30563,0.30563,0.30563,0.30563,0.30563,0.30563,0.30563
0.28954,0.28954,0.28954,0.28954,0.28954,0.28954,0.28954
0.27882,0.27882,0.27882,0.27882,0.27882,0.27882,0.27882
0.25737,0.25737,0.25737,0.25737,0.25737,0.25737,0.25737
0.23592,0.23592,0.23592,0.23592,0.23592,0.23592,0.23592
0.2118,0.2118,0.2118,0.2118,0.2118,0.2118,0.2118
0.20107,0.20107,0.20107,0.20107,0.20107,0.20107,0.20107
0.18767,0.18767,0.18767,0.18767,0.18767,0.18767,0.18767
0.18231,0.18231,0.18231,0.18231,0.18231,0.18231,0.18231
0.17426,0.17426,0.17426,0.17426,0.17426,0.17426,0.17426
0.15282,0.15282,0.15282,0.15282,0.15282,0.15282,0.15282
0.14209,0.14209,0.14209,0.14209,0.14209,0.14209,0.14209
0.15013,0.15013,0.15013,0.15013,0.15013,0.15013,0.15013
0.17426,0.17426,0.17426,0.17426,0.17426,0.17426,0.17426
0.21448,0.21448,0.21448,0.21448,0.21448,0.21448,0.21448
0.23861,0.23861,0.23861,0.23861,0.23861,0.23861,0.23861
0.24665,0.24665,0.24665,0.24665,0.24665,0.24665,0.24665
0.24665,0.24665,0.24665,0.24665,0.24665,0.24665,0.24665
0.25201,0.25201,0.25201,0.25201,0.25201,0.25201,0.25201
0.24933,0.24933,0.24933,0.24933,0.24933,0.24933,0.24933
0.23861,0.23861,0.23861,0.23861,0.23861,0.23861,0.23861
0.21984,0.21984,0.21984,0.21984,0.21984,0.21984,0.21984
0.20107,0.20107,0.20107,0.20107,0.20107,0.20107,0.20107
0.17694,0.17694,0.17694,0.17694,0.17694,0.17694,0.17694
0.1689,0.1689,0.1689,0.1689,0.1689,0.1689,0.1689
0.1689,0.1689,0.1689,0.1689,0.1689,0.1689,0.1689
0.17426,0.17426,0.17426,0.17426,0.17426,0.17426,0.17426
0.17694,0.17694,0.17694,0.17694,0.17694,0.17694,0.17694
0.16622,0.16622,0.16622,0.16622,0.16622,0.16622,0.16622
0.13941,0.13941,0.13941,0.13941,0.13941,0.13941,0.13941
0.12332,0.12332,0.12332,0.12332,0.12332,0.12332,0.12332
0.11528,0.11528,0.11528,0.11528,0.11528,0.11528,0.11528
0.1126,0.1126,0.1126,0.1126,0.1126,0.1126,0.1126
0.10456,0.10456,0.10456,0.10456,0.10456,0.10456,0.10456
0.099196,0.099196,0.099196,0.099196,0.099196,0.099196,0.099196
0.088472,0.088472,0.088472,0.088472,0.088472,0.088472,0.088472
0.10992,0.10992,0.10992,0.10992,0.10992,0.10992,0.10992
0.15282,0.15282,0.15282,0.15282,0.15282,0.15282,0.15282
0.22252,0.22252,0.22252,0.22252,0.22252,0.22252,0.22252
0.26542,0.26542,0.26542,0.26542,0.26542,0.26542,0.26542
0.28954,0.28954,0.28954,0.28954,0.28954,0.28954,0.28954
0.30295,0.30295,0.30295,0.30295,0.30295,0.30295,0.30295
0.29759,0.29759,0.29759,0.29759,0.29759,0.29759,0.29759
0.29759,0.29759,0.29759,0.29759,0.29759,0.29759,0.29759
0.27346,0.27346,0.27346,0.27346,0.27346,0.27346,0.27346
0.23324,0.23324,0.23324,0.23324,0.23324,0.23324,0.23324
0.19035,0.19035,0.19035,0.19035,0.19035,0.19035,0.19035
0.17694,0.17694,0.17694,0.17694,0.17694,0.17694,0.17694
0.16354,0.16354,0.16354,0.16354,0.16354,0.16354,0.16354
0.1555,0.1555,0.1555,0.1555,0.1555,0.1555,0.1555
0.15282,0.15282,0.15282,0.15282,0.15282,0.15282,0.15282
0.14477,0.14477,0.14477,0.14477,0.14477,0.14477,0.14477
0.14209,0.14209,0.14209,0.14209,0.14209,0.14209,0.14209
0.14209,0.14209,0.14209,0.14209,0.14209,0.14209,0.14209
0.15818,0.15818,0.15818,0.15818,0.15818,0.15818,0.15818
0.17426,0.17426,0.17426,0.17426,0.17426,0.17426,0.17426
0.17694,0.17694,0.17694,0.17694,0.17694,0.17694,0.17694
0.17426,0.17426,0.17426,0.17426,0.17426,0.17426,0.17426
0.19035,0.19035,0.19035,0.19035,0.19035,0.19035,0.19035
0.19839,0.19839,0.19839,0.19839,0.19839,0.19839,0.19839
0.20912,0.20912,0.20912,0.20912,0.20912,0.20912,0.20912
0.22252,0.22252,0.22252,0.22252,0.22252,0.22252,0.22252
0.24933,0.24933,0.24933,0.24933,0.24933,0.24933,0.24933
0.29491,0.29491,0.29491,0.29491,0.29491,0.29491,0.29491
0.33512,0.33512,0.33512,0.33512,0.33512,0.33512,0.33512
0.33244,0.33244,0.33244,0.33244,0.33244,0.33244,0.33244
0.34048,0.34048,0.34048,0.34048,0.34048,0.34048,0.34048
0.33244,0.33244,0.33244,0.33244,0.33244,0.33244,0.33244
0.30563,0.30563,0.30563,0.30563,0.30563,0.30563,0.30563
0.29759,0.29759,0.29759,0.29759,0.29759,0.29759,0.29759
0.2681,0.2681,0.2681,0.2681,0.2681,0.2681,0.2681
0.25737,0.25737,0.25737,0.25737,0.25737,0.25737,0.25737
0.24129,0.24129,0.24129,0.24129,0.24129,0.24129,0.24129
0.22252,0.22252,0.22252,0.22252,0.22252,0.22252,0.22252
0.23056,0.23056,0.23056,0.23056,0.23056,0.23056,0.23056
0.22252,0.22252,0.22252,0.22252,0.22252,0.22252,0.22252
0.20375,0.20375,0.20375,0.20375,0.20375,0.20375,0.20375
0.19303,0.19303,0.19303,0.19303,0.19303,0.19303,0.19303
0.20912,0.20912,0.20912,0.20912,0.20912,0.20912,0.20912
0.22252,0.22252,0.22252,0.22252,0.22252,0.22252,0.22252
0.24397,0.24397,0.24397,0.24397,0.24397,0.24397,0.24397
0.26005,0.26005,0.26005,0.26005,0.26005,0.26005,0.26005
0.24933,0.24933,0.24933,0.24933,0.24933,0.24933,0.24933
0.25469,0.25469,0.25469,0.25469,0.25469,0.25469,0.25469
0.27346,0.27346,0.27346,0.27346,0.27346,0.27346,0.27346
0.31099,0.31099,0.31099,0.31099,0.31099,0.31099,0.31099
0.35389,0.35389,0.35389,0.35389,0.35389,0.35389,0.35389
0.37534,0.37534,0.37534,0.37534,0.37534,0.37534,0.37534
0.38874,0.38874,0.38874,0.38874,0.38874,0.38874,0.38874
0.39678,0.39678,0.39678,0.39678,0.39678,0.39678,0.39678
0.3941,0.3941,0.3941,0.3941,0.3941,0.3941,0.3941
0.39142,0.39142,0.39142,0.39142,0.39142,0.39142,0.39142
0.34048,0.34048,0.34048,0.34048,0.34048,0.34048,0.34048
0.30027,0.30027,0.30027,0.30027,0.30027,0.30027,0.30027
0.2815,0.2815,0.2815,0.2815,0.2815,0.2815,0.2815
0.27078,0.27078,0.27078,0.27078,0.27078,0.27078,0.27078
0.2681,0.2681,0.2681,0.2681,0.2681,0.2681,0.2681
0.23324,0.23324,0.23324,0.23324,0.23324,0.23324,0.23324
0.20643,0.20643,0.20643,0.20643,0.20643,0.20643,0.20643
0.19571,0.19571,0.19571,0.19571,0.19571,0.19571,0.19571
0.19035,0.19035,0.19035,0.19035,0.19035,0.19035,0.19035
0.21984,0.21984,0.21984,0.21984,0.21984,0.21984,0.21984
0.23861,0.23861,0.23861,0.23861,0.23861,0.23861,0.23861
0.23592,0.23592,0.23592,0.23592,0.23592,0.23592,0.23592
0.22252,0.22252,0.22252,0.22252,0.22252,0.22252,0.22252
0.23056,0.23056,0.23056,0.23056,0.23056,0.23056,0.23056
0.22788,0.22788,0.22788,0.22788,0.22788,0.22788,0.22788
0.22252,0.22252,0.22252,0.22252,0.22252,0.22252,0.22252
0.22252,0.22252,0.22252,0.22252,0.22252,0.22252,0.22252
0.24665,0.24665,0.24665,0.24665,0.24665,0.24665,0.24665
0.2815,0.2815,0.2815,0.2815,0.2815,0.2815,0.2815
0.2815,0.2815,0.2815,0.2815,0.2815,0.2815,0.2815
0.28954,0.28954,0.28954,0.28954,0.28954,0.28954,0.28954
0.28418,0.28418,0.28418,0.28418,0.28418,0.28418,0.28418
0.27346,0.27346,0.27346,0.27346,0.27346,0.27346,0.27346
0.27078,0.27078,0.27078,0.27078,0.27078,0.27078,0.27078
0.26542,0.26542,0.26542,0.26542,0.26542,0.26542,0.26542
0.26005,0.26005,0.26005,0.26005,0.26005,0.26005,0.26005
0.26005,0.26005,0.26005,0.26005,0.26005,0.26005,0.26005
0.25201,0.25201,0.25201,0.25201,0.25201,0.25201,0.25201
0.24397,0.24397,0.24397,0.24397,0.24397,0.24397,0.24397
0.24665,0.24665,0.24665,0.24665,0.24665,0.24665,0.24665
0.24665,0.24665,0.24665,0.24665,0.24665,0.24665,0.24665
0.25201,0.25201,0.25201,0.25201,0.25201,0.25201,0.25201
0.24665,0.24665,0.24665,0.24665,0.24665,0.24665,0.24665
0.24933,0.24933,0.24933,0.24933,0.24933,0.24933,0.24933
0.25201,0.25201,0.25201,0.25201,0.25201,0.25201,0.25201
0.26005,0.26005,0.26005,0.26005,0.26005,0.26005,0.26005
0.26542,0.26542,0.26542,0.26542,0.26542,0.26542,0.26542
0.26542,0.26542,0.26542,0.26542,0.26542,0.26542,0.26542
0.26542,0.26542,0.26542,0.26542,0.26542,0.26542,0.26542
0.2681,0.2681,0.2681,0.2681,0.2681,0.2681,0.2681
0.27614,0.27614,0.27614,0.27614,0.27614,0.27614,0.27614
0.27882,0.27882,0.27882,0.27882,0.27882,0.27882,0.27882
0.28686,0.28686,0.28686,0.28686,0.28686,0.28686,0.28686
0.29223,0.29223,0.29223,0.29223,0.29223,0.29223,0.29223
0.29759,0.29759,0.29759,0.29759,0.29759,0.29759,0.29759
0.30027,0.30027,0.30027,0.30027,0.30027,0.30027,0.30027
0.29491,0.29491,0.29491,0.29491,0.29491,0.29491,0.29491
0.28686,0.28686,0.28686,0.28686,0.28686,0.28686,0.28686
0.28418,0.28418,0.28418,0.28418,0.28418,0.28418,0.28418
0.28954,0.28954,0.28954,0.28954,0.28954,0.28954,0.28954
0.28686,0.28686,0.28686,0.28686,0.28686,0.28686,0.28686
0.29223,0.29223,0.29223,0.29223,0.29223,0.29223,0.29223
0.29759,0.29759,0.29759,0.29759,0.29759,0.29759,0.29759
0.28954,0.28954,0.28954,0.28954,0.28954,0.28954,0.28954
0.27882,0.27882,0.27882,0.27882,0.27882,0.27882,0.27882
0.27614,0.27614,0.27614,0.27614,0.27614,0.27614,0.27614
0.2815,0.2815,0.2815,0.2815,0.2815,0.2815,0.2815
0.27614,0.27614,0.27614,0.27614,0.27614,0.27614,0.27614
0.27346,0.27346,0.27346,0.27346,0.27346,0.27346,0.27346
0.27882,0.27882,0.27882,0.27882,0.27882,0.27882,0.27882
0.27882,0.27882,0.27882,0.27882,0.27882,0.27882,0.27882
0.27346,0.27346,0.27346,0.27346,0.27346,0.27346,0.27346
0.27882,0.27882,0.27882,0.27882,0.27882,0.27882,0.27882
0.27882,0.27882,0.27882,0.27882,0.27882,0.27882,0.27882
0.28686,0.28686,0.28686,0.28686,0.28686,0.28686,0.28686
0.29491,0.29491,0.29491,0.29491,0.29491,0.29491,0.29491
0.29491,0.29491,0.29491,0.29491,0.29491,0.29491,0.29491
0.29759,0.29759,0.29759,0.29759,0.29759,0.29759,0.29759
0.29223,0.29223,0.29223,0.29223,0.29223,0.29223,0.29223
0.29223,0.29223,0.29223,0.29223,0.29223,0.29223,0.29223
0.29223,0.29223,0.29223,0.29223,0.29223,0.29223,0.29223
0.29491,0.29491,0.29491,0.29491,0.29491,0.29491,0.29491
0.29491,0.29491,0.29491,0.29491,0.29491,0.29491,0.29491
0.29759,0.29759,0.29759,0.29759,0.29759,0.29759,0.29759
0.29491,0.29491,0.29491,0.29491,0.29491,0.29491,0.29491
0.29491,0.29491,0.29491,0.29491,0.29491,0.29491,0.29491
0.28686,0.28686,0.28686,0.28686,0.28686,0.28686,0.28686
0.2815,0.2815,0.2815,0.2815,0.2815,0.2815,0.2815
0.25469,0.25469,0.25469,0.25469,0.25469,0.25469,0.25469
0.24397,0.24397,0.24397,0.24397,0.24397,0.24397,0.24397
0.25469,0.25469,0.25469,0.25469,0.25469,0.25469,0.25469
0.25737,0.25737,0.25737,0.25737,0.25737,0.25737,0.25737
0.27882,0.27882,0.27882,0.27882,0.27882,0.27882,0.27882
0.27346,0.27346,0.27346,0.27346,0.27346,0.27346,0.27346
0.24933,0.24933,0.24933,0.24933,0.24933,0.24933,0.24933
0.24665,0.24665,0.24665,0.24665,0.24665,0.24665,0.24665
0.24933,0.24933,0.24933,0.24933,0.24933,0.24933,0.24933
0.25469,0.25469,0.25469,0.25469,0.25469,0.25469,0.25469
0.25469,0.25469,0.25469,0.25469,0.25469,0.25469,0.25469
0.27614,0.27614,0.27614,0.27614,0.27614,0.27614,0.27614
0.30831,0.30831,0.30831,0.30831,0.30831,0.30831,0.30831
0.3378,0.3378,0.3378,0.3378,0.3378,0.3378,0.3378
0.36729,0.36729,0.36729,0.36729,0.36729,0.36729,0.36729
0.36461,0.36461,0.36461,0.36461,0.36461,0.36461,0.36461
0.35657,0.35657,0.35657,0.35657,0.35657,0.35657,0.35657
0.34316,0.34316,0.34316,0.34316,0.34316,0.34316,0.34316
0.30027,0.30027,0.30027,0.30027,0.30027,0.30027,0.30027
0.27346,0.27346,0.27346,0.27346,0.27346,0.27346,0.27346
0.26005,0.26005,0.26005,0.26005,0.26005,0.26005,0.26005
0.25469,0.25469,0.25469,0.25469,0.25469,0.25469,0.25469
0.25201,0.25201,0.25201,0.25201,0.25201,0.25201,0.25201
0.25201,0.25201,0.25201,0.25201,0.25201,0.25201,0.25201
0.25201,0.25201,0.25201,0.25201,0.25201,0.25201,0.25201
0.23056,0.23056,0.23056,0.23056,0.23056,0.23056,0.23056
0.21448,0.21448,0.21448,0.21448,0.21448,0.21448,0.21448
0.20107,0.20107,0.20107,0.20107,0.20107,0.20107,0.20107
0.19303,0.19303,0.19303,0.19303,0.19303,0.19303,0.19303
0.17158,0.17158,0.17158,0.17158,0.17158,0.17158,0.17158
0.15818,0.15818,0.15818,0.15818,0.15818,0.15818,0.15818
0.1555,0.1555,0.1555,0.1555,0.1555,0.1555,0.1555
0.1555,0.1555,0.1555,0.1555,0.1555,0.1555,0.1555
0.13137,0.13137,0.13137,0.13137,0.13137,0.13137,0.13137
0.14209,0.14209,0.14209,0.14209,0.14209,0.14209,0.14209
0.19839,0.19839,0.19839,0.19839,0.19839,0.19839,0.19839
0.20643,0.20643,0.20643,0.20643,0.20643,0.20643,0.20643
0.20107,0.20107,0.20107,0.20107,0.20107,0.20107,0.20107
0.20375,0.20375,0.20375,0.20375,0.20375,0.20375,0.20375
0.21448,0.21448,0.21448,0.21448,0.21448,0.21448,0.21448
0.21716,0.21716,0.21716,0.21716,0.21716,0.21716,0.21716
0.20107,0.20107,0.20107,0.20107,0.20107,0.20107,0.20107
0.19035,0.19035,0.19035,0.19035,0.19035,0.19035,0.19035
0.19035,0.19035,0.19035,0.19035,0.19035,0.19035,0.19035
0.17426,0.17426,0.17426,0.17426,0.17426,0.17426,0.17426
0.16354,0.16354,0.16354,0.16354,0.16354,0.16354,0.16354
0.15818,0.15818,0.15818,0.15818,0.15818,0.15818,0.15818
0.14745,0.14745,0.14745,0.14745,0.14745,0.14745,0.14745
0.14745,0.14745,0.14745,0.14745,0.14745,0.14745,0.14745
0.10992,0.10992,0.10992,0.10992,0.10992,0.10992,0.10992
0.10724,0.10724,0.10724,0.10724,0.10724,0.10724,0.10724
0.10724,0.10724,0.10724,0.10724,0.10724,0.10724,0.10724
0.10188,0.10188,0.10188,0.10188,0.10188,0.10188,0.10188
0.091153,0.091153,0.091153,0.091153,0.091153,0.091153,0.091153
0.085791,0.085791,0.085791,0.085791,0.085791,0.085791,0.085791
0.096515,0.096515,0.096515,0.096515,0.096515,0.096515,0.096515
0.11528,0.11528,0.11528,0.11528,0.11528,0.11528,0.11528
0.12869,0.12869,0.12869,0.12869,0.12869,0.12869,0.12869
0.14209,0.14209,0.14209,0.14209,0.14209,0.14209,0.14209
0.17158,0.17158,0.17158,0.17158,0.17158,0.17158,0.17158
0.23324,0.23324,0.23324,0.23324,0.23324,0.23324,0.23324
0.2681,0.2681,0.2681,0.2681,0.2681,0.2681,0.2681
0.27614,0.27614,0.27614,0.27614,0.27614,0.27614,0.27614
0.28954,0.28954,0.28954,0.28954,0.28954,0.28954,0.28954
0.31903,0.31903,0.31903,0.31903,0.31903,0.31903,0.31903
0.31099,0.31099,0.31099,0.31099,0.31099,0.31099,0.31099
0.23592,0.23592,0.23592,0.23592,0.23592,0.23592,0.23592
0.21716,0.21716,0.21716,0.21716,0.21716,0.21716,0.21716
0.17158,0.17158,0.17158,0.17158,0.17158,0.17158,0.17158
0.1555,0.1555,0.1555,0.1555,0.1555,0.1555,0.1555
0.1555,0.1555,0.1555,0.1555,0.1555,0.1555,0.1555
0.13941,0.13941,0.13941,0.13941,0.13941,0.13941,0.13941
0.12601,0.12601,0.12601,0.12601,0.12601,0.12601,0.12601
0.11528,0.11528,0.11528,0.11528,0.11528,0.11528,0.11528
0.10188,0.10188,0.10188,0.10188,0.10188,0.10188,0.10188
0.08311,0.08311,0.08311,0.08311,0.08311,0.08311,0.08311
0.08311,0.08311,0.08311,0.08311,0.08311,0.08311,0.08311
0.064343,0.064343,0.064343,0.064343,0.064343,0.064343,0.064343
0.067024,0.067024,0.067024,0.067024,0.067024,0.067024,0.067024
0.069705,0.069705,0.069705,0.069705,0.069705,0.069705,0.069705
0.058981,0.058981,0.058981,0.058981,0.058981,0.058981,0.058981
0.0563,0.0563,0.0563,0.0563,0.0563,0.0563,0.0563
0.077748,0.077748,0.077748,0.077748,0.077748,0.077748,0.077748
0.1126,0.1126,0.1126,0.1126,0.1126,0.1126,0.1126
0.13941,0.13941,0.13941,0.13941,0.13941,0.13941,0.13941
0.14745,0.14745,0.14745,0.14745,0.14745,0.14745,0.14745
0.18231,0.18231,0.18231,0.18231,0.18231,0.18231,0.18231
0.20375,0.20375,0.20375,0.20375,0.20375,0.20375,0.20375
0.21716,0.21716,0.21716,0.21716,0.21716,0.21716,0.21716
0.20912,0.20912,0.20912,0.20912,0.20912,0.20912,0.20912
0.17426,0.17426,0.17426,0.17426,0.17426,0.17426,0.17426
0.13673,0.13673,0.13673,0.13673,0.13673,0.13673,0.13673
0.13137,0.13137,0.13137,0.13137,0.13137,0.13137,0.13137
0.13137,0.13137,0.13137,0.13137,0.13137,0.13137,0.13137
0.13405,0.13405,0.13405,0.13405,0.13405,0.13405,0.13405
0.12601,0.12601,0.12601,0.12601,0.12601,0.12601,0.12601
0.11528,0.11528,0.11528,0.11528,0.11528,0.11528,0.11528
0.099196,0.099196,0.099196,0.099196,0.099196,0.099196,0.099196
0.10456,0.10456,0.10456,0.10456,0.10456,0.10456,0.10456
0.099196,0.099196,0.099196,0.099196,0.099196,0.099196,0.099196
0.10188,0.10188,0.10188,0.10188,0.10188,0.10188,0.10188
0.08311,0.08311,0.08311,0.08311,0.08311,0.08311,0.08311
0.064343,0.064343,0.064343,0.064343,0.064343,0.064343,0.064343
0.053619,0.053619,0.053619,0.053619,0.053619,0.053619,0.053619
0.0563,0.0563,0.0563,0.0563,0.0563,0.0563,0.0563
0.0563,0.0563,0.0563,0.0563,0.0563,0.0563,0.0563
0.085791,0.085791,0.085791,0.085791,0.085791,0.085791,0.085791
0.12601,0.12601,0.12601,0.12601,0.12601,0.12601,0.12601
0.17426,0.17426,0.17426,0.17426,0.17426,0.17426,0.17426
0.21448,0.21448,0.21448,0.21448,0.21448,0.21448,0.21448
0.24933,0.24933,0.24933,0.24933,0.24933,0.24933,0.24933
0.27614,0.27614,0.27614,0.27614,0.27614,0.27614,0.27614
0.24397,0.24397,0.24397,0.24397,0.24397,0.24397,0.24397
0.20375,0.20375,0.20375,0.20375,0.20375,0.20375,0.20375
0.17158,0.17158,0.17158,0.17158,0.17158,0.17158,0.17158
0.16622,0.16622,0.16622,0.16622,0.16622,0.16622,0.16622
0.16622,0.16622,0.16622,0.16622,0.16622,0.16622,0.16622
0.16622,0.16622,0.16622,0.16622,0.16622,0.16622,0.16622
0.15282,0.15282,0.15282,0.15282,0.15282,0.15282,0.15282
0.15013,0.15013,0.15013,0.15013,0.15013,0.15013,0.15013
0.14477,0.14477,0.14477,0.14477,0.14477,0.14477,0.14477
0.14477,0.14477,0.14477,0.14477,0.14477,0.14477,0.14477
0.13405,0.13405,0.13405,0.13405,0.13405,0.13405,0.13405
1.288,1.22122170212964,1.09182497421295,1.26524037570577,1.28533173457256,1.26113235104018,1.41513252220858
1.3017,1.22104012218531,1.09141638523444,1.26729402756449,1.28505638852922,1.25782424707431,1.43284177319109
1.3173,1.22178997058636,1.10702703890505,1.28793108812992,1.30954582641654,1.26999197783091,1.44291393164059
1.329,1.22749498228159,1.12634811946207,1.31095102239856,1.33516915878274,1.29076550736815,1.45730435329925
1.3374,1.2400953666442,1.1475150551497,1.33154585618743,1.34407177287797,1.30030187083458,1.46790908521947
1.3465,1.25516981359616,1.18228028582588,1.37073816868862,1.37426291541874,1.32861043242358,1.48594650092557
1.3602,1.27569667745117,1.19613163777224,1.37514265535259,1.40286183749038,1.34135788069573,1.50043348701076
1.3814,1.27207140350994,1.20839309372774,1.39540642075143,1.42461299078891,1.36812499062016,1.5224460706528
1.4022,1.29160252389177,1.2268888221908,1.38688543551282,1.46374582410371,1.40333687668415,1.5271403768097
1.3767,1.36828367836719,1.41967793222201,1.39456752724473,1.51863970210802,1.43376613662148,1.52342303079761
1.3669,1.34785258536801,1.3792008695314,1.37683371165357,1.49469084650027,1.42643274479547,1.46771580715003
1.3539,1.36480379729574,1.3927075921882,1.36950941401641,1.48952097458184,1.40980154068792,1.42185299304324
1.3494,1.27961403517825,1.31120571604447,1.2894471559837,1.45042610628322,1.40220239253907,1.37870020318861
1.3464,1.22962739659296,1.1165300633463,1.23724025419942,1.35472625654991,1.33696050117008,1.35393543347012
1.346,1.22436444990497,1.0638790080189,1.17848762145,1.32749876519842,1.31719138860558,1.29932168163339
1.309,1.20726163672868,1.07494867623523,1.16554163234163,1.30456094060127,1.26557888785373,1.29415408616071
1.3325,1.21681048995185,1.06766906817743,1.18927997620556,1.27894063535988,1.26385881967159,1.32195100138456
1.3522,1.2192072990963,1.06861345143221,1.18037928874134,1.26581959133384,1.25210969112395,1.35681540219395
1.3671,1.22160457979016,1.06914211744066,1.20206542900525,1.26723866409473,1.24516081071526,1.40154216906981
1.365,1.2191680579122,1.07178257019571,1.19700289709095,1.28113908769964,1.25417204390073,1.41664917622678
1.3592,1.22157533190157,1.06957430635461,1.20308256365984,1.26877364844621,1.24576028569962,1.42077627014491
1.34,1.21987745673357,1.06950955085412,1.20470950745552,1.27447875877725,1.24601705412386,1.41772338460866
1.3338,1.218438093085,1.070421721112,1.20794690076142,1.27437671462799,1.24304878913378,1.42159924353186
1.334,1.20925723700633,1.09199297717282,1.18192685282522,1.27757484633144,1.23993626008771,1.41338554518278
