small_1,small_de_2,all_3,all_de_4,small_5,small_de_6,all_7,all_de_8,small_9,small_de_10,all_11,all_de_12,small_13,small_de_14,all_15,all_de_16,small_17,small_de_18,all_19,all_de_20,small_21,small_de_22,all_23,all_de_24,small_25,small_de_26,all_27,all_de_28,original
0.947118759155273,1.04969930648804,0.854050517082214,1.13689291477203,1.26798164844513,1.24969089031219,1.29601812362671,1.25979328155518,1.26803398132324,1.2498277425766,1.28089308738708,1.25689613819122,1.26989483833313,1.24954414367676,1.27731585502625,1.25910079479218,1.26206839084625,1.07379865646362,1.27369570732117,1.07379770278931,1.27062106132507,1.0737978219986,1.26319050788879,1.07379758358002,1.26920437812805,1.25025177001953,1.2859628200531,1.25911152362823,1.3485
1.07122397422791,1.11854827404022,1.04812598228455,1.19023931026459,1.28102016448975,1.2722499370575,1.3088550567627,1.26882362365723,1.28103923797607,1.27237832546234,1.28989791870117,1.26605927944183,1.2825243473053,1.27210736274719,1.28554248809814,1.26810944080353,1.27548289299011,1.08296728134155,1.28062093257904,1.08296620845795,1.28307366371155,1.08296632766724,1.27156865596771,1.08296608924866,1.28166079521179,1.27280831336975,1.29665899276733,1.26801109313965,1.3564
1.15712261199951,1.17728877067566,1.16396546363831,1.23706018924713,1.29838454723358,1.29493021965027,1.32768678665161,1.28888857364655,1.29841411113739,1.2950747013092,1.3059401512146,1.28559577465057,1.30005168914795,1.29478585720062,1.30063986778259,1.28817546367645,1.29268622398376,1.0936986207962,1.29468810558319,1.09369766712189,1.30068254470825,1.09369778633118,1.28926038742065,1.0936975479126,1.29923915863037,1.29548931121826,1.31287288665771,1.28805589675903,1.3662
1.21616339683533,1.22272157669067,1.23434948921204,1.27457964420319,1.30298948287964,1.30029428005219,1.33816289901733,1.2957546710968,1.30301880836487,1.30044150352478,1.31348276138306,1.29347097873688,1.3046612739563,1.30014824867249,1.30634999275208,1.29541230201721,1.29728555679321,1.1028858423233,1.29931831359863,1.10288488864899,1.30529820919037,1.10288488864899,1.29949736595154,1.10288465023041,1.30384707450867,1.30085110664368,1.32104802131653,1.2950838804245,1.3757
1.26590657234192,1.26481461524963,1.28241324424744,1.30543887615204,1.33626699447632,1.34102201461792,1.35020017623901,1.30870473384857,1.33637917041779,1.34124267101288,1.32634091377258,1.3074312210083,1.33904027938843,1.34085953235626,1.31841492652893,1.30910778045654,1.32960653305054,1.1103630065918,1.3101978302002,1.11036193370819,1.34030783176422,1.11036205291748,1.31507468223572,1.1103618144989,1.33864402770996,1.34157574176788,1.33200860023499,1.30839920043945,1.3703
1.3054096698761,1.30476331710815,1.3190712928772,1.33660554885864,1.35522294044495,1.36410760879517,1.36938047409058,1.33077871799469,1.35534691810608,1.36434519290924,1.34499967098236,1.3295224905014,1.35819673538208,1.36394143104553,1.33492159843445,1.33109617233276,1.3483202457428,1.12074661254883,1.32680535316467,1.12074553966522,1.35950469970703,1.12074565887451,1.33478379249573,1.12074542045593,1.35786247253418,1.36465930938721,1.35074722766876,1.33043336868286,1.403
1.33558225631714,1.34447312355042,1.3475136756897,1.37203991413116,1.36385011672974,1.3835232257843,1.39145338535309,1.36393940448761,1.36391448974609,1.38370227813721,1.36314058303833,1.36096692085266,1.36611354351044,1.38337123394012,1.35328435897827,1.36367857456207,1.35744571685791,1.13589084148407,1.344886302948,1.13588976860046,1.36689376831055,1.13588988780975,1.35034537315369,1.13588964939117,1.3654797077179,1.38406074047089,1.37132906913757,1.36307573318481,1.4437
1.35850369930267,1.38256335258484,1.3720965385437,1.40727651119232,1.36818408966064,1.39794051647186,1.41562485694885,1.40169084072113,1.36823320388794,1.39807713031769,1.38372159004211,1.39679896831512,1.37031400203705,1.39776933193207,1.37522315979004,1.40065944194794,1.3617205619812,1.14968585968018,1.36604452133179,1.14968490600586,1.37079751491547,1.14968490600586,1.37075519561768,1.14968478679657,1.36961245536804,1.39834487438202,1.3936493396759,1.40056312084198,1.4872
1.37433171272278,1.41237127780914,1.38971281051636,1.4323422908783,1.37081789970398,1.41701292991638,1.42260754108429,1.41857087612152,1.37092280387878,1.41718745231628,1.39062476158142,1.41263055801392,1.37379026412964,1.41680920124054,1.38253176212311,1.41669058799744,1.36322045326233,1.15183162689209,1.37331759929657,1.15183067321777,1.37420153617859,1.15183067321777,1.37969517707825,1.15183043479919,1.37340092658997,1.41728985309601,1.40027749538422,1.41737842559814,1.4738
1.3858470916748,1.43309044837952,1.39883375167847,1.44664490222931,1.37590050697327,1.4285169839859,1.4184844493866,1.42587196826935,1.37597107887268,1.42866206169128,1.38970875740051,1.41833651065826,1.37852144241333,1.42828941345215,1.38205027580261,1.42304253578186,1.36836636066437,1.13963270187378,1.37470078468323,1.13963186740875,1.37843191623688,1.13963162899017,1.37252116203308,1.1396312713623,1.37797212600708,1.4286196231842,1.39946293830872,1.42407703399658,1.469
1.3939733505249,1.44044303894043,1.40236282348633,1.45059490203857,1.37483203411102,1.42542731761932,1.4102156162262,1.41797482967377,1.37498188018799,1.42564189434052,1.38390898704529,1.41270518302917,1.37850999832153,1.42518055438995,1.37822413444519,1.4166157245636,1.36622500419617,1.11531734466553,1.37071204185486,1.1153165102005,1.37878346443176,1.11531639099121,1.36185336112976,1.11531591415405,1.37837672233582,1.42550158500671,1.39195346832275,1.41704225540161,1.4701
1.39894318580627,1.43273568153381,1.40157389640808,1.44273781776428,1.38416886329651,1.41733026504517,1.40877318382263,1.4119861125946,1.38426923751831,1.417555809021,1.38338232040405,1.40753424167633,1.38736009597778,1.41710937023163,1.37793803215027,1.41010630130768,1.37556958198547,1.07980275154114,1.37265825271606,1.07980191707611,1.38683795928955,1.07980167865753,1.34951400756836,1.07980108261108,1.38699865341187,1.41749286651611,1.39321684837341,1.41073274612427,1.4702
1.40067839622498,1.42654657363892,1.39719843864441,1.43699955940247,1.37197923660278,1.40450847148895,1.40177893638611,1.40178537368774,1.37207698822021,1.40477609634399,1.37600100040436,1.39873337745667,1.3750913143158,1.40430331230164,1.37263178825378,1.40110409259796,1.3635413646698,1.05158448219299,1.3668247461319,1.05158376693726,1.3746337890625,1.05158340930939,1.33306264877319,1.05158305168152,1.37471270561218,1.40477073192596,1.38615274429321,1.40103769302368,1.4695
1.40210461616516,1.42267942428589,1.39081192016602,1.43197739124298,1.34958744049072,1.39315438270569,1.38914597034454,1.38946878910065,1.34967660903931,1.39343476295471,1.36434197425842,1.38766145706177,1.35228681564331,1.39295923709869,1.35973691940308,1.3891613483429,1.34236431121826,1.03118586540222,1.35301089286804,1.03118515014648,1.35253751277924,1.03118491172791,1.31220436096191,1.03118443489075,1.35185527801514,1.39348876476288,1.37449431419373,1.38892364501953,1.4683
1.39906573295593,1.42056167125702,1.38930988311768,1.43056011199951,1.31588637828827,1.36875534057617,1.37986266613007,1.38966405391693,1.31596803665161,1.36905264854431,1.3563324213028,1.38728308677673,1.31826496124268,1.36857962608337,1.35189533233643,1.38910281658173,1.30949878692627,1.02271592617035,1.34620034694672,1.02271521091461,1.31895101070404,1.02271485328674,1.30877590179443,1.02271437644958,1.31778597831726,1.3692193031311,1.36627388000488,1.38908529281616,1.4583
1.39870834350586,1.42097115516663,1.3872674703598,1.43008601665497,1.3098201751709,1.35723948478699,1.36512744426727,1.38217198848724,1.3099160194397,1.35754215717316,1.34225082397461,1.37890660762787,1.31230115890503,1.35707247257233,1.33771395683289,1.38092958927155,1.30356991291046,1.02251482009888,1.33198893070221,1.02251410484314,1.31341791152954,1.02251386642456,1.29791116714478,1.0225133895874,1.31186056137085,1.35777604579926,1.35147047042847,1.38114714622498,1.4575
1.40108275413513,1.42569506168365,1.38652122020721,1.43181824684143,1.32286787033081,1.35742568969727,1.35796117782593,1.37587451934814,1.32294178009033,1.3577139377594,1.33499276638031,1.37073087692261,1.32516646385193,1.35726463794708,1.32922077178955,1.37395787239075,1.31652188301086,1.02794802188873,1.32363677024841,1.02794718742371,1.32603514194489,1.02794706821442,1.29097676277161,1.02794671058655,1.32458353042603,1.35797739028931,1.34393858909607,1.37455534934998,1.4559
1.40347015857697,1.42957615852356,1.38630104064941,1.43291878700256,1.32197940349579,1.34415590763092,1.35067343711853,1.36016726493835,1.32210373878479,1.34445023536682,1.32770252227783,1.35549986362457,1.32489728927612,1.34398448467255,1.32244491577148,1.35866677761078,1.31516516208649,1.03632235527039,1.31565845012665,1.03632128238678,1.32618880271912,1.03632140159607,1.28685808181763,1.0363210439682,1.32456803321838,1.34470236301422,1.33573913574219,1.35896837711334,1.4557
1.40677976608276,1.4359085559845,1.38686048984528,1.43659126758575,1.33230650424957,1.3479984998703,1.35400795936584,1.35703325271606,1.3323802947998,1.34823787212372,1.33067679405212,1.35117447376251,1.33461976051331,1.34783923625946,1.32388401031494,1.35478758811951,1.32593810558319,1.04771912097931,1.31738877296448,1.04771792888641,1.33549451828003,1.04771816730499,1.28771018981934,1.04771780967712,1.33403491973877,1.34854519367218,1.33977520465851,1.35539472103119,1.4471
1.40612471103668,1.43821895122528,1.38827300071716,1.43940663337708,1.3220602273941,1.33468449115753,1.36067724227905,1.35835218429565,1.32206249237061,1.33484959602356,1.33530807495117,1.35049438476562,1.3234646320343,1.33454263210297,1.32916212081909,1.35549855232239,1.31642806529999,1.05837833881378,1.32265663146973,1.05837714672089,1.32376909255981,1.05837738513947,1.29299747943878,1.05837714672089,1.32251858711243,1.33523297309875,1.3454372882843,1.35624539852142,1.4171
1.4047669172287,1.43580758571625,1.38861751556396,1.43754100799561,1.31112241744995,1.32363331317902,1.35823166370392,1.34266901016235,1.31117463111877,1.32381117343903,1.33176183700562,1.33673369884491,1.31311690807343,1.32348310947418,1.32559156417847,1.34051358699799,1.30507528781891,1.06605124473572,1.31718707084656,1.06604993343353,1.31385397911072,1.0660502910614,1.29256939888,1.06605005264282,1.31242263317108,1.32417857646942,1.34123957157135,1.34106552600861,1.4262
1.40494823455811,1.43364417552948,1.38843393325806,1.43329226970673,1.31383919715881,1.32310366630554,1.35023140907288,1.32686531543732,1.31396496295929,1.32333397865295,1.32581615447998,1.32209193706512,1.31677269935608,1.32294118404388,1.31714558601379,1.32485008239746,1.3069816827774,1.07399761676788,1.30855596065521,1.07399642467499,1.31802463531494,1.07399678230286,1.29096388816833,1.0739963054657,1.31645429134369,1.32366466522217,1.3334014415741,1.32555651664734,1.4351
1.40880167484283,1.42999494075775,1.38925051689148,1.42582821846008,1.33301711082458,1.33167243003845,1.35057497024536,1.31894397735596,1.33311128616333,1.33187937736511,1.32605218887329,1.31355404853821,1.33558225631714,1.33151471614838,1.3162305355072,1.31697034835815,1.32645332813263,1.07758545875549,1.30846977233887,1.0775842666626,1.33662390708923,1.07758462429047,1.29259920120239,1.07758414745331,1.33509957790375,1.3322240114212,1.33381855487823,1.31736814975739,1.4435
1.41207766532898,1.42472672462463,1.39189577102661,1.41967558860779,1.34018635749817,1.33122539520264,1.36197948455811,1.31968510150909,1.34021949768066,1.33138072490692,1.33493804931641,1.31402122974396,1.34200727939606,1.33108186721802,1.32622003555298,1.31821942329407,1.33419394493103,1.07872903347015,1.31828308105469,1.07872784137726,1.34255838394165,1.07872807979584,1.30078625679016,1.07872784137726,1.34121513366699,1.33177626132965,1.34400677680969,1.31817615032196,1.4509
