small_1,small_de_2,all_3,all_de_4,small_5,small_de_6,all_7,all_de_8,small_9,small_de_10,all_11,all_de_12,small_13,small_de_14,all_15,all_de_16,small_17,small_de_18,all_19,all_de_20,small_21,small_de_22,all_23,all_de_24,small_25,small_de_26,all_27,all_de_28,original
1.36910808086395,1.317915558815,1.46662676334381,1.41059112548828,1.41434812545776,1.33588016033173,1.45367050170898,1.39617216587067,1.40202188491821,1.33110356330872,1.46026313304901,1.40328478813171,1.36731672286987,1.29605078697205,1.40312337875366,1.36449766159058,1.51158213615417,1.10351264476776,1.47512590885162,1.10351300239563,1.48110508918762,1.10351240634918,1.39305114746094,1.10351240634918,1.32805395126343,1.32444000244141,1.46733152866364,1.40379178524017,1.4193
1.35424447059631,1.31450664997101,1.45792508125305,1.39736151695251,1.39690685272217,1.3324818611145,1.44563031196594,1.38264000415802,1.38729393482208,1.32716751098633,1.45156288146973,1.39128088951111,1.35325288772583,1.29305303096771,1.39549291133881,1.35108637809753,1.49632859230042,1.11373114585876,1.46595096588135,1.11373150348663,1.4650399684906,1.11373102664948,1.38566303253174,1.11373090744019,1.31414675712585,1.32100176811218,1.45947062969208,1.39060354232788,1.4122
1.34580826759338,1.32193636894226,1.45936799049377,1.40117061138153,1.38823866844177,1.33991897106171,1.44800448417664,1.38632869720459,1.38324201107025,1.33477580547333,1.45243787765503,1.39282989501953,1.34853529930115,1.30076777935028,1.39545631408691,1.35371208190918,1.49886298179626,1.1242161989212,1.4664603471756,1.12421643733978,1.46509385108948,1.12421607971191,1.38588285446167,1.12421596050262,1.30466604232788,1.32843744754791,1.46269941329956,1.39437544345856,1.4083
1.35577738285065,1.32784008979797,1.46242666244507,1.39765453338623,1.39831233024597,1.34583175182343,1.45258808135986,1.38331627845764,1.39080440998077,1.34071362018585,1.45483911037445,1.39243948459625,1.35591411590576,1.30690705776215,1.39766454696655,1.3523371219635,1.5045018196106,1.13320684432983,1.46843349933624,1.1332072019577,1.47313046455383,1.13320672512054,1.38619017601013,1.13320660591125,1.31460380554199,1.33433723449707,1.46724009513855,1.39115333557129,1.4045
1.31868553161621,1.30507409572601,1.45573019981384,1.39407205581665,1.35464358329773,1.32308769226074,1.44493079185486,1.3793123960495,1.35683739185333,1.31813311576843,1.44745111465454,1.38760256767273,1.32254719734192,1.28632068634033,1.3911304473877,1.34731471538544,1.47579169273376,1.13936257362366,1.4617908000946,1.13936293125153,1.44221031665802,1.13936245441437,1.38065695762634,1.13936233520508,1.27835547924042,1.31153202056885,1.46041750907898,1.38734519481659,1.4026
1.33196747303009,1.30224096775055,1.44930291175842,1.37983322143555,1.36867046356201,1.32026720046997,1.44064593315125,1.36576950550079,1.36263346672058,1.31452345848083,1.44126284122467,1.37732267379761,1.32962441444397,1.28367900848389,1.38684844970703,1.33520078659058,1.47009801864624,1.14966034889221,1.45633864402771,1.14966070652008,1.4405791759491,1.14966034889221,1.3744797706604,1.14966022968292,1.29339504241943,1.30866074562073,1.45479166507721,1.37361443042755,1.4045
1.32106566429138,1.3230664730072,1.44535732269287,1.39139103889465,1.3575336933136,1.34108424186707,1.43537163734436,1.37648701667786,1.35812604427338,1.33667743206024,1.43703198432922,1.38365209102631,1.32406973838806,1.30556309223175,1.38282203674316,1.34289944171906,1.47520875930786,1.16585826873779,1.45290350914001,1.16585862636566,1.44211757183075,1.1658581495285,1.37213182449341,1.16585803031921,1.2809431552887,1.32951354980469,1.45192313194275,1.38474595546722,1.4101
1.30773985385895,1.3315794467926,1.4479832649231,1.40210199356079,1.34228456020355,1.3495717048645,1.44145512580872,1.38753247261047,1.34610414505005,1.34978985786438,1.43915009498596,1.39418411254883,1.3122341632843,1.31990838050842,1.38333201408386,1.35523581504822,1.46563053131104,1.18015682697296,1.45402956008911,1.18015706539154,1.4317831993103,1.18015670776367,1.37095642089844,1.18015670776367,1.26762771606445,1.33804094791412,1.45721697807312,1.39580464363098,1.4176
1.27150940895081,1.32223975658417,1.44396066665649,1.41135776042938,1.30389642715454,1.34019696712494,1.43683433532715,1.39652538299561,1.31067311763763,1.3464035987854,1.43245434761047,1.40163969993591,1.27918863296509,1.31867039203644,1.37802362442017,1.36305952072144,1.42660784721375,1.18440973758698,1.44709384441376,1.18441009521484,1.38884568214417,1.18440961837769,1.36347270011902,1.1844094991684,1.23346495628357,1.32870185375214,1.45298421382904,1.40492296218872,1.4248
1.28617346286774,1.33104825019836,1.43058264255524,1.4040459394455,1.3212456703186,1.34895348548889,1.42423844337463,1.38924849033356,1.31784808635712,1.36182582378387,1.41875445842743,1.39462208747864,1.28792405128479,1.33408200740814,1.36720287799835,1.35493218898773,1.42129921913147,1.17448949813843,1.4325886964798,1.1744898557663,1.38706564903259,1.17448925971985,1.35121297836304,1.17448914051056,1.24966192245483,1.33756399154663,1.44018220901489,1.39773285388947,1.4295
1.27849888801575,1.33429646492004,1.38192224502563,1.38538885116577,1.31846678256989,1.35219693183899,1.37238311767578,1.36998200416565,1.31271028518677,1.36451923847198,1.37481391429901,1.37628567218781,1.28373908996582,1.33490169048309,1.32834541797638,1.33506691455841,1.41567969322205,1.15521335601807,1.38861727714539,1.15521395206451,1.3775360584259,1.15521311759949,1.31954669952393,1.15521311759949,1.2414163351059,1.34085786342621,1.38673996925354,1.37846565246582,1.4383
1.27214014530182,1.30075120925903,1.32784461975098,1.34339642524719,1.31026911735535,1.31867110729218,1.31838130950928,1.32882881164551,1.29865002632141,1.32894837856293,1.32597088813782,1.34224987030029,1.27204632759094,1.29942870140076,1.28597283363342,1.29903149604797,1.38882565498352,1.12641656398773,1.33893728256226,1.12641716003418,1.35383534431458,1.12641632556915,1.27974557876587,1.12641632556915,1.23791837692261,1.30728495121002,1.32788705825806,1.33706438541412,1.4248
1.24578285217285,1.28466379642487,1.27459561824799,1.32203304767609,1.27976894378662,1.30258226394653,1.26085495948792,1.30722093582153,1.27576553821564,1.31074941158295,1.27720665931702,1.31779110431671,1.24957859516144,1.28042149543762,1.24329745769501,1.27583825588226,1.36951732635498,1.10356628894806,1.28971362113953,1.1035670042038,1.33125185966492,1.10356593132019,1.24364340305328,1.10356593132019,1.21247744560242,1.29119515419006,1.26810443401337,1.31565010547638,1.4112
1.21890926361084,1.27128779888153,1.24757957458496,1.31484150886536,1.24662637710571,1.28922307491302,1.23599123954773,1.3001344203949,1.25267088413239,1.29356610774994,1.25239729881287,1.30827605724335,1.22626435756683,1.26233232021332,1.21903848648071,1.26871526241302,1.35303139686584,1.0874730348587,1.26053690910339,1.08747363090515,1.31271839141846,1.08747279644012,1.22246551513672,1.08747267723083,1.18612718582153,1.27780711650848,1.24093306064606,1.30847156047821,1.3912
1.21219480037689,1.26500844955444,1.22720670700073,1.30337178707123,1.23584628105164,1.2829784154892,1.21559858322144,1.28889179229736,1.24463677406311,1.28119909763336,1.23244881629944,1.29940056800842,1.21826910972595,1.24893450737,1.20217847824097,1.2597234249115,1.34481692314148,1.08133864402771,1.24118065834045,1.08133924007416,1.30603909492493,1.08133852481842,1.20525729656219,1.08133840560913,1.18027794361115,1.27149331569672,1.21960830688477,1.29701554775238,1.3711
1.20725667476654,1.240110039711,1.2221223115921,1.2956268787384,1.22763013839722,1.25811433792114,1.2108119726181,1.28091382980347,1.23824560642242,1.25087749958038,1.22670769691467,1.2931524515152,1.21198284626007,1.2195839881897,1.19799184799194,1.25199472904205,1.33769345283508,1.08123183250427,1.23663783073425,1.08123242855072,1.30036532878876,1.08123171329498,1.20001268386841,1.08123159408569,1.17613554000854,1.24651563167572,1.2157381772995,1.28917193412781,1.3576
1.20107793807983,1.22757089138031,1.22273254394531,1.29544758796692,1.22034752368927,1.24558115005493,1.21192264556885,1.2806807756424,1.23526871204376,1.23757863044739,1.2272025346756,1.28785789012909,1.20834112167358,1.20739543437958,1.19812393188477,1.24969375133514,1.34003400802612,1.08539283275604,1.23797237873077,1.0853933095932,1.30118834972382,1.08539283275604,1.20027387142181,1.08539259433746,1.1692955493927,1.23394238948822,1.21755802631378,1.28922879695892,1.3559
1.22324919700623,1.21487092971802,1.23316097259521,1.28174483776093,1.24483132362366,1.23289036750793,1.22441077232361,1.26719629764557,1.25300192832947,1.22401630878448,1.23597264289856,1.27349925041199,1.22603511810303,1.19458937644958,1.20626091957092,1.23544478416443,1.35205078125,1.08390533924103,1.24681413173676,1.08390581607819,1.31655216217041,1.08390522003174,1.20488607883453,1.08390510082245,1.19159996509552,1.22121179103851,1.2306182384491,1.27558970451355,1.3546
1.24871444702148,1.21502196788788,1.25071823596954,1.26901948451996,1.27053713798523,1.2330527305603,1.24271965026855,1.25438010692596,1.27131152153015,1.22398924827576,1.25103962421417,1.26412856578827,1.24424576759338,1.19518339633942,1.22094559669495,1.22323668003082,1.36309409141541,1.09220862388611,1.2635852098465,1.09220910072327,1.33380246162415,1.09220850467682,1.21545934677124,1.09220838546753,1.21755909919739,1.22134268283844,1.25158882141113,1.26288866996765,1.3563
1.27081871032715,1.22288799285889,1.26718771457672,1.26162838935852,1.29546570777893,1.2409234046936,1.26044464111328,1.24700057506561,1.2898975610733,1.23160719871521,1.26707422733307,1.25814473628998,1.26264405250549,1.20262050628662,1.23528647422791,1.21608328819275,1.37712287902832,1.09795033931732,1.2809499502182,1.09795081615448,1.35057604312897,1.09795022010803,1.22810292243958,1.09795010089874,1.239497423172,1.22920918464661,1.27051329612732,1.2555650472641,1.3327
1.25859308242798,1.21604180335999,1.28554654121399,1.26544094085693,1.28377056121826,1.23407876491547,1.27949190139771,1.25060892105103,1.2829864025116,1.22470450401306,1.28496813774109,1.25961661338806,1.25539791584015,1.19621229171753,1.24989080429077,1.21940577030182,1.37623620033264,1.09901785850525,1.29932296276093,1.09901833534241,1.34558367729187,1.09901773929596,1.24182260036469,1.09901762008667,1.22648799419403,1.22235476970673,1.29062926769257,1.25919163227081,1.3255
1.2802472114563,1.21918118000031,1.30278253555298,1.26827788352966,1.30750727653503,1.23722803592682,1.29810643196106,1.25408148765564,1.30024039745331,1.22771894931793,1.30112040042877,1.26381123065948,1.27259361743927,1.19952023029327,1.26455640792847,1.2244108915329,1.38793301582336,1.10615074634552,1.31594371795654,1.10615110397339,1.36065328121185,1.10615062713623,1.25272560119629,1.10615050792694,1.24829542636871,1.22548377513885,1.30931437015533,1.26249384880066,1.3175
1.26997113227844,1.20600652694702,1.31341993808746,1.27080774307251,1.29753565788269,1.22406613826752,1.30737018585205,1.25607240200043,1.29330682754517,1.21405863761902,1.31048059463501,1.26424396038055,1.26568734645844,1.18701982498169,1.2727267742157,1.22483563423157,1.3841518163681,1.110431432724,1.32530879974365,1.11043190956116,1.35388350486755,1.11043131351471,1.26083207130432,1.11043119430542,1.23776149749756,1.21227824687958,1.32024443149567,1.26457953453064,1.3083
1.26667904853821,1.20601582527161,1.31983184814453,1.26978468894958,1.29441928863525,1.22407722473145,1.31479072570801,1.25530731678009,1.29299962520599,1.21450579166412,1.31743884086609,1.26199924945831,1.2648229598999,1.1876460313797,1.27793097496033,1.22409236431122,1.38826560974121,1.11301779747009,1.33171403408051,1.11301815509796,1.35634005069733,1.11301779747009,1.26656997203827,1.1130176782608,1.2336950302124,1.21229147911072,1.32709324359894,1.26382994651794,1.3057
