original,trained_s_1,trained_s_2,trained_s_3,trained_b_1,trained_b_2,trained_b_3
0.29491,0.29491,0.29491,0.29491,0.29491,0.29491,0.29491
0.29491,0.29491,0.29491,0.29491,0.29491,0.29491,0.29491
0.29759,0.29759,0.29759,0.29759,0.29759,0.29759,0.29759
0.30295,0.30295,0.30295,0.30295,0.30295,0.30295,0.30295
0.30295,0.30295,0.30295,0.30295,0.30295,0.30295,0.30295
0.30027,0.30027,0.30027,0.30027,0.30027,0.30027,0.30027
0.29759,0.29759,0.29759,0.29759,0.29759,0.29759,0.29759
0.30563,0.30563,0.30563,0.30563,0.30563,0.30563,0.30563
0.35925,0.35925,0.35925,0.35925,0.35925,0.35925,0.35925
0.3807,0.3807,0.3807,0.3807,0.3807,0.3807,0.3807
0.33512,0.33512,0.33512,0.33512,0.33512,0.33512,0.33512
0.30563,0.30563,0.30563,0.30563,0.30563,0.30563,0.30563
0.31367,0.31367,0.31367,0.31367,0.31367,0.31367,0.31367
0.31099,0.31099,0.31099,0.31099,0.31099,0.31099,0.31099
0.31635,0.31635,0.31635,0.31635,0.31635,0.31635,0.31635
0.31099,0.31099,0.31099,0.31099,0.31099,0.31099,0.31099
0.31099,0.31099,0.31099,0.31099,0.31099,0.31099,0.31099
0.30563,0.30563,0.30563,0.30563,0.30563,0.30563,0.30563
0.30027,0.30027,0.30027,0.30027,0.30027,0.30027,0.30027
0.29491,0.29491,0.29491,0.29491,0.29491,0.29491,0.29491
0.29223,0.29223,0.29223,0.29223,0.29223,0.29223,0.29223
0.29223,0.29223,0.29223,0.29223,0.29223,0.29223,0.29223
0.28954,0.28954,0.28954,0.28954,0.28954,0.28954,0.28954
0.29223,0.29223,0.29223,0.29223,0.29223,0.29223,0.29223
0.28418,0.28418,0.28418,0.28418,0.28418,0.28418,0.28418
0.27346,0.27346,0.27346,0.27346,0.27346,0.27346,0.27346
0.27346,0.27346,0.27346,0.27346,0.27346,0.27346,0.27346
0.2681,0.2681,0.2681,0.2681,0.2681,0.2681,0.2681
0.26542,0.26542,0.26542,0.26542,0.26542,0.26542,0.26542
0.26005,0.26005,0.26005,0.26005,0.26005,0.26005,0.26005
0.26005,0.26005,0.26005,0.26005,0.26005,0.26005,0.26005
0.25469,0.25469,0.25469,0.25469,0.25469,0.25469,0.25469
0.26273,0.26273,0.26273,0.26273,0.26273,0.26273,0.26273
0.26542,0.26542,0.26542,0.26542,0.26542,0.26542,0.26542
0.27078,0.27078,0.27078,0.27078,0.27078,0.27078,0.27078
0.27346,0.27346,0.27346,0.27346,0.27346,0.27346,0.27346
0.27882,0.27882,0.27882,0.27882,0.27882,0.27882,0.27882
0.2815,0.2815,0.2815,0.2815,0.2815,0.2815,0.2815
0.28418,0.28418,0.28418,0.28418,0.28418,0.28418,0.28418
0.27882,0.27882,0.27882,0.27882,0.27882,0.27882,0.27882
0.28418,0.28418,0.28418,0.28418,0.28418,0.28418,0.28418
0.28686,0.28686,0.28686,0.28686,0.28686,0.28686,0.28686
0.28686,0.28686,0.28686,0.28686,0.28686,0.28686,0.28686
0.28686,0.28686,0.28686,0.28686,0.28686,0.28686,0.28686
0.29223,0.29223,0.29223,0.29223,0.29223,0.29223,0.29223
0.29759,0.29759,0.29759,0.29759,0.29759,0.29759,0.29759
0.30027,0.30027,0.30027,0.30027,0.30027,0.30027,0.30027
0.30563,0.30563,0.30563,0.30563,0.30563,0.30563,0.30563
0.30563,0.30563,0.30563,0.30563,0.30563,0.30563,0.30563
0.30295,0.30295,0.30295,0.30295,0.30295,0.30295,0.30295
0.30831,0.30831,0.30831,0.30831,0.30831,0.30831,0.30831
0.30563,0.30563,0.30563,0.30563,0.30563,0.30563,0.30563
0.30831,0.30831,0.30831,0.30831,0.30831,0.30831,0.30831
0.30831,0.30831,0.30831,0.30831,0.30831,0.30831,0.30831
0.30831,0.30831,0.30831,0.30831,0.30831,0.30831,0.30831
0.31099,0.31099,0.31099,0.31099,0.31099,0.31099,0.31099
0.30563,0.30563,0.30563,0.30563,0.30563,0.30563,0.30563
0.32172,0.32172,0.32172,0.32172,0.32172,0.32172,0.32172
0.35389,0.35389,0.35389,0.35389,0.35389,0.35389,0.35389
0.36997,0.36997,0.36997,0.36997,0.36997,0.36997,0.36997
0.37265,0.37265,0.37265,0.37265,0.37265,0.37265,0.37265
0.35657,0.35657,0.35657,0.35657,0.35657,0.35657,0.35657
0.36997,0.36997,0.36997,0.36997,0.36997,0.36997,0.36997
0.38606,0.38606,0.38606,0.38606,0.38606,0.38606,0.38606
0.38874,0.38874,0.38874,0.38874,0.38874,0.38874,0.38874
0.38338,0.38338,0.38338,0.38338,0.38338,0.38338,0.38338
0.37802,0.37802,0.37802,0.37802,0.37802,0.37802,0.37802
0.36997,0.36997,0.36997,0.36997,0.36997,0.36997,0.36997
0.35925,0.35925,0.35925,0.35925,0.35925,0.35925,0.35925
0.35389,0.35389,0.35389,0.35389,0.35389,0.35389,0.35389
0.34584,0.34584,0.34584,0.34584,0.34584,0.34584,0.34584
0.34584,0.34584,0.34584,0.34584,0.34584,0.34584,0.34584
0.34316,0.34316,0.34316,0.34316,0.34316,0.34316,0.34316
0.34316,0.34316,0.34316,0.34316,0.34316,0.34316,0.34316
0.3378,0.3378,0.3378,0.3378,0.3378,0.3378,0.3378
0.34048,0.34048,0.34048,0.34048,0.34048,0.34048,0.34048
0.33244,0.33244,0.33244,0.33244,0.33244,0.33244,0.33244
0.32172,0.32172,0.32172,0.32172,0.32172,0.32172,0.32172
0.3244,0.3244,0.3244,0.3244,0.3244,0.3244,0.3244
0.34048,0.34048,0.34048,0.34048,0.34048,0.34048,0.34048
0.35389,0.35389,0.35389,0.35389,0.35389,0.35389,0.35389
0.37534,0.37534,0.37534,0.37534,0.37534,0.37534,0.37534
0.41019,0.41019,0.41019,0.41019,0.41019,0.41019,0.41019
0.437,0.437,0.437,0.437,0.437,0.437,0.437
0.46113,0.46113,0.46113,0.46113,0.46113,0.46113,0.46113
0.46917,0.46917,0.46917,0.46917,0.46917,0.46917,0.46917
0.47185,0.47185,0.47185,0.47185,0.47185,0.47185,0.47185
0.45308,0.45308,0.45308,0.45308,0.45308,0.45308,0.45308
0.44504,0.44504,0.44504,0.44504,0.44504,0.44504,0.44504
0.43432,0.43432,0.43432,0.43432,0.43432,0.43432,0.43432
0.40751,0.40751,0.40751,0.40751,0.40751,0.40751,0.40751
0.39946,0.39946,0.39946,0.39946,0.39946,0.39946,0.39946
0.39946,0.39946,0.39946,0.39946,0.39946,0.39946,0.39946
0.38338,0.38338,0.38338,0.38338,0.38338,0.38338,0.38338
0.37802,0.37802,0.37802,0.37802,0.37802,0.37802,0.37802
0.37802,0.37802,0.37802,0.37802,0.37802,0.37802,0.37802
0.37802,0.37802,0.37802,0.37802,0.37802,0.37802,0.37802
0.3807,0.3807,0.3807,0.3807,0.3807,0.3807,0.3807
0.38338,0.38338,0.38338,0.38338,0.38338,0.38338,0.38338
0.38606,0.38606,0.38606,0.38606,0.38606,0.38606,0.38606
0.3941,0.3941,0.3941,0.3941,0.3941,0.3941,0.3941
0.39678,0.39678,0.39678,0.39678,0.39678,0.39678,0.39678
0.38874,0.38874,0.38874,0.38874,0.38874,0.38874,0.38874
0.38874,0.38874,0.38874,0.38874,0.38874,0.38874,0.38874
0.40214,0.40214,0.40214,0.40214,0.40214,0.40214,0.40214
0.41019,0.41019,0.41019,0.41019,0.41019,0.41019,0.41019
0.43164,0.43164,0.43164,0.43164,0.43164,0.43164,0.43164
0.437,0.437,0.437,0.437,0.437,0.437,0.437
0.4504,0.4504,0.4504,0.4504,0.4504,0.4504,0.4504
0.46381,0.46381,0.46381,0.46381,0.46381,0.46381,0.46381
0.46649,0.46649,0.46649,0.46649,0.46649,0.46649,0.46649
0.46649,0.46649,0.46649,0.46649,0.46649,0.46649,0.46649
0.46381,0.46381,0.46381,0.46381,0.46381,0.46381,0.46381
0.45845,0.45845,0.45845,0.45845,0.45845,0.45845,0.45845
0.45308,0.45308,0.45308,0.45308,0.45308,0.45308,0.45308
0.44504,0.44504,0.44504,0.44504,0.44504,0.44504,0.44504
0.43432,0.43432,0.43432,0.43432,0.43432,0.43432,0.43432
0.41823,0.41823,0.41823,0.41823,0.41823,0.41823,0.41823
0.41019,0.41019,0.41019,0.41019,0.41019,0.41019,0.41019
0.40751,0.40751,0.40751,0.40751,0.40751,0.40751,0.40751
0.40483,0.40483,0.40483,0.40483,0.40483,0.40483,0.40483
0.40483,0.40483,0.40483,0.40483,0.40483,0.40483,0.40483
0.40751,0.40751,0.40751,0.40751,0.40751,0.40751,0.40751
0.40214,0.40214,0.40214,0.40214,0.40214,0.40214,0.40214
0.39946,0.39946,0.39946,0.39946,0.39946,0.39946,0.39946
0.38606,0.38606,0.38606,0.38606,0.38606,0.38606,0.38606
0.37534,0.37534,0.37534,0.37534,0.37534,0.37534,0.37534
0.38606,0.38606,0.38606,0.38606,0.38606,0.38606,0.38606
0.3941,0.3941,0.3941,0.3941,0.3941,0.3941,0.3941
0.39946,0.39946,0.39946,0.39946,0.39946,0.39946,0.39946
0.40751,0.40751,0.40751,0.40751,0.40751,0.40751,0.40751
0.41555,0.41555,0.41555,0.41555,0.41555,0.41555,0.41555
0.41287,0.41287,0.41287,0.41287,0.41287,0.41287,0.41287
0.41019,0.41019,0.41019,0.41019,0.41019,0.41019,0.41019
0.40483,0.40483,0.40483,0.40483,0.40483,0.40483,0.40483
0.40751,0.40751,0.40751,0.40751,0.40751,0.40751,0.40751
0.40751,0.40751,0.40751,0.40751,0.40751,0.40751,0.40751
0.40751,0.40751,0.40751,0.40751,0.40751,0.40751,0.40751
0.40214,0.40214,0.40214,0.40214,0.40214,0.40214,0.40214
0.39946,0.39946,0.39946,0.39946,0.39946,0.39946,0.39946
0.39946,0.39946,0.39946,0.39946,0.39946,0.39946,0.39946
0.40751,0.40751,0.40751,0.40751,0.40751,0.40751,0.40751
0.40751,0.40751,0.40751,0.40751,0.40751,0.40751,0.40751
0.41287,0.41287,0.41287,0.41287,0.41287,0.41287,0.41287
0.41287,0.41287,0.41287,0.41287,0.41287,0.41287,0.41287
0.41287,0.41287,0.41287,0.41287,0.41287,0.41287,0.41287
0.41019,0.41019,0.41019,0.41019,0.41019,0.41019,0.41019
0.41019,0.41019,0.41019,0.41019,0.41019,0.41019,0.41019
0.40483,0.40483,0.40483,0.40483,0.40483,0.40483,0.40483
0.40214,0.40214,0.40214,0.40214,0.40214,0.40214,0.40214
0.39678,0.39678,0.39678,0.39678,0.39678,0.39678,0.39678
0.40751,0.40751,0.40751,0.40751,0.40751,0.40751,0.40751
0.44236,0.44236,0.44236,0.44236,0.44236,0.44236,0.44236
0.47185,0.47185,0.47185,0.47185,0.47185,0.47185,0.47185
0.48794,0.48794,0.48794,0.48794,0.48794,0.48794,0.48794
0.48257,0.48257,0.48257,0.48257,0.48257,0.48257,0.48257
0.47185,0.47185,0.47185,0.47185,0.47185,0.47185,0.47185
0.47185,0.47185,0.47185,0.47185,0.47185,0.47185,0.47185
0.47453,0.47453,0.47453,0.47453,0.47453,0.47453,0.47453
0.47989,0.47989,0.47989,0.47989,0.47989,0.47989,0.47989
0.47453,0.47453,0.47453,0.47453,0.47453,0.47453,0.47453
0.47185,0.47185,0.47185,0.47185,0.47185,0.47185,0.47185
0.45845,0.45845,0.45845,0.45845,0.45845,0.45845,0.45845
0.44772,0.44772,0.44772,0.44772,0.44772,0.44772,0.44772
0.44504,0.44504,0.44504,0.44504,0.44504,0.44504,0.44504
0.43432,0.43432,0.43432,0.43432,0.43432,0.43432,0.43432
0.42627,0.42627,0.42627,0.42627,0.42627,0.42627,0.42627
0.42627,0.42627,0.42627,0.42627,0.42627,0.42627,0.42627
0.41823,0.41823,0.41823,0.41823,0.41823,0.41823,0.41823
0.42091,0.42091,0.42091,0.42091,0.42091,0.42091,0.42091
0.42359,0.42359,0.42359,0.42359,0.42359,0.42359,0.42359
0.41823,0.41823,0.41823,0.41823,0.41823,0.41823,0.41823
0.41287,0.41287,0.41287,0.41287,0.41287,0.41287,0.41287
0.41287,0.41287,0.41287,0.41287,0.41287,0.41287,0.41287
0.41555,0.41555,0.41555,0.41555,0.41555,0.41555,0.41555
0.41823,0.41823,0.41823,0.41823,0.41823,0.41823,0.41823
0.42359,0.42359,0.42359,0.42359,0.42359,0.42359,0.42359
0.44504,0.44504,0.44504,0.44504,0.44504,0.44504,0.44504
0.46917,0.46917,0.46917,0.46917,0.46917,0.46917,0.46917
0.48525,0.48525,0.48525,0.48525,0.48525,0.48525,0.48525
0.48525,0.48525,0.48525,0.48525,0.48525,0.48525,0.48525
0.47721,0.47721,0.47721,0.47721,0.47721,0.47721,0.47721
0.46649,0.46649,0.46649,0.46649,0.46649,0.46649,0.46649
0.44504,0.44504,0.44504,0.44504,0.44504,0.44504,0.44504
0.42359,0.42359,0.42359,0.42359,0.42359,0.42359,0.42359
0.40214,0.40214,0.40214,0.40214,0.40214,0.40214,0.40214
0.38338,0.38338,0.38338,0.38338,0.38338,0.38338,0.38338
0.37802,0.37802,0.37802,0.37802,0.37802,0.37802,0.37802
0.39678,0.39678,0.39678,0.39678,0.39678,0.39678,0.39678
0.39142,0.39142,0.39142,0.39142,0.39142,0.39142,0.39142
0.37265,0.37265,0.37265,0.37265,0.37265,0.37265,0.37265
0.35657,0.35657,0.35657,0.35657,0.35657,0.35657,0.35657
0.34048,0.34048,0.34048,0.34048,0.34048,0.34048,0.34048
0.32976,0.32976,0.32976,0.32976,0.32976,0.32976,0.32976
0.32708,0.32708,0.32708,0.32708,0.32708,0.32708,0.32708
0.3244,0.3244,0.3244,0.3244,0.3244,0.3244,0.3244
0.31099,0.31099,0.31099,0.31099,0.31099,0.31099,0.31099
0.30027,0.30027,0.30027,0.30027,0.30027,0.30027,0.30027
0.29491,0.29491,0.29491,0.29491,0.29491,0.29491,0.29491
0.30563,0.30563,0.30563,0.30563,0.30563,0.30563,0.30563
0.34853,0.34853,0.34853,0.34853,0.34853,0.34853,0.34853
0.39678,0.39678,0.39678,0.39678,0.39678,0.39678,0.39678
0.41555,0.41555,0.41555,0.41555,0.41555,0.41555,0.41555
0.41823,0.41823,0.41823,0.41823,0.41823,0.41823,0.41823
0.44504,0.44504,0.44504,0.44504,0.44504,0.44504,0.44504
0.46649,0.46649,0.46649,0.46649,0.46649,0.46649,0.46649
0.46113,0.46113,0.46113,0.46113,0.46113,0.46113,0.46113
0.43164,0.43164,0.43164,0.43164,0.43164,0.43164,0.43164
0.40214,0.40214,0.40214,0.40214,0.40214,0.40214,0.40214
0.37802,0.37802,0.37802,0.37802,0.37802,0.37802,0.37802
0.34853,0.34853,0.34853,0.34853,0.34853,0.34853,0.34853
0.3244,0.3244,0.3244,0.3244,0.3244,0.3244,0.3244
0.30563,0.30563,0.30563,0.30563,0.30563,0.30563,0.30563
0.27882,0.27882,0.27882,0.27882,0.27882,0.27882,0.27882
0.27346,0.27346,0.27346,0.27346,0.27346,0.27346,0.27346
0.26542,0.26542,0.26542,0.26542,0.26542,0.26542,0.26542
0.25469,0.25469,0.25469,0.25469,0.25469,0.25469,0.25469
0.24665,0.24665,0.24665,0.24665,0.24665,0.24665,0.24665
0.23324,0.23324,0.23324,0.23324,0.23324,0.23324,0.23324
0.22788,0.22788,0.22788,0.22788,0.22788,0.22788,0.22788
0.23592,0.23592,0.23592,0.23592,0.23592,0.23592,0.23592
0.24397,0.24397,0.24397,0.24397,0.24397,0.24397,0.24397
0.25201,0.25201,0.25201,0.25201,0.25201,0.25201,0.25201
0.27078,0.27078,0.27078,0.27078,0.27078,0.27078,0.27078
0.28418,0.28418,0.28418,0.28418,0.28418,0.28418,0.28418
0.30563,0.30563,0.30563,0.30563,0.30563,0.30563,0.30563
0.32708,0.32708,0.32708,0.32708,0.32708,0.32708,0.32708
0.32172,0.32172,0.32172,0.32172,0.32172,0.32172,0.32172
0.31635,0.31635,0.31635,0.31635,0.31635,0.31635,0.31635
0.31635,0.31635,0.31635,0.31635,0.31635,0.31635,0.31635
0.31635,0.31635,0.31635,0.31635,0.31635,0.31635,0.31635
0.32172,0.32172,0.32172,0.32172,0.32172,0.32172,0.32172
0.32172,0.32172,0.32172,0.32172,0.32172,0.32172,0.32172
0.31367,0.31367,0.31367,0.31367,0.31367,0.31367,0.31367
0.31367,0.31367,0.31367,0.31367,0.31367,0.31367,0.31367
0.30563,0.30563,0.30563,0.30563,0.30563,0.30563,0.30563
0.28954,0.28954,0.28954,0.28954,0.28954,0.28954,0.28954
0.27882,0.27882,0.27882,0.27882,0.27882,0.27882,0.27882
0.25737,0.25737,0.25737,0.25737,0.25737,0.25737,0.25737
0.23592,0.23592,0.23592,0.23592,0.23592,0.23592,0.23592
0.2118,0.2118,0.2118,0.2118,0.2118,0.2118,0.2118
0.20107,0.20107,0.20107,0.20107,0.20107,0.20107,0.20107
0.18767,0.18767,0.18767,0.18767,0.18767,0.18767,0.18767
0.18231,0.18231,0.18231,0.18231,0.18231,0.18231,0.18231
0.17426,0.17426,0.17426,0.17426,0.17426,0.17426,0.17426
0.15282,0.15282,0.15282,0.15282,0.15282,0.15282,0.15282
0.14209,0.14209,0.14209,0.14209,0.14209,0.14209,0.14209
0.15013,0.15013,0.15013,0.15013,0.15013,0.15013,0.15013
0.17426,0.17426,0.17426,0.17426,0.17426,0.17426,0.17426
0.21448,0.21448,0.21448,0.21448,0.21448,0.21448,0.21448
0.23861,0.23861,0.23861,0.23861,0.23861,0.23861,0.23861
0.24665,0.24665,0.24665,0.24665,0.24665,0.24665,0.24665
0.24665,0.24665,0.24665,0.24665,0.24665,0.24665,0.24665
0.25201,0.25201,0.25201,0.25201,0.25201,0.25201,0.25201
0.24933,0.24933,0.24933,0.24933,0.24933,0.24933,0.24933
0.23861,0.23861,0.23861,0.23861,0.23861,0.23861,0.23861
0.21984,0.21984,0.21984,0.21984,0.21984,0.21984,0.21984
0.20107,0.20107,0.20107,0.20107,0.20107,0.20107,0.20107
0.17694,0.17694,0.17694,0.17694,0.17694,0.17694,0.17694
0.1689,0.1689,0.1689,0.1689,0.1689,0.1689,0.1689
0.1689,0.1689,0.1689,0.1689,0.1689,0.1689,0.1689
0.17426,0.17426,0.17426,0.17426,0.17426,0.17426,0.17426
0.17694,0.17694,0.17694,0.17694,0.17694,0.17694,0.17694
0.16622,0.16622,0.16622,0.16622,0.16622,0.16622,0.16622
0.13941,0.13941,0.13941,0.13941,0.13941,0.13941,0.13941
0.12332,0.12332,0.12332,0.12332,0.12332,0.12332,0.12332
0.11528,0.11528,0.11528,0.11528,0.11528,0.11528,0.11528
0.1126,0.1126,0.1126,0.1126,0.1126,0.1126,0.1126
0.10456,0.10456,0.10456,0.10456,0.10456,0.10456,0.10456
0.099196,0.099196,0.099196,0.099196,0.099196,0.099196,0.099196
0.088472,0.088472,0.088472,0.088472,0.088472,0.088472,0.088472
0.10992,0.10992,0.10992,0.10992,0.10992,0.10992,0.10992
0.15282,0.15282,0.15282,0.15282,0.15282,0.15282,0.15282
0.22252,0.22252,0.22252,0.22252,0.22252,0.22252,0.22252
0.26542,0.26542,0.26542,0.26542,0.26542,0.26542,0.26542
0.28954,0.28954,0.28954,0.28954,0.28954,0.28954,0.28954
0.30295,0.30295,0.30295,0.30295,0.30295,0.30295,0.30295
0.29759,0.29759,0.29759,0.29759,0.29759,0.29759,0.29759
0.29759,0.29759,0.29759,0.29759,0.29759,0.29759,0.29759
0.27346,0.27346,0.27346,0.27346,0.27346,0.27346,0.27346
0.23324,0.23324,0.23324,0.23324,0.23324,0.23324,0.23324
0.19035,0.19035,0.19035,0.19035,0.19035,0.19035,0.19035
0.17694,0.17694,0.17694,0.17694,0.17694,0.17694,0.17694
0.16354,0.16354,0.16354,0.16354,0.16354,0.16354,0.16354
0.1555,0.1555,0.1555,0.1555,0.1555,0.1555,0.1555
0.15282,0.15282,0.15282,0.15282,0.15282,0.15282,0.15282
0.14477,0.14477,0.14477,0.14477,0.14477,0.14477,0.14477
0.14209,0.14209,0.14209,0.14209,0.14209,0.14209,0.14209
0.14209,0.14209,0.14209,0.14209,0.14209,0.14209,0.14209
0.15818,0.15818,0.15818,0.15818,0.15818,0.15818,0.15818
0.17426,0.17426,0.17426,0.17426,0.17426,0.17426,0.17426
0.17694,0.17694,0.17694,0.17694,0.17694,0.17694,0.17694
0.17426,0.17426,0.17426,0.17426,0.17426,0.17426,0.17426
0.19035,0.19035,0.19035,0.19035,0.19035,0.19035,0.19035
0.19839,0.19839,0.19839,0.19839,0.19839,0.19839,0.19839
0.20912,0.20912,0.20912,0.20912,0.20912,0.20912,0.20912
0.22252,0.22252,0.22252,0.22252,0.22252,0.22252,0.22252
0.24933,0.24933,0.24933,0.24933,0.24933,0.24933,0.24933
0.29491,0.29491,0.29491,0.29491,0.29491,0.29491,0.29491
0.33512,0.33512,0.33512,0.33512,0.33512,0.33512,0.33512
0.33244,0.33244,0.33244,0.33244,0.33244,0.33244,0.33244
0.34048,0.34048,0.34048,0.34048,0.34048,0.34048,0.34048
0.33244,0.33244,0.33244,0.33244,0.33244,0.33244,0.33244
0.30563,0.30563,0.30563,0.30563,0.30563,0.30563,0.30563
0.29759,0.29759,0.29759,0.29759,0.29759,0.29759,0.29759
0.2681,0.2681,0.2681,0.2681,0.2681,0.2681,0.2681
0.25737,0.25737,0.25737,0.25737,0.25737,0.25737,0.25737
0.24129,0.24129,0.24129,0.24129,0.24129,0.24129,0.24129
0.22252,0.22252,0.22252,0.22252,0.22252,0.22252,0.22252
0.23056,0.23056,0.23056,0.23056,0.23056,0.23056,0.23056
0.22252,0.22252,0.22252,0.22252,0.22252,0.22252,0.22252
0.20375,0.20375,0.20375,0.20375,0.20375,0.20375,0.20375
0.19303,0.19303,0.19303,0.19303,0.19303,0.19303,0.19303
0.20912,0.20912,0.20912,0.20912,0.20912,0.20912,0.20912
0.22252,0.22252,0.22252,0.22252,0.22252,0.22252,0.22252
0.24397,0.24397,0.24397,0.24397,0.24397,0.24397,0.24397
0.26005,0.26005,0.26005,0.26005,0.26005,0.26005,0.26005
0.24933,0.24933,0.24933,0.24933,0.24933,0.24933,0.24933
0.25469,0.25469,0.25469,0.25469,0.25469,0.25469,0.25469
0.27346,0.27346,0.27346,0.27346,0.27346,0.27346,0.27346
0.31099,0.31099,0.31099,0.31099,0.31099,0.31099,0.31099
0.35389,0.35389,0.35389,0.35389,0.35389,0.35389,0.35389
0.37534,0.37534,0.37534,0.37534,0.37534,0.37534,0.37534
0.38874,0.38874,0.38874,0.38874,0.38874,0.38874,0.38874
0.39678,0.39678,0.39678,0.39678,0.39678,0.39678,0.39678
0.3941,0.3941,0.3941,0.3941,0.3941,0.3941,0.3941
0.39142,0.39142,0.39142,0.39142,0.39142,0.39142,0.39142
0.34048,0.34048,0.34048,0.34048,0.34048,0.34048,0.34048
0.30027,0.30027,0.30027,0.30027,0.30027,0.30027,0.30027
0.2815,0.2815,0.2815,0.2815,0.2815,0.2815,0.2815
0.27078,0.27078,0.27078,0.27078,0.27078,0.27078,0.27078
0.2681,0.2681,0.2681,0.2681,0.2681,0.2681,0.2681
0.23324,0.23324,0.23324,0.23324,0.23324,0.23324,0.23324
0.20643,0.20643,0.20643,0.20643,0.20643,0.20643,0.20643
0.19571,0.19571,0.19571,0.19571,0.19571,0.19571,0.19571
0.19035,0.19035,0.19035,0.19035,0.19035,0.19035,0.19035
0.21984,0.21984,0.21984,0.21984,0.21984,0.21984,0.21984
0.23861,0.23861,0.23861,0.23861,0.23861,0.23861,0.23861
0.23592,0.23592,0.23592,0.23592,0.23592,0.23592,0.23592
0.22252,0.22252,0.22252,0.22252,0.22252,0.22252,0.22252
0.23056,0.23056,0.23056,0.23056,0.23056,0.23056,0.23056
0.22788,0.22788,0.22788,0.22788,0.22788,0.22788,0.22788
0.22252,0.22252,0.22252,0.22252,0.22252,0.22252,0.22252
0.22252,0.22252,0.22252,0.22252,0.22252,0.22252,0.22252
0.24665,0.24665,0.24665,0.24665,0.24665,0.24665,0.24665
0.2815,0.2815,0.2815,0.2815,0.2815,0.2815,0.2815
0.2815,0.2815,0.2815,0.2815,0.2815,0.2815,0.2815
0.28954,0.28954,0.28954,0.28954,0.28954,0.28954,0.28954
0.28418,0.28418,0.28418,0.28418,0.28418,0.28418,0.28418
0.27346,0.27346,0.27346,0.27346,0.27346,0.27346,0.27346
0.27078,0.27078,0.27078,0.27078,0.27078,0.27078,0.27078
0.26542,0.26542,0.26542,0.26542,0.26542,0.26542,0.26542
0.26005,0.26005,0.26005,0.26005,0.26005,0.26005,0.26005
0.26005,0.26005,0.26005,0.26005,0.26005,0.26005,0.26005
0.25201,0.25201,0.25201,0.25201,0.25201,0.25201,0.25201
0.24397,0.24397,0.24397,0.24397,0.24397,0.24397,0.24397
0.24665,0.24665,0.24665,0.24665,0.24665,0.24665,0.24665
0.24665,0.24665,0.24665,0.24665,0.24665,0.24665,0.24665
0.25201,0.25201,0.25201,0.25201,0.25201,0.25201,0.25201
0.24665,0.24665,0.24665,0.24665,0.24665,0.24665,0.24665
0.24933,0.24933,0.24933,0.24933,0.24933,0.24933,0.24933
0.25201,0.25201,0.25201,0.25201,0.25201,0.25201,0.25201
0.26005,0.26005,0.26005,0.26005,0.26005,0.26005,0.26005
0.26542,0.26542,0.26542,0.26542,0.26542,0.26542,0.26542
0.26542,0.26542,0.26542,0.26542,0.26542,0.26542,0.26542
0.26542,0.26542,0.26542,0.26542,0.26542,0.26542,0.26542
0.2681,0.2681,0.2681,0.2681,0.2681,0.2681,0.2681
0.27614,0.27614,0.27614,0.27614,0.27614,0.27614,0.27614
0.27882,0.27882,0.27882,0.27882,0.27882,0.27882,0.27882
0.28686,0.28686,0.28686,0.28686,0.28686,0.28686,0.28686
0.29223,0.29223,0.29223,0.29223,0.29223,0.29223,0.29223
0.29759,0.29759,0.29759,0.29759,0.29759,0.29759,0.29759
0.30027,0.30027,0.30027,0.30027,0.30027,0.30027,0.30027
0.29491,0.29491,0.29491,0.29491,0.29491,0.29491,0.29491
0.28686,0.28686,0.28686,0.28686,0.28686,0.28686,0.28686
0.28418,0.28418,0.28418,0.28418,0.28418,0.28418,0.28418
0.28954,0.28954,0.28954,0.28954,0.28954,0.28954,0.28954
0.28686,0.28686,0.28686,0.28686,0.28686,0.28686,0.28686
0.29223,0.29223,0.29223,0.29223,0.29223,0.29223,0.29223
0.29759,0.29759,0.29759,0.29759,0.29759,0.29759,0.29759
0.28954,0.28954,0.28954,0.28954,0.28954,0.28954,0.28954
0.27882,0.27882,0.27882,0.27882,0.27882,0.27882,0.27882
0.27614,0.27614,0.27614,0.27614,0.27614,0.27614,0.27614
0.2815,0.2815,0.2815,0.2815,0.2815,0.2815,0.2815
0.27614,0.27614,0.27614,0.27614,0.27614,0.27614,0.27614
0.27346,0.27346,0.27346,0.27346,0.27346,0.27346,0.27346
0.27882,0.27882,0.27882,0.27882,0.27882,0.27882,0.27882
0.27882,0.27882,0.27882,0.27882,0.27882,0.27882,0.27882
0.27346,0.27346,0.27346,0.27346,0.27346,0.27346,0.27346
0.27882,0.27882,0.27882,0.27882,0.27882,0.27882,0.27882
0.27882,0.27882,0.27882,0.27882,0.27882,0.27882,0.27882
0.28686,0.28686,0.28686,0.28686,0.28686,0.28686,0.28686
0.29491,0.29491,0.29491,0.29491,0.29491,0.29491,0.29491
0.29491,0.29491,0.29491,0.29491,0.29491,0.29491,0.29491
0.29759,0.29759,0.29759,0.29759,0.29759,0.29759,0.29759
0.29223,0.29223,0.29223,0.29223,0.29223,0.29223,0.29223
0.29223,0.29223,0.29223,0.29223,0.29223,0.29223,0.29223
0.29223,0.29223,0.29223,0.29223,0.29223,0.29223,0.29223
0.29491,0.29491,0.29491,0.29491,0.29491,0.29491,0.29491
0.29491,0.29491,0.29491,0.29491,0.29491,0.29491,0.29491
0.29759,0.29759,0.29759,0.29759,0.29759,0.29759,0.29759
0.29491,0.29491,0.29491,0.29491,0.29491,0.29491,0.29491
0.29491,0.29491,0.29491,0.29491,0.29491,0.29491,0.29491
0.28686,0.28686,0.28686,0.28686,0.28686,0.28686,0.28686
0.2815,0.2815,0.2815,0.2815,0.2815,0.2815,0.2815
0.25469,0.25469,0.25469,0.25469,0.25469,0.25469,0.25469
0.24397,0.24397,0.24397,0.24397,0.24397,0.24397,0.24397
0.25469,0.25469,0.25469,0.25469,0.25469,0.25469,0.25469
0.25737,0.25737,0.25737,0.25737,0.25737,0.25737,0.25737
0.27882,0.27882,0.27882,0.27882,0.27882,0.27882,0.27882
0.27346,0.27346,0.27346,0.27346,0.27346,0.27346,0.27346
0.24933,0.24933,0.24933,0.24933,0.24933,0.24933,0.24933
0.24665,0.24665,0.24665,0.24665,0.24665,0.24665,0.24665
0.24933,0.24933,0.24933,0.24933,0.24933,0.24933,0.24933
0.25469,0.25469,0.25469,0.25469,0.25469,0.25469,0.25469
0.25469,0.25469,0.25469,0.25469,0.25469,0.25469,0.25469
0.27614,0.27614,0.27614,0.27614,0.27614,0.27614,0.27614
0.30831,0.30831,0.30831,0.30831,0.30831,0.30831,0.30831
0.3378,0.3378,0.3378,0.3378,0.3378,0.3378,0.3378
0.36729,0.36729,0.36729,0.36729,0.36729,0.36729,0.36729
0.36461,0.36461,0.36461,0.36461,0.36461,0.36461,0.36461
0.35657,0.35657,0.35657,0.35657,0.35657,0.35657,0.35657
0.34316,0.34316,0.34316,0.34316,0.34316,0.34316,0.34316
0.30027,0.30027,0.30027,0.30027,0.30027,0.30027,0.30027
0.27346,0.27346,0.27346,0.27346,0.27346,0.27346,0.27346
0.26005,0.26005,0.26005,0.26005,0.26005,0.26005,0.26005
0.25469,0.25469,0.25469,0.25469,0.25469,0.25469,0.25469
0.25201,0.25201,0.25201,0.25201,0.25201,0.25201,0.25201
0.25201,0.25201,0.25201,0.25201,0.25201,0.25201,0.25201
0.25201,0.25201,0.25201,0.25201,0.25201,0.25201,0.25201
0.23056,0.23056,0.23056,0.23056,0.23056,0.23056,0.23056
0.21448,0.21448,0.21448,0.21448,0.21448,0.21448,0.21448
0.20107,0.20107,0.20107,0.20107,0.20107,0.20107,0.20107
0.19303,0.19303,0.19303,0.19303,0.19303,0.19303,0.19303
0.17158,0.17158,0.17158,0.17158,0.17158,0.17158,0.17158
0.15818,0.15818,0.15818,0.15818,0.15818,0.15818,0.15818
0.1555,0.1555,0.1555,0.1555,0.1555,0.1555,0.1555
0.1555,0.1555,0.1555,0.1555,0.1555,0.1555,0.1555
0.13137,0.13137,0.13137,0.13137,0.13137,0.13137,0.13137
0.14209,0.14209,0.14209,0.14209,0.14209,0.14209,0.14209
0.19839,0.19839,0.19839,0.19839,0.19839,0.19839,0.19839
0.20643,0.20643,0.20643,0.20643,0.20643,0.20643,0.20643
0.20107,0.20107,0.20107,0.20107,0.20107,0.20107,0.20107
0.20375,0.20375,0.20375,0.20375,0.20375,0.20375,0.20375
0.21448,0.21448,0.21448,0.21448,0.21448,0.21448,0.21448
0.21716,0.21716,0.21716,0.21716,0.21716,0.21716,0.21716
0.20107,0.20107,0.20107,0.20107,0.20107,0.20107,0.20107
0.19035,0.19035,0.19035,0.19035,0.19035,0.19035,0.19035
0.19035,0.19035,0.19035,0.19035,0.19035,0.19035,0.19035
0.17426,0.17426,0.17426,0.17426,0.17426,0.17426,0.17426
0.16354,0.16354,0.16354,0.16354,0.16354,0.16354,0.16354
0.15818,0.15818,0.15818,0.15818,0.15818,0.15818,0.15818
0.14745,0.14745,0.14745,0.14745,0.14745,0.14745,0.14745
0.14745,0.14745,0.14745,0.14745,0.14745,0.14745,0.14745
0.10992,0.10992,0.10992,0.10992,0.10992,0.10992,0.10992
0.10724,0.10724,0.10724,0.10724,0.10724,0.10724,0.10724
0.10724,0.10724,0.10724,0.10724,0.10724,0.10724,0.10724
0.10188,0.10188,0.10188,0.10188,0.10188,0.10188,0.10188
0.091153,0.091153,0.091153,0.091153,0.091153,0.091153,0.091153
0.085791,0.085791,0.085791,0.085791,0.085791,0.085791,0.085791
0.096515,0.096515,0.096515,0.096515,0.096515,0.096515,0.096515
0.11528,0.11528,0.11528,0.11528,0.11528,0.11528,0.11528
0.12869,0.12869,0.12869,0.12869,0.12869,0.12869,0.12869
0.14209,0.14209,0.14209,0.14209,0.14209,0.14209,0.14209
0.17158,0.17158,0.17158,0.17158,0.17158,0.17158,0.17158
0.23324,0.23324,0.23324,0.23324,0.23324,0.23324,0.23324
0.2681,0.2681,0.2681,0.2681,0.2681,0.2681,0.2681
0.27614,0.27614,0.27614,0.27614,0.27614,0.27614,0.27614
0.28954,0.28954,0.28954,0.28954,0.28954,0.28954,0.28954
0.31903,0.31903,0.31903,0.31903,0.31903,0.31903,0.31903
0.31099,0.31099,0.31099,0.31099,0.31099,0.31099,0.31099
0.23592,0.23592,0.23592,0.23592,0.23592,0.23592,0.23592
0.21716,0.21716,0.21716,0.21716,0.21716,0.21716,0.21716
0.17158,0.17158,0.17158,0.17158,0.17158,0.17158,0.17158
0.1555,0.1555,0.1555,0.1555,0.1555,0.1555,0.1555
0.1555,0.1555,0.1555,0.1555,0.1555,0.1555,0.1555
0.13941,0.13941,0.13941,0.13941,0.13941,0.13941,0.13941
0.12601,0.12601,0.12601,0.12601,0.12601,0.12601,0.12601
0.11528,0.11528,0.11528,0.11528,0.11528,0.11528,0.11528
0.10188,0.10188,0.10188,0.10188,0.10188,0.10188,0.10188
0.08311,0.08311,0.08311,0.08311,0.08311,0.08311,0.08311
0.08311,0.08311,0.08311,0.08311,0.08311,0.08311,0.08311
0.064343,0.064343,0.064343,0.064343,0.064343,0.064343,0.064343
0.067024,0.067024,0.067024,0.067024,0.067024,0.067024,0.067024
0.069705,0.069705,0.069705,0.069705,0.069705,0.069705,0.069705
0.058981,0.058981,0.058981,0.058981,0.058981,0.058981,0.058981
0.0563,0.0563,0.0563,0.0563,0.0563,0.0563,0.0563
0.077748,0.077748,0.077748,0.077748,0.077748,0.077748,0.077748
0.1126,0.1126,0.1126,0.1126,0.1126,0.1126,0.1126
0.13941,0.13941,0.13941,0.13941,0.13941,0.13941,0.13941
0.14745,0.14745,0.14745,0.14745,0.14745,0.14745,0.14745
0.18231,0.18231,0.18231,0.18231,0.18231,0.18231,0.18231
0.20375,0.20375,0.20375,0.20375,0.20375,0.20375,0.20375
0.21716,0.21716,0.21716,0.21716,0.21716,0.21716,0.21716
0.20912,0.20912,0.20912,0.20912,0.20912,0.20912,0.20912
0.17426,0.17426,0.17426,0.17426,0.17426,0.17426,0.17426
0.13673,0.13673,0.13673,0.13673,0.13673,0.13673,0.13673
0.13137,0.13137,0.13137,0.13137,0.13137,0.13137,0.13137
0.13137,0.13137,0.13137,0.13137,0.13137,0.13137,0.13137
0.13405,0.13405,0.13405,0.13405,0.13405,0.13405,0.13405
0.12601,0.12601,0.12601,0.12601,0.12601,0.12601,0.12601
0.11528,0.11528,0.11528,0.11528,0.11528,0.11528,0.11528
0.099196,0.099196,0.099196,0.099196,0.099196,0.099196,0.099196
0.10456,0.10456,0.10456,0.10456,0.10456,0.10456,0.10456
0.099196,0.099196,0.099196,0.099196,0.099196,0.099196,0.099196
0.10188,0.10188,0.10188,0.10188,0.10188,0.10188,0.10188
0.08311,0.08311,0.08311,0.08311,0.08311,0.08311,0.08311
0.064343,0.064343,0.064343,0.064343,0.064343,0.064343,0.064343
0.053619,0.053619,0.053619,0.053619,0.053619,0.053619,0.053619
0.0563,0.0563,0.0563,0.0563,0.0563,0.0563,0.0563
0.0563,0.0563,0.0563,0.0563,0.0563,0.0563,0.0563
0.085791,0.085791,0.085791,0.085791,0.085791,0.085791,0.085791
0.12601,0.12601,0.12601,0.12601,0.12601,0.12601,0.12601
0.17426,0.17426,0.17426,0.17426,0.17426,0.17426,0.17426
0.21448,0.21448,0.21448,0.21448,0.21448,0.21448,0.21448
0.24933,0.24933,0.24933,0.24933,0.24933,0.24933,0.24933
0.27614,0.27614,0.27614,0.27614,0.27614,0.27614,0.27614
0.24397,0.24397,0.24397,0.24397,0.24397,0.24397,0.24397
0.20375,0.20375,0.20375,0.20375,0.20375,0.20375,0.20375
0.17158,0.17158,0.17158,0.17158,0.17158,0.17158,0.17158
0.16622,0.16622,0.16622,0.16622,0.16622,0.16622,0.16622
0.16622,0.16622,0.16622,0.16622,0.16622,0.16622,0.16622
0.16622,0.16622,0.16622,0.16622,0.16622,0.16622,0.16622
0.15282,0.15282,0.15282,0.15282,0.15282,0.15282,0.15282
0.15013,0.15013,0.15013,0.15013,0.15013,0.15013,0.15013
0.14477,0.14477,0.14477,0.14477,0.14477,0.14477,0.14477
0.14477,0.14477,0.14477,0.14477,0.14477,0.14477,0.14477
0.13405,0.13405,0.13405,0.13405,0.13405,0.13405,0.13405
0.12332,0.12332,0.12332,0.12332,0.12332,0.12332,0.12332
0.12332,0.12332,0.12332,0.12332,0.12332,0.12332,0.12332
0.1126,0.1126,0.1126,0.1126,0.1126,0.1126,0.1126
0.10188,0.10188,0.10188,0.10188,0.10188,0.10188,0.10188
0.091153,0.091153,0.091153,0.091153,0.091153,0.091153,0.091153
0.080429,0.080429,0.080429,0.080429,0.080429,0.080429,0.080429
0.072386,0.072386,0.072386,0.072386,0.072386,0.072386,0.072386
0.077748,0.077748,0.077748,0.077748,0.077748,0.077748,0.077748
0.088472,0.088472,0.088472,0.088472,0.088472,0.088472,0.088472
0.10724,0.10724,0.10724,0.10724,0.10724,0.10724,0.10724
0.1126,0.1126,0.1126,0.1126,0.1126,0.1126,0.1126
0.13137,0.13137,0.13137,0.13137,0.13137,0.13137,0.13137
0.16086,0.16086,0.16086,0.16086,0.16086,0.16086,0.16086
0.16086,0.16086,0.16086,0.16086,0.16086,0.16086,0.16086
0.16354,0.16354,0.16354,0.16354,0.16354,0.16354,0.16354
0.1555,0.1555,0.1555,0.1555,0.1555,0.1555,0.1555
0.14477,0.14477,0.14477,0.14477,0.14477,0.14477,0.14477
0.15013,0.15013,0.15013,0.15013,0.15013,0.15013,0.15013
0.14477,0.14477,0.14477,0.14477,0.14477,0.14477,0.14477
0.14477,0.14477,0.14477,0.14477,0.14477,0.14477,0.14477
0.14477,0.14477,0.14477,0.14477,0.14477,0.14477,0.14477
0.14209,0.14209,0.14209,0.14209,0.14209,0.14209,0.14209
0.13941,0.13941,0.13941,0.13941,0.13941,0.13941,0.13941
0.14477,0.14477,0.14477,0.14477,0.14477,0.14477,0.14477
0.16086,0.16086,0.16086,0.16086,0.16086,0.16086,0.16086
0.1689,0.1689,0.1689,0.1689,0.1689,0.1689,0.1689
0.17158,0.17158,0.17158,0.17158,0.17158,0.17158,0.17158
0.17426,0.17426,0.17426,0.17426,0.17426,0.17426,0.17426
0.17426,0.17426,0.17426,0.17426,0.17426,0.17426,0.17426
0.17694,0.17694,0.17694,0.17694,0.17694,0.17694,0.17694
0.18231,0.18231,0.18231,0.18231,0.18231,0.18231,0.18231
0.18767,0.18767,0.18767,0.18767,0.18767,0.18767,0.18767
0.20912,0.20912,0.20912,0.20912,0.20912,0.20912,0.20912
0.22788,0.22788,0.22788,0.22788,0.22788,0.22788,0.22788
0.26542,0.26542,0.26542,0.26542,0.26542,0.26542,0.26542
0.2681,0.2681,0.2681,0.2681,0.2681,0.2681,0.2681
0.24129,0.24129,0.24129,0.24129,0.24129,0.24129,0.24129
0.22788,0.22788,0.22788,0.22788,0.22788,0.22788,0.22788
0.19839,0.19839,0.19839,0.19839,0.19839,0.19839,0.19839
0.17962,0.17962,0.17962,0.17962,0.17962,0.17962,0.17962
0.17158,0.17158,0.17158,0.17158,0.17158,0.17158,0.17158
0.1689,0.1689,0.1689,0.1689,0.1689,0.1689,0.1689
0.16354,0.16354,0.16354,0.16354,0.16354,0.16354,0.16354
0.16086,0.16086,0.16086,0.16086,0.16086,0.16086,0.16086
0.1555,0.1555,0.1555,0.1555,0.1555,0.1555,0.1555
0.15282,0.15282,0.15282,0.15282,0.15282,0.15282,0.15282
0.15282,0.15282,0.15282,0.15282,0.15282,0.15282,0.15282
0.13405,0.13405,0.13405,0.13405,0.13405,0.13405,0.13405
0.13941,0.13941,0.13941,0.13941,0.13941,0.13941,0.13941
0.13405,0.13405,0.13405,0.13405,0.13405,0.13405,0.13405
0.12332,0.12332,0.12332,0.12332,0.12332,0.12332,0.12332
0.12064,0.12064,0.12064,0.12064,0.12064,0.12064,0.12064
0.093834,0.093834,0.093834,0.093834,0.093834,0.093834,0.093834
0.08311,0.08311,0.08311,0.08311,0.08311,0.08311,0.08311
0.085791,0.085791,0.085791,0.085791,0.085791,0.085791,0.085791
0.088472,0.088472,0.088472,0.088472,0.088472,0.088472,0.088472
0.091153,0.091153,0.091153,0.091153,0.091153,0.091153,0.091153
0.096515,0.096515,0.096515,0.096515,0.096515,0.096515,0.096515
0.093834,0.093834,0.093834,0.093834,0.093834,0.093834,0.093834
0.10188,0.10188,0.10188,0.10188,0.10188,0.10188,0.10188
0.10724,0.10724,0.10724,0.10724,0.10724,0.10724,0.10724
0.10724,0.10724,0.10724,0.10724,0.10724,0.10724,0.10724
0.11796,0.11796,0.11796,0.11796,0.11796,0.11796,0.11796
0.1126,0.1126,0.1126,0.1126,0.1126,0.1126,0.1126
0.10724,0.10724,0.10724,0.10724,0.10724,0.10724,0.10724
0.10188,0.10188,0.10188,0.10188,0.10188,0.10188,0.10188
0.10188,0.10188,0.10188,0.10188,0.10188,0.10188,0.10188
0.11528,0.11528,0.11528,0.11528,0.11528,0.11528,0.11528
0.11528,0.11528,0.11528,0.11528,0.11528,0.11528,0.11528
0.10724,0.10724,0.10724,0.10724,0.10724,0.10724,0.10724
0.099196,0.099196,0.099196,0.099196,0.099196,0.099196,0.099196
0.10188,0.10188,0.10188,0.10188,0.10188,0.10188,0.10188
0.096515,0.096515,0.096515,0.096515,0.096515,0.096515,0.096515
0.093834,0.093834,0.093834,0.093834,0.093834,0.093834,0.093834
0.091153,0.091153,0.091153,0.091153,0.091153,0.091153,0.091153
0.08311,0.08311,0.08311,0.08311,0.08311,0.08311,0.08311
0.077748,0.077748,0.077748,0.077748,0.077748,0.077748,0.077748
0.072386,0.072386,0.072386,0.072386,0.072386,0.072386,0.072386
0.077748,0.077748,0.077748,0.077748,0.077748,0.077748,0.077748
0.085791,0.085791,0.085791,0.085791,0.085791,0.085791,0.085791
0.096515,0.096515,0.096515,0.096515,0.096515,0.096515,0.096515
0.10188,0.10188,0.10188,0.10188,0.10188,0.10188,0.10188
0.10456,0.10456,0.10456,0.10456,0.10456,0.10456,0.10456
0.1126,0.1126,0.1126,0.1126,0.1126,0.1126,0.1126
0.12064,0.12064,0.12064,0.12064,0.12064,0.12064,0.12064
0.12064,0.12064,0.12064,0.12064,0.12064,0.12064,0.12064
0.11528,0.11528,0.11528,0.11528,0.11528,0.11528,0.11528
0.1126,0.1126,0.1126,0.1126,0.1126,0.1126,0.1126
0.11528,0.11528,0.11528,0.11528,0.11528,0.11528,0.11528
0.1126,0.1126,0.1126,0.1126,0.1126,0.1126,0.1126
0.10992,0.10992,0.10992,0.10992,0.10992,0.10992,0.10992
0.10456,0.10456,0.10456,0.10456,0.10456,0.10456,0.10456
0.10992,0.10992,0.10992,0.10992,0.10992,0.10992,0.10992
0.10188,0.10188,0.10188,0.10188,0.10188,0.10188,0.10188
0.099196,0.099196,0.099196,0.099196,0.099196,0.099196,0.099196
0.088472,0.088472,0.088472,0.088472,0.088472,0.088472,0.088472
0.096515,0.096515,0.096515,0.096515,0.096515,0.096515,0.096515
0.088472,0.088472,0.088472,0.088472,0.088472,0.088472,0.088472
0.080429,0.080429,0.080429,0.080429,0.080429,0.080429,0.080429
0.072386,0.072386,0.072386,0.072386,0.072386,0.072386,0.072386
0.067024,0.067024,0.067024,0.067024,0.067024,0.067024,0.067024
0.069705,0.069705,0.069705,0.069705,0.069705,0.069705,0.069705
0.067024,0.067024,0.067024,0.067024,0.067024,0.067024,0.067024
0.072386,0.072386,0.072386,0.072386,0.072386,0.072386,0.072386
0.075067,0.075067,0.075067,0.075067,0.075067,0.075067,0.075067
0.077748,0.077748,0.077748,0.077748,0.077748,0.077748,0.077748
0.088472,0.088472,0.088472,0.088472,0.088472,0.088472,0.088472
0.099196,0.099196,0.099196,0.099196,0.099196,0.099196,0.099196
0.10724,0.10724,0.10724,0.10724,0.10724,0.10724,0.10724
0.10992,0.10992,0.10992,0.10992,0.10992,0.10992,0.10992
0.1126,0.1126,0.1126,0.1126,0.1126,0.1126,0.1126
0.10992,0.10992,0.10992,0.10992,0.10992,0.10992,0.10992
0.1126,0.1126,0.1126,0.1126,0.1126,0.1126,0.1126
0.10456,0.10456,0.10456,0.10456,0.10456,0.10456,0.10456
0.10992,0.10992,0.10992,0.10992,0.10992,0.10992,0.10992
0.10992,0.10992,0.10992,0.10992,0.10992,0.10992,0.10992
0.10456,0.10456,0.10456,0.10456,0.10456,0.10456,0.10456
0.10456,0.10456,0.10456,0.10456,0.10456,0.10456,0.10456
0.11528,0.11528,0.11528,0.11528,0.11528,0.11528,0.11528
0.12064,0.12064,0.12064,0.12064,0.12064,0.12064,0.12064
0.12064,0.12064,0.12064,0.12064,0.12064,0.12064,0.12064
0.12601,0.12601,0.12601,0.12601,0.12601,0.12601,0.12601
0.12869,0.12869,0.12869,0.12869,0.12869,0.12869,0.12869
0.12601,0.12601,0.12601,0.12601,0.12601,0.12601,0.12601
0.14209,0.14209,0.14209,0.14209,0.14209,0.14209,0.14209
0.13941,0.13941,0.13941,0.13941,0.13941,0.13941,0.13941
0.14209,0.14209,0.14209,0.14209,0.14209,0.14209,0.14209
0.15013,0.15013,0.15013,0.15013,0.15013,0.15013,0.15013
0.1689,0.1689,0.1689,0.1689,0.1689,0.1689,0.1689
0.1689,0.1689,0.1689,0.1689,0.1689,0.1689,0.1689
0.17962,0.17962,0.17962,0.17962,0.17962,0.17962,0.17962
0.18767,0.18767,0.18767,0.18767,0.18767,0.18767,0.18767
0.19303,0.19303,0.19303,0.19303,0.19303,0.19303,0.19303
0.19839,0.19839,0.19839,0.19839,0.19839,0.19839,0.19839
0.19839,0.19839,0.19839,0.19839,0.19839,0.19839,0.19839
0.19839,0.19839,0.19839,0.19839,0.19839,0.19839,0.19839
0.19839,0.19839,0.19839,0.19839,0.19839,0.19839,0.19839
0.19035,0.19035,0.19035,0.19035,0.19035,0.19035,0.19035
0.18231,0.18231,0.18231,0.18231,0.18231,0.18231,0.18231
0.17426,0.17426,0.17426,0.17426,0.17426,0.17426,0.17426
0.17694,0.17694,0.17694,0.17694,0.17694,0.17694,0.17694
0.1689,0.1689,0.1689,0.1689,0.1689,0.1689,0.1689
0.17158,0.17158,0.17158,0.17158,0.17158,0.17158,0.17158
0.17158,0.17158,0.17158,0.17158,0.17158,0.17158,0.17158
1.3087,1.22842662160007,1.25295297342104,1.21781480875024,1.34029638613541,1.10965274623804,1.08892966455301
1.312,1.22233907478317,1.22752672368066,1.21982217116683,1.33184162297859,1.1100933518074,1.06095855038009
1.3149,1.20097069068571,1.22854168004511,1.2475114350374,1.3149170351392,1.10908907971447,1.01437974633293
1.3218,1.18506941082169,1.2382731084249,1.28928909067966,1.27815451938933,1.1175285621208,1.00601837398148
1.3285,1.20675180572969,1.26734839700571,1.29939922666897,1.26112777171882,1.13574202064748,1.13590299799216
1.3365,1.21803420010597,1.30650466203962,1.29484611316796,1.28438507256579,1.15385525549933,1.18655786247999
1.346,1.21751245411516,1.32310009502894,1.28263284510717,1.33044905987996,1.15019389498436,1.1428107639256
1.332,1.24579412657139,1.38338146754735,1.31619422793642,1.36455104670547,1.14340125558963,1.07719214533611
1.3091,1.32209015931434,1.44948768842103,1.38243234439566,1.38138308479988,1.15790422247171,1.07745043235896
1.2992,1.29991528907672,1.40795362722387,1.41290589382791,1.36867326805566,1.19313165339315,1.24298869508438
1.2897,1.24403083739266,1.35861696370038,1.40328501480567,1.33597856389348,1.27605483844557,1.49542665887012
1.2791,1.19598774327101,1.28848601291041,1.34359235663563,1.28915969053026,1.29998198804626,1.46492253605908
1.2605,1.16441524614144,1.19258503277429,1.23098935131221,1.20204603023658,1.27377398449268,1.44477770581569
1.2368,1.1372944165585,1.12002838596762,1.11018751302552,1.14719568157898,1.22693774799726,1.43520453451973
1.2368,1.11504957238624,1.07540791912841,1.04383808319372,1.10678525894717,1.1966391166835,1.45598405459292
1.2397,1.12512960730309,1.06546767106877,1.06313794344882,1.10008384948383,1.16783018828867,1.51252621460279
1.2431,1.17718856590681,1.14928072247635,1.18288064900563,1.11272547246472,1.14488688739149,1.47483135263626
1.2455,1.19857196055187,1.2017584330694,1.245377816041,1.13797493842836,1.13276141961824,1.31240741639886
1.2551,1.20631456646113,1.21942868266184,1.26097379257227,1.18242210626821,1.13858921845715,1.15683588300309
1.2741,1.22086185319481,1.23319837939939,1.26559640483571,1.25107668166923,1.18581076186778,1.05651402425907
1.2933,1.22815736380875,1.25016864792102,1.27606092486933,1.2970977126628,1.22543764654055,0.999562357354394
1.3127,1.23507980099638,1.26090215338016,1.27508968673156,1.32617629083167,1.25133704176205,0.973914566323262
1.3339,1.22718126740237,1.26609439654976,1.29605715433714,1.34354159265765,1.27659217493267,0.944597469838444
1.3471,1.22998619306382,1.27482696537106,1.285539097667,1.35522013944824,1.28579707335268,0.939088122977188
