small_1,small_de_2,all_3,all_de_4,small_5,small_de_6,all_7,all_de_8,small_9,small_de_10,all_11,all_de_12,small_13,small_de_14,all_15,all_de_16,small_17,small_de_18,all_19,all_de_20,small_21,small_de_22,all_23,all_de_24,small_25,small_de_26,all_27,all_de_28,original
1.60930466651917,1.57855701446533,1.6213538646698,1.59743368625641,1.60561013221741,1.5749032497406,1.6289427280426,1.59730589389801,1.59253621101379,1.56798207759857,1.61718201637268,1.59800148010254,1.59893751144409,1.56808304786682,1.6162143945694,1.59758234024048,1.60887789726257,1.14253520965576,1.61957621574402,1.14253532886505,1.61045110225677,1.14253544807434,1.63330733776093,1.14253568649292,1.60448491573334,1.57469022274017,1.60912477970123,1.59735953807831,1.5497
1.59825336933136,1.58019411563873,1.64202857017517,1.61548840999603,1.59134650230408,1.57653880119324,1.65277910232544,1.61492550373077,1.58233535289764,1.56961762905121,1.63600420951843,1.61627399921417,1.58675146102905,1.56971991062164,1.63703739643097,1.61581718921661,1.59759163856506,1.15294599533081,1.63629877567291,1.1529461145401,1.59898710250854,1.1529461145401,1.65135300159454,1.15294635295868,1.59286987781525,1.57632625102997,1.63021302223206,1.61526525020599,1.546
1.59458434581757,1.5823712348938,1.65067362785339,1.62407624721527,1.59334635734558,1.57871413230896,1.66415548324585,1.62411677837372,1.57774865627289,1.57179236412048,1.64486193656921,1.62374138832092,1.58581638336182,1.57189750671387,1.6467080116272,1.62374556064606,1.59443831443787,1.16325056552887,1.64539957046509,1.16325068473816,1.59639060497284,1.16325080394745,1.66097593307495,1.16325104236603,1.59023666381836,1.57850217819214,1.63999724388123,1.62388646602631,1.547
1.56119120121002,1.54880464076996,1.63606643676758,1.60759460926056,1.56641101837158,1.54513716697693,1.65325689315796,1.60793626308441,1.54339778423309,1.53822100162506,1.63097143173218,1.60613822937012,1.55539858341217,1.53833079338074,1.63563501834869,1.6064829826355,1.56161212921143,1.17208886146545,1.63336157798767,1.17208886146545,1.56408786773682,1.17208898067474,1.65056145191193,1.17208921909332,1.55800902843475,1.54492771625519,1.62767767906189,1.60740065574646,1.5475
1.5748827457428,1.57152843475342,1.62502455711365,1.5928510427475,1.59313154220581,1.56786334514618,1.64916634559631,1.59315323829651,1.55478954315186,1.56094133853912,1.62057304382324,1.59179055690765,1.57522535324097,1.56105470657349,1.62905240058899,1.59206736087799,1.57648229598999,1.17841672897339,1.62422370910645,1.17841672897339,1.58019804954529,1.17841684818268,1.6441216468811,1.17841708660126,1.57411897182465,1.56765401363373,1.61965692043304,1.59303081035614,1.5443
1.60109663009644,1.59876942634583,1.63082194328308,1.59858560562134,1.62027561664581,1.5951007604599,1.65762436389923,1.59914124011993,1.58053600788116,1.58819222450256,1.62479543685913,1.59796059131622,1.60153317451477,1.58829379081726,1.63603115081787,1.59802949428558,1.60275745391846,1.18849956989288,1.62800407409668,1.18849945068359,1.60643231868744,1.18849968910217,1.64961409568787,1.18849992752075,1.60056686401367,1.59489142894745,1.62792670726776,1.59890425205231,1.5843
1.62029469013214,1.62442922592163,1.64930391311646,1.62006568908691,1.63094007968903,1.62076652050018,1.67538213729858,1.61966276168823,1.60102617740631,1.6138528585434,1.64038848876953,1.62092304229736,1.61658191680908,1.6139543056488,1.65237164497375,1.62036573886871,1.62118053436279,1.20464026927948,1.64001679420471,1.20464015007019,1.62402105331421,1.20464038848877,1.66240751743317,1.20464062690735,1.61822319030762,1.62055575847626,1.64591705799103,1.6199814081192,1.6244
1.63125169277191,1.64463829994202,1.67898464202881,1.65993189811707,1.63526368141174,1.64100897312164,1.70278930664062,1.65984857082367,1.61274445056915,1.63402855396271,1.66763997077942,1.66055774688721,1.6237735748291,1.6341712474823,1.67829811573029,1.66017806529999,1.6314868927002,1.21798169612885,1.66433382034302,1.21798169612885,1.63341104984283,1.21798181533813,1.68532145023346,1.217982172966,1.62803471088409,1.64079332351685,1.67367422580719,1.65971660614014,1.6637
1.60440623760223,1.64481770992279,1.68485617637634,1.68202030658722,1.61112141609192,1.64123976230621,1.70789349079132,1.68257129192352,1.58524763584137,1.63415145874023,1.67386841773987,1.68084859848022,1.59752154350281,1.63436532020569,1.68312335014343,1.68102550506592,1.60481882095337,1.22608804702759,1.6702173948288,1.22608816623688,1.60662627220154,1.22608828544617,1.68977975845337,1.22608864307404,1.60173308849335,1.64101648330688,1.67881274223328,1.68151569366455,1.7188
1.58598291873932,1.64025461673737,1.6709885597229,1.67625033855438,1.59672498703003,1.63672089576721,1.6955873966217,1.67690396308899,1.56589257717133,1.62954199314117,1.66154026985168,1.67401850223541,1.5801784992218,1.62981379032135,1.67101192474365,1.67460262775421,1.58670783042908,1.21340346336365,1.65990614891052,1.21340358257294,1.58842515945435,1.21340358257294,1.67880392074585,1.21340394020081,1.58420133590698,1.63649117946625,1.66617858409882,1.67581057548523,1.773
1.5252571105957,1.58159291744232,1.62965655326843,1.66006422042847,1.52759349346161,1.57806134223938,1.65407645702362,1.66018187999725,1.50747871398926,1.57085824012756,1.62267518043518,1.65810346603394,1.51591598987579,1.57115292549133,1.63206768035889,1.65853035449982,1.52539372444153,1.19430589675903,1.62441313266754,1.19430613517761,1.52617573738098,1.19430613517761,1.64188802242279,1.19430637359619,1.52230000495911,1.57783341407776,1.62453496456146,1.65965259075165,1.7288
1.45296728610992,1.51147043704987,1.57561588287354,1.62955141067505,1.4514844417572,1.50794994831085,1.59858882427216,1.62955141067505,1.43720626831055,1.50070059299469,1.57036089897156,1.62744879722595,1.44335734844208,1.50103414058685,1.57731246948242,1.62794816493988,1.4529721736908,1.16494131088257,1.57265949249268,1.16494143009186,1.45385646820068,1.16494143009186,1.58877182006836,1.16494178771973,1.44939231872559,1.50772285461426,1.5687643289566,1.62864053249359,1.6961
1.3935182094574,1.45498692989349,1.52669286727905,1.59867095947266,1.38144862651825,1.45144462585449,1.54469954967499,1.59992241859436,1.38078212738037,1.44423055648804,1.52040410041809,1.59495139122009,1.38040590286255,1.44454550743103,1.52515530586243,1.59616041183472,1.39275550842285,1.13844799995422,1.52137625217438,1.1384482383728,1.39314889907837,1.1384482383728,1.53601431846619,1.13844859600067,1.3880136013031,1.45122146606445,1.51840329170227,1.59767150878906,1.6578
1.38996052742004,1.46341109275818,1.4920459985733,1.557781457901,1.38296818733215,1.4598423242569,1.50803124904633,1.55894541740417,1.37635028362274,1.45270216464996,1.48380017280579,1.55505812168121,1.37965703010559,1.45296359062195,1.48702120780945,1.55621159076691,1.3895902633667,1.12192702293396,1.47995066642761,1.12192714214325,1.39083242416382,1.12192714214325,1.49549698829651,1.12192738056183,1.3850245475769,1.45962071418762,1.48432064056396,1.55707883834839,1.6077
1.38382124900818,1.4627001285553,1.46240305900574,1.52514088153839,1.38643622398376,1.45906865596771,1.4792206287384,1.52636897563934,1.36834275722504,1.45206964015961,1.45334410667419,1.52365231513977,1.37786555290222,1.45223784446716,1.45845317840576,1.52445507049561,1.3842248916626,1.11503481864929,1.44982182979584,1.11503505706787,1.38640344142914,1.11503505706787,1.46640801429749,1.11503529548645,1.38043022155762,1.4588543176651,1.45571994781494,1.52535617351532,1.5595
1.3640468120575,1.42013049125671,1.44056439399719,1.50092780590057,1.36721611022949,1.41645169258118,1.46196448802948,1.50086808204651,1.34854865074158,1.40953326225281,1.43214011192322,1.50132715702057,1.35840713977814,1.40965700149536,1.4406555891037,1.5009548664093,1.3644745349884,1.11540305614471,1.43041014671326,1.115403175354,1.36674618721008,1.11540329456329,1.44902956485748,1.11540341377258,1.36065244674683,1.41624581813812,1.43572092056274,1.5012549161911,1.511
1.32092916965485,1.35584986209869,1.41753697395325,1.49048960208893,1.32442724704742,1.35216045379639,1.4462639093399,1.49082612991333,1.30599772930145,1.34522652626038,1.41102981567383,1.48983454704285,1.31601226329803,1.34537518024445,1.42448508739471,1.48986423015594,1.32147359848022,1.1202677488327,1.41449975967407,1.1202677488327,1.32390022277832,1.12026786804199,1.43510770797729,1.12026810646057,1.31765294075012,1.35195982456207,1.41368842124939,1.49051678180695,1.4628
1.29239618778229,1.30063629150391,1.39182233810425,1.45809006690979,1.29180073738098,1.29694294929504,1.42314302921295,1.45923280715942,1.2785050868988,1.28999388217926,1.38610208034515,1.45505261421204,1.2858190536499,1.29016196727753,1.40153121948242,1.45590388774872,1.29261183738708,1.1194052696228,1.39233994483948,1.11940515041351,1.29469895362854,1.11940538883209,1.41346144676208,1.11940550804138,1.28838777542114,1.29674506187439,1.3883912563324,1.4573769569397,1.4362
1.27360439300537,1.27732038497925,1.36113882064819,1.40785241127014,1.28028607368469,1.27362072467804,1.39468944072723,1.40910053253174,1.25841820240021,1.26667153835297,1.35598874092102,1.40436685085297,1.27026176452637,1.26684617996216,1.37294375896454,1.40582978725433,1.27442908287048,1.12915313243866,1.36348211765289,1.12915289402008,1.27712035179138,1.12915325164795,1.38549470901489,1.12915313243866,1.27086043357849,1.27342474460602,1.35851418972015,1.40717947483063,1.4592
1.27972102165222,1.28166210651398,1.33930230140686,1.35905778408051,1.29627203941345,1.27795886993408,1.37423002719879,1.36032974720001,1.26248574256897,1.27101850509644,1.33384537696838,1.35618019104004,1.28058767318726,1.27118825912476,1.35153937339783,1.35726284980774,1.28134894371033,1.13553202152252,1.34102213382721,1.13553190231323,1.28484845161438,1.13553214073181,1.36362302303314,1.13553202152252,1.27869057655334,1.27776300907135,1.33813202381134,1.35876750946045,1.4479
1.28304243087769,1.27856087684631,1.33368909358978,1.32905054092407,1.30357933044434,1.27485382556915,1.36950051784515,1.32996773719788,1.2647864818573,1.26792514324188,1.32694268226624,1.32713735103607,1.28536367416382,1.26808726787567,1.34541416168213,1.32774305343628,1.28494393825531,1.13862705230713,1.33222723007202,1.13862681388855,1.2887042760849,1.13862717151642,1.35582339763641,1.13862693309784,1.28263545036316,1.27465760707855,1.3340916633606,1.32904231548309,1.4346
1.28615140914917,1.27730512619019,1.33524799346924,1.31747424602509,1.31391906738281,1.27359330654144,1.37332272529602,1.31780850887299,1.2664647102356,1.26667273044586,1.3274621963501,1.31667804718018,1.29163086414337,1.26683151721954,1.34676742553711,1.31692624092102,1.28865933418274,1.14679062366486,1.33115375041962,1.14679038524628,1.29302525520325,1.14679074287415,1.35560119152069,1.14679050445557,1.28702783584595,1.27339768409729,1.33607077598572,1.31770825386047,1.4213
1.28518342971802,1.26423251628876,1.34124755859375,1.31950438022614,1.30883228778839,1.26051843166351,1.38007283210754,1.31984388828278,1.26635575294495,1.25359523296356,1.33258199691772,1.31867384910583,1.28891205787659,1.25375866889954,1.35245847702026,1.3187175989151,1.28736102581024,1.15171349048615,1.33573770523071,1.15171325206757,1.29138779640198,1.15171360969543,1.36024975776672,1.15171349048615,1.28535890579224,1.26032388210297,1.34227812290192,1.31958615779877,1.4138
1.26934814453125,1.23963177204132,1.34750413894653,1.32379901409149,1.28605556488037,1.23591816425323,1.39018559455872,1.32395839691162,1.25213575363159,1.22898292541504,1.33751618862152,1.32304680347443,1.27027666568756,1.22915863990784,1.36022710800171,1.32313251495361,1.27098631858826,1.15584444999695,1.34009873867035,1.15584421157837,1.27447938919067,1.15584468841553,1.36623752117157,1.15584444999695,1.26833760738373,1.235724568367,1.34942102432251,1.32360363006592,1.411
