small_1,small_de_2,all_3,all_de_4,small_5,small_de_6,all_7,all_de_8,small_9,small_de_10,all_11,all_de_12,small_13,small_de_14,all_15,all_de_16,small_17,small_de_18,all_19,all_de_20,small_21,small_de_22,all_23,all_de_24,small_25,small_de_26,all_27,all_de_28,original
1.60788297653198,1.57477402687073,1.63026666641235,1.59640312194824,1.59857153892517,1.57481849193573,1.636150598526,1.59525752067566,1.60295355319977,1.57477486133575,1.62919187545776,1.59712052345276,1.61120235919952,1.57592475414276,1.61918783187866,1.5952091217041,1.62161648273468,1.57400906085968,1.6167426109314,1.59783530235291,1.60819554328918,1.57309806346893,1.62721562385559,1.59734153747559,1.60150396823883,1.57475674152374,1.63370251655579,1.5938606262207,1.5497
1.59633827209473,1.57641172409058,1.65890550613403,1.61398458480835,1.58725643157959,1.57645440101624,1.66661810874939,1.6127552986145,1.59131038188934,1.57641077041626,1.65600347518921,1.61474573612213,1.60003590583801,1.57754361629486,1.64505243301392,1.61276185512543,1.6099556684494,1.57567262649536,1.64387357234955,1.61540770530701,1.59584605693817,1.57475006580353,1.65004789829254,1.61492419242859,1.59027504920959,1.57638537883759,1.66251504421234,1.61137700080872,1.546
1.59351408481598,1.57858204841614,1.670494556427,1.62424039840698,1.58409214019775,1.57863318920135,1.6791353225708,1.62498664855957,1.58865916728973,1.5785881280899,1.66673231124878,1.62364220619202,1.59672498703003,1.57969784736633,1.6557981967926,1.62491536140442,1.60717463493347,1.57788360118866,1.65491783618927,1.62258040904999,1.59432828426361,1.57694232463837,1.65943193435669,1.62377560138702,1.58691608905792,1.57856273651123,1.67419981956482,1.62487840652466,1.547
1.56112408638,1.54500710964203,1.65314745903015,1.6089289188385,1.55134344100952,1.54506516456604,1.66140127182007,1.61105585098267,1.55645287036896,1.54501843452454,1.64909720420837,1.607381939888,1.56386113166809,1.54603481292725,1.6390483379364,1.61116588115692,1.57469058036804,1.54446113109589,1.63777339458466,1.60521566867828,1.56342816352844,1.54344999790192,1.64234983921051,1.60753798484802,1.55388939380646,1.54496920108795,1.65666735172272,1.61201703548431,1.5475
1.57675004005432,1.56771743297577,1.64091610908508,1.59433245658875,1.56615948677063,1.56779885292053,1.65032410621643,1.5968062877655,1.57247960567474,1.56774604320526,1.63733553886414,1.59266996383667,1.57828855514526,1.56878280639648,1.62603235244751,1.59656751155853,1.59053111076355,1.56714224815369,1.62635338306427,1.59050977230072,1.58205461502075,1.56613636016846,1.62847518920898,1.59272599220276,1.56829619407654,1.56771838665009,1.6441398859024,1.59756851196289,1.5443
1.60310995578766,1.59495770931244,1.65287375450134,1.59958136081696,1.59242486953735,1.59504508972168,1.6624128818512,1.60081613063812,1.59886801242828,1.59499025344849,1.64668607711792,1.59875166416168,1.60445892810822,1.5960613489151,1.63626933097839,1.60056293010712,1.61704301834106,1.59432673454285,1.63703739643097,1.59771537780762,1.60862576961517,1.59333539009094,1.63540697097778,1.59890484809875,1.59457325935364,1.59497511386871,1.6560662984848,1.60080671310425,1.5843
1.6210263967514,1.62062990665436,1.68116140365601,1.6186271905899,1.61083745956421,1.62069857120514,1.69026041030884,1.6170666217804,1.61652791500092,1.62064850330353,1.67126226425171,1.61977362632751,1.62306296825409,1.62175047397614,1.66216278076172,1.61702597141266,1.63496458530426,1.61994600296021,1.66249620914459,1.62085914611816,1.62457454204559,1.61898720264435,1.6570051908493,1.61998069286346,1.61330366134644,1.62063097953796,1.68466639518738,1.61542153358459,1.6244
1.63104128837585,1.64085102081299,1.71952986717224,1.65941596031189,1.62122845649719,1.64089107513428,1.72960257530212,1.65843462944031,1.62632870674133,1.6408509016037,1.70748615264893,1.66012406349182,1.63358461856842,1.64197635650635,1.6982729434967,1.65841627120972,1.64497864246368,1.6401299238205,1.69924485683441,1.66073083877563,1.63305842876434,1.63923192024231,1.69062733650208,1.66030371189117,1.62392568588257,1.64082980155945,1.72344601154327,1.65715789794922,1.6637
1.60468864440918,1.64103996753693,1.72663569450378,1.68343663215637,1.59472322463989,1.64104247093201,1.73588156700134,1.68399238586426,1.60003256797791,1.64101874828339,1.71323180198669,1.68298506736755,1.60702550411224,1.64213407039642,1.70545434951782,1.68407046794891,1.61854016780853,1.64034676551819,1.70524716377258,1.68206250667572,1.60732805728912,1.6395149230957,1.69707477092743,1.68313765525818,1.59727001190186,1.640988945961,1.73073577880859,1.68384039402008,1.7188
1.58697211742401,1.63648188114166,1.70693063735962,1.67839312553406,1.57677268981934,1.6364609003067,1.71513390541077,1.68044459819794,1.58240592479706,1.63644826412201,1.69415974617004,1.67695283889771,1.58897948265076,1.63758218288422,1.68735575675964,1.68052220344543,1.60078525543213,1.6357673406601,1.68599581718445,1.67498540878296,1.5904712677002,1.63500475883484,1.68033158779144,1.67707145214081,1.57913100719452,1.63642311096191,1.71100854873657,1.68111705780029,1.773
1.5250768661499,1.57782351970673,1.66070318222046,1.66056978702545,1.51553988456726,1.57779335975647,1.66760587692261,1.66364181041718,1.52020680904388,1.57777988910675,1.64956498146057,1.65821051597595,1.52823519706726,1.57883679866791,1.64420437812805,1.66372179985046,1.53839576244354,1.57722043991089,1.64146375656128,1.65612328052521,1.52624452114105,1.57641279697418,1.64022648334503,1.65834188461304,1.51803302764893,1.57771909236908,1.66467595100403,1.66478657722473,1.7288
1.45218861103058,1.50769746303558,1.60169148445129,1.62998950481415,1.44305109977722,1.50766456127167,1.61050009727478,1.63327193260193,1.44719064235687,1.50764989852905,1.59461617469788,1.62729918956757,1.45614719390869,1.508620262146,1.58677124977112,1.63316452503204,1.4650022983551,1.50722634792328,1.58554410934448,1.62452220916748,1.45221936702728,1.50637531280518,1.58595299720764,1.62726521492004,1.44553589820862,1.50755894184113,1.60567808151245,1.63462460041046,1.6961
1.3911098241806,1.45121574401855,1.55420017242432,1.60231471061707,1.38275742530823,1.45118391513824,1.56497621536255,1.60704505443573,1.3857878446579,1.45116555690765,1.54838466644287,1.5986795425415,1.39639520645142,1.45207822322845,1.53946113586426,1.60705828666687,1.40342283248901,1.4508284330368,1.53952407836914,1.59410500526428,1.38851046562195,1.44991660118103,1.53949189186096,1.59860122203827,1.38548970222473,1.45104897022247,1.55827283859253,1.60979652404785,1.6578
1.38823020458221,1.45963561534882,1.52306008338928,1.56128203868866,1.37953472137451,1.45961892604828,1.53314089775085,1.56567513942719,1.38309717178345,1.45959889888763,1.51464819908142,1.55806601047516,1.39298367500305,1.46055924892426,1.50677156448364,1.56530439853668,1.40062510967255,1.45918309688568,1.50614988803864,1.55331158638,1.38706922531128,1.45827150344849,1.50333201885223,1.55797076225281,1.38212466239929,1.45950841903687,1.52745115756989,1.56802535057068,1.6077
1.38351488113403,1.45890974998474,1.49037742614746,1.52900969982147,1.37419962882996,1.45893502235413,1.50061750411987,1.53229403495789,1.37868702411652,1.4589022397995,1.48257923126221,1.5267698764801,1.38732957839966,1.45986437797546,1.47291231155396,1.53218960762024,1.3960325717926,1.45846045017242,1.47429144382477,1.52321255207062,1.38476753234863,1.45747017860413,1.46958255767822,1.52690196037292,1.37647545337677,1.45883023738861,1.49418842792511,1.53410589694977,1.5595
1.36382555961609,1.41633009910583,1.46914505958557,1.50177896022797,1.35448789596558,1.41638195514679,1.47677326202393,1.50385665893555,1.35901582241058,1.41633605957031,1.45914483070374,1.50023674964905,1.36762607097626,1.41720449924469,1.45232748985291,1.50373542308807,1.37626230716705,1.41601967811584,1.45163452625275,1.49874150753021,1.36527442932129,1.41490876674652,1.44699394702911,1.50041675567627,1.35671651363373,1.41623628139496,1.47324705123901,1.50450837612152,1.511
1.32076799869537,1.35203778743744,1.44314813613892,1.49234867095947,1.31149649620056,1.35210371017456,1.45332217216492,1.49550235271454,1.31595540046692,1.35204875469208,1.43672251701355,1.48983800411224,1.32477724552155,1.35276663303375,1.42716717720032,1.49533569812775,1.33294761180878,1.35195517539978,1.42907238006592,1.48751628398895,1.3221640586853,1.35072982311249,1.42463183403015,1.48987376689911,1.31363010406494,1.35190141201019,1.44662952423096,1.49695980548859,1.4628
1.29163694381714,1.29682528972626,1.4194495677948,1.46176016330719,1.28266525268555,1.29688346385956,1.43071174621582,1.46653473377228,1.28669047355652,1.29682779312134,1.41369843482971,1.45812356472015,1.29614889621735,1.29743671417236,1.40421962738037,1.46642994880676,1.30360591411591,1.29690790176392,1.40640962123871,1.4538733959198,1.29202604293823,1.2956120967865,1.40194976329803,1.45801997184753,1.28488051891327,1.29663693904877,1.42285394668579,1.46945297718048,1.4362
1.27395725250244,1.27350330352783,1.38458633422852,1.41170823574066,1.26454567909241,1.27356612682343,1.39707064628601,1.41739141941071,1.2692277431488,1.27350914478302,1.38100302219391,1.40763831138611,1.27783715724945,1.27404546737671,1.3695901632309,1.41725671291351,1.28593218326569,1.2737033367157,1.37341678142548,1.40236937999725,1.27609038352966,1.27235496044159,1.36883783340454,1.40751945972443,1.26648724079132,1.27329885959625,1.3873587846756,1.42104911804199,1.4592
1.28156101703644,1.27783906459808,1.36156392097473,1.36309194564819,1.27150559425354,1.27790880203247,1.37391638755798,1.36810898780823,1.27713572978973,1.27785205841064,1.3576991558075,1.35964953899384,1.28445208072662,1.27837872505188,1.34570574760437,1.36789226531982,1.29371702671051,1.27806258201599,1.35040962696075,1.35511696338654,1.2860996723175,1.27670443058014,1.34381854534149,1.35958194732666,1.27313566207886,1.27764749526978,1.36410975456238,1.37117433547974,1.4479
1.28549158573151,1.2747403383255,1.35775589942932,1.3321396112442,1.27515459060669,1.27480292320251,1.36882090568542,1.33598208427429,1.28119087219238,1.27475023269653,1.35145902633667,1.32958900928497,1.28792583942413,1.27526676654816,1.34088182449341,1.33581387996674,1.29774832725525,1.27498614788055,1.34505367279053,1.32640445232391,1.29108035564423,1.27362370491028,1.33620643615723,1.3296229839325,1.27666449546814,1.27454221248627,1.36039090156555,1.33815884590149,1.4346
1.2896900177002,1.2734797000885,1.36406779289246,1.31937348842621,1.27889013290405,1.27354776859283,1.37606120109558,1.32244658470154,1.28561055660248,1.27349472045898,1.35665941238403,1.31737756729126,1.29142379760742,1.27398777008057,1.34541392326355,1.3222633600235,1.30206382274628,1.27376878261566,1.35111629962921,1.31513798236847,1.29701042175293,1.27238619327545,1.33848917484283,1.31742799282074,1.28016746044159,1.27328538894653,1.36662912368774,1.32397329807281,1.4213
1.28810095787048,1.26040863990784,1.37785530090332,1.3211966753006,1.27757036685944,1.26047253608704,1.39006328582764,1.32425498962402,1.28389430046082,1.26041960716248,1.36814737319946,1.3191385269165,1.29024827480316,1.26087772846222,1.35806465148926,1.32409679889679,1.30040490627289,1.26074981689453,1.36369156837463,1.31714618206024,1.29440641403198,1.25934445858002,1.34847378730774,1.31917607784271,1.27897953987122,1.26019477844238,1.38061690330505,1.32574796676636,1.4138
1.27122259140015,1.23581314086914,1.39264106750488,1.32481253147125,1.26116871833801,1.23586547374725,1.4065272808075,1.32764065265656,1.26679825782776,1.23581385612488,1.38121461868286,1.32279253005981,1.27413129806519,1.23621869087219,1.37081074714661,1.32745552062988,1.28332841396332,1.23623311519623,1.3774151802063,1.32091617584229,1.27579784393311,1.23479831218719,1.35863637924194,1.32278347015381,1.26277422904968,1.23556244373322,1.39542436599731,1.32906758785248,1.411
