small_1,small_de_2,all_3,all_de_4,small_5,small_de_6,all_7,all_de_8,small_9,small_de_10,all_11,all_de_12,small_13,small_de_14,all_15,all_de_16,small_17,small_de_18,all_19,all_de_20,small_21,small_de_22,all_23,all_de_24,small_25,small_de_26,all_27,all_de_28,original
1.24207079410553,1.21111309528351,1.35855710506439,1.32565200328827,1.24964761734009,1.21102261543274,1.36814415454865,1.32607400417328,1.25160503387451,1.2092217206955,1.32917523384094,1.3219233751297,1.25158703327179,1.21111536026001,1.32925069332123,1.32441520690918,1.24324250221252,1.16169667243958,1.31450605392456,1.16169607639313,1.25351405143738,1.16169536113739,1.34878301620483,1.16169631481171,1.24299621582031,1.21065938472748,1.37171745300293,1.32620489597321,1.417
1.24377369880676,1.22483456134796,1.36776947975159,1.32482826709747,1.25040507316589,1.22474539279938,1.37761151790619,1.32492399215698,1.25340890884399,1.22289156913757,1.33405208587646,1.32066059112549,1.25270402431488,1.22482228279114,1.3327339887619,1.3229478597641,1.2451114654541,1.17177879810333,1.31573939323425,1.17177832126617,1.25479292869568,1.17177748680115,1.35263681411743,1.17177844047546,1.24456441402435,1.22438132762909,1.38323283195496,1.32521462440491,1.4205
1.24268400669098,1.2233921289444,1.3786963224411,1.32776939868927,1.24186599254608,1.22330391407013,1.38866925239563,1.32787024974823,1.25307297706604,1.22149097919464,1.3405590057373,1.32409334182739,1.24701535701752,1.22339344024658,1.33890604972839,1.32682359218597,1.24535989761353,1.18197631835938,1.31850826740265,1.18197572231293,1.25053977966309,1.18197500705719,1.35739064216614,1.18197596073151,1.24244105815887,1.22294056415558,1.39506614208221,1.32814812660217,1.4261
1.23370146751404,1.21599769592285,1.39224231243134,1.32973003387451,1.23418951034546,1.21590864658356,1.40344071388245,1.33003735542297,1.2439112663269,1.21409928798676,1.34948468208313,1.3282927274704,1.23883283138275,1.2160005569458,1.34466958045959,1.33041191101074,1.23615956306458,1.19085025787354,1.32296395301819,1.1908495426178,1.2422057390213,1.19084894657135,1.36501336097717,1.19084990024567,1.2336585521698,1.21554625034332,1.41313076019287,1.33003199100494,1.4313
1.25078666210175,1.23231399059296,1.40171468257904,1.33762562274933,1.25088930130005,1.23222851753235,1.41154325008392,1.33776009082794,1.26111555099487,1.23038971424103,1.35664796829224,1.33410179615021,1.25565373897552,1.23230969905853,1.35270524024963,1.33639907836914,1.25326240062714,1.19722092151642,1.32904291152954,1.19722032546997,1.25883483886719,1.19721972942352,1.37202250957489,1.19722056388855,1.25064778327942,1.23186445236206,1.42082715034485,1.33804953098297,1.4368
1.26548075675964,1.25444662570953,1.42055630683899,1.34150624275208,1.27159023284912,1.25436508655548,1.43151032924652,1.34151589870453,1.27532756328583,1.2525520324707,1.37188971042633,1.33873450756073,1.27412283420563,1.25444948673248,1.36735081672668,1.34040546417236,1.26686441898346,1.20895731449127,1.34170007705688,1.20895659923553,1.27602159976959,1.20895612239838,1.38704943656921,1.20895707607269,1.26614654064178,1.25399935245514,1.4417599439621,1.34165322780609,1.4417
1.24885296821594,1.24834060668945,1.43985617160797,1.35447597503662,1.2567093372345,1.24826121330261,1.45243918895721,1.35518634319305,1.25853824615479,1.24646949768066,1.38676238059998,1.35230338573456,1.25853753089905,1.24835181236267,1.38070106506348,1.3541955947876,1.24989545345306,1.22618019580841,1.35173189640045,1.22617959976196,1.25999760627747,1.22617900371552,1.40044593811035,1.22617995738983,1.24976325035095,1.24789595603943,1.46502494812012,1.35525918006897,1.4481
1.23442006111145,1.25342929363251,1.44751513004303,1.3708564043045,1.24256694316864,1.25334560871124,1.46264684200287,1.37184000015259,1.24406290054321,1.25199818611145,1.39298796653748,1.36743819713593,1.2442307472229,1.25356268882751,1.38435781002045,1.3700395822525,1.23538446426392,1.24047517776489,1.35606169700623,1.24047458171844,1.24554836750031,1.240473985672,1.40698194503784,1.24047493934631,1.23537397384644,1.25298476219177,1.47780334949493,1.37180948257446,1.462
1.22073864936829,1.2832909822464,1.43134188652039,1.38555502891541,1.23600602149963,1.28320169448853,1.44719517230988,1.38639640808105,1.22961509227753,1.28250968456268,1.37758529186249,1.37880432605743,1.23489129543304,1.28360188007355,1.36683082580566,1.38190126419067,1.22041130065918,1.25201559066772,1.34095942974091,1.25201499462128,1.23482012748718,1.25201416015625,1.39233064651489,1.25201535224915,1.22269237041473,1.28284537792206,1.46500170230865,1.38644742965698,1.4525
1.2114839553833,1.29614222049713,1.40168905258179,1.38351762294769,1.2210054397583,1.2960501909256,1.41659247875214,1.38419246673584,1.2209529876709,1.29595959186554,1.35196161270142,1.37511157989502,1.22193467617035,1.29661846160889,1.34365177154541,1.3791743516922,1.21208906173706,1.24218571186066,1.31898784637451,1.2421852350235,1.22256422042847,1.24218416213989,1.36763882637024,1.24218535423279,1.21260666847229,1.29569756984711,1.43123745918274,1.38453304767609,1.4418
1.18992686271667,1.29446280002594,1.37076306343079,1.37827622890472,1.20390999317169,1.29436898231506,1.38661241531372,1.3788628578186,1.19891381263733,1.29458010196686,1.32536518573761,1.37315094470978,1.20316708087921,1.29502022266388,1.31670796871185,1.37621605396271,1.18976700305939,1.22243070602417,1.29565858840942,1.22243022918701,1.2031238079071,1.22242915630341,1.34182214736938,1.22243046760559,1.19170498847961,1.29401767253876,1.40031611919403,1.37894546985626,1.4304
1.18326926231384,1.28409433364868,1.33792328834534,1.37819027900696,1.19666886329651,1.2840029001236,1.35257387161255,1.37881684303284,1.19230997562408,1.28412926197052,1.2979576587677,1.3726521730423,1.19608974456787,1.28462779521942,1.29027438163757,1.37555181980133,1.18318009376526,1.19281709194183,1.27178812026978,1.19281685352325,1.19602787494659,1.19281566143036,1.315185546875,1.19281685352325,1.18495893478394,1.28364956378937,1.36383318901062,1.37912726402283,1.4187
1.15950751304626,1.25634574890137,1.31049764156342,1.36314404010773,1.17913281917572,1.2562620639801,1.32700955867767,1.36362910270691,1.16790175437927,1.25587785243988,1.27301692962646,1.35896790027618,1.17604970932007,1.25673949718475,1.26423954963684,1.36099183559418,1.1582338809967,1.16530501842499,1.24892520904541,1.16530466079712,1.17454838752747,1.16530346870422,1.29179382324219,1.16530478000641,1.16205728054047,1.25590312480927,1.33818364143372,1.36372756958008,1.4071
1.12851047515869,1.22840309143066,1.28704857826233,1.35542857646942,1.14856004714966,1.22832345962524,1.30393207073212,1.35625290870667,1.13685607910156,1.22754943370819,1.25049579143524,1.35101819038391,1.14549207687378,1.22869050502777,1.24153530597687,1.35322117805481,1.12727534770966,1.14726066589355,1.2260490655899,1.14726030826569,1.14441609382629,1.14725923538208,1.26874017715454,1.14726042747498,1.13119208812714,1.22796142101288,1.31565344333649,1.35631108283997,1.3921
1.12232637405396,1.21701955795288,1.265465259552,1.34076356887817,1.13994550704956,1.21694529056549,1.28195118904114,1.34136140346527,1.13093066215515,1.21555495262146,1.22899580001831,1.33716249465942,1.13786721229553,1.21713829040527,1.22175467014313,1.33917093276978,1.12155973911285,1.13887023925781,1.20526957511902,1.13886988162994,1.13739132881165,1.13886892795563,1.24713945388794,1.13887012004852,1.12468719482422,1.21657812595367,1.29294371604919,1.34124875068665,1.3778
1.11695325374603,1.18373489379883,1.25833785533905,1.32854664325714,1.13225030899048,1.18366134166718,1.27332758903503,1.32881319522858,1.12580442428589,1.18185973167419,1.21941876411438,1.32634997367859,1.13110625743866,1.18374228477478,1.2139972448349,1.32868075370789,1.11662745475769,1.13766884803772,1.19510447978973,1.13766837120056,1.1311753988266,1.13766753673553,1.23693466186523,1.13766860961914,1.11900472640991,1.18329298496246,1.28472256660461,1.32888233661652,1.3558
1.11249196529388,1.15659177303314,1.25816166400909,1.31816136837006,1.12676095962524,1.15651679039001,1.27342212200165,1.31879270076752,1.12144982814789,1.15465974807739,1.21753120422363,1.3150041103363,1.12601339817047,1.1565854549408,1.21077036857605,1.31755185127258,1.11235177516937,1.14097416400909,1.19118010997772,1.14097368717194,1.12628841400146,1.14097285270691,1.23421478271484,1.14097392559052,1.11440443992615,1.15614986419678,1.28575456142426,1.31868815422058,1.3346
1.12790107727051,1.14247953891754,1.26681733131409,1.30564916133881,1.13367760181427,1.14240407943726,1.28092658519745,1.30595374107361,1.1377660036087,1.14056849479675,1.22440648078918,1.29919147491455,1.13615703582764,1.14248132705688,1.2187465429306,1.30328500270844,1.1292507648468,1.13927912712097,1.19709861278534,1.1392787694931,1.13788342475891,1.13927793502808,1.24010872840881,1.13927888870239,1.12860226631165,1.14203834533691,1.29208624362946,1.30611824989319,1.315
1.11542081832886,1.13092863559723,1.27225637435913,1.27988684177399,1.13051342964172,1.13085126876831,1.28755223751068,1.27999114990234,1.12429475784302,1.12900733947754,1.22816061973572,1.2766432762146,1.12947392463684,1.13092768192291,1.21907019615173,1.27942383289337,1.11514723300934,1.149866938591,1.19875717163086,1.14986634254456,1.12964677810669,1.14986574649811,1.24349308013916,1.14986681938171,1.1174510717392,1.13048672676086,1.30168008804321,1.28008008003235,1.2975
1.10344123840332,1.11493682861328,1.27263903617859,1.25933170318604,1.12236201763153,1.1148601770401,1.28782141208649,1.25982940196991,1.11190247535706,1.11300551891327,1.22701048851013,1.25494599342346,1.11985540390015,1.11493420600891,1.21716272830963,1.25754344463348,1.10249018669128,1.15574944019318,1.19569265842438,1.15574896335602,1.11935770511627,1.15574824810028,1.24223065376282,1.15574932098389,1.10601985454559,1.1144962310791,1.30334830284119,1.26011955738068,1.2928
1.11040902137756,1.10949349403381,1.2815535068512,1.25410139560699,1.12221562862396,1.10941696166992,1.29769361019135,1.25434768199921,1.1195901632309,1.10756731033325,1.23327589035034,1.24877321720123,1.12239325046539,1.10949409008026,1.22448587417603,1.25246453285217,1.11071181297302,1.15822088718414,1.20077610015869,1.1582202911377,1.12315857410431,1.15821969509125,1.24822914600372,1.15822064876556,1.11198401451111,1.10905361175537,1.31340527534485,1.25460016727448,1.2871
1.09661638736725,1.09082114696503,1.2864453792572,1.24686205387115,1.11318469047546,1.09074592590332,1.30264091491699,1.24724400043488,1.10528528690338,1.08887457847595,1.23440456390381,1.24357628822327,1.11154198646545,1.09081745147705,1.22495579719543,1.24646019935608,1.09607899188995,1.16561615467072,1.19935369491577,1.16561555862427,1.11148047447205,1.16561496257782,1.24849057197571,1.16561603546143,1.09887337684631,1.09038305282593,1.32090973854065,1.24732029438019,1.2819
1.09983992576599,1.08270299434662,1.28988564014435,1.24093353748322,1.11449420452118,1.08262884616852,1.30549001693726,1.24148106575012,1.10871338844299,1.08075749874115,1.23637974262238,1.2363463640213,1.11358225345612,1.08270084857941,1.22672152519226,1.23953533172607,1.09964036941528,1.17005515098572,1.1995507478714,1.17005467414856,1.11385703086853,1.17005395889282,1.24979901313782,1.17005491256714,1.1018248796463,1.08226633071899,1.32433140277863,1.24171388149261,1.2754
1.10682308673859,1.083376288414,1.29384708404541,1.23229396343231,1.12049639225006,1.08330297470093,1.30998289585114,1.23259174823761,1.11580491065979,1.08144283294678,1.23979103565216,1.22804689407349,1.11996746063232,1.08337795734406,1.23030745983124,1.2312194108963,1.1068000793457,1.17420983314514,1.20294451713562,1.17420923709869,1.12042093276978,1.17420864105225,1.2532331943512,1.17420959472656,1.10866522789001,1.0829404592514,1.32853853702545,1.2327733039856,1.2671
