small_1,small_de_2,all_3,all_de_4,small_5,small_de_6,all_7,all_de_8,small_9,small_de_10,all_11,all_de_12,small_13,small_de_14,all_15,all_de_16,small_17,small_de_18,all_19,all_de_20,small_21,small_de_22,all_23,all_de_24,small_25,small_de_26,all_27,all_de_28,original
0.790688812732697,0.795481383800507,0.795127630233765,0.919622540473938,1.17644882202148,1.13779413700104,1.38357102870941,1.28391826152802,1.17670905590057,1.13772559165955,1.31132531166077,1.28683400154114,1.17432403564453,1.1377956867218,1.29962873458862,1.28669655323029,1.17658996582031,1.1974972486496,1.29284429550171,1.19749617576599,1.17686033248901,1.19749736785889,1.2692129611969,1.19749712944031,1.17648112773895,1.13781666755676,1.32747149467468,1.28436481952667,1.1443
0.844019651412964,0.853180646896362,0.935654520988464,1.0024893283844,1.19076728820801,1.16662800312042,1.41390180587769,1.302494764328,1.19112575054169,1.16651022434235,1.33805906772614,1.30690503120422,1.18796253204346,1.16663062572479,1.32633018493652,1.30627906322479,1.19093835353851,1.20733368396759,1.31838059425354,1.20733273029327,1.19127631187439,1.20733380317688,1.29393398761749,1.2073335647583,1.19080591201782,1.16665041446686,1.35575485229492,1.30278670787811,1.1535
0.89147812128067,0.904408872127533,1.03797399997711,1.07327890396118,1.19508802890778,1.17541754245758,1.4347927570343,1.31965053081512,1.19536924362183,1.1753214597702,1.35856604576111,1.32349836826324,1.19269728660583,1.1754195690155,1.34691500663757,1.32329428195953,1.19524240493774,1.21708905696869,1.33930623531342,1.21708834171295,1.19553756713867,1.21708917617798,1.31463384628296,1.2170889377594,1.19512271881104,1.17543995380402,1.37603330612183,1.32024323940277,1.1665
0.93330329656601,0.947342574596405,1.11393237113953,1.12888514995575,1.20118284225464,1.18077528476715,1.44644713401794,1.33261942863464,1.20148897171021,1.18066263198853,1.37357306480408,1.33723330497742,1.19867300987244,1.18077778816223,1.35981166362762,1.33635568618774,1.20134258270264,1.22529685497284,1.35493612289429,1.2252961397171,1.20165407657623,1.22529697418213,1.32988142967224,1.22529673576355,1.20121717453003,1.18079769611359,1.38888156414032,1.33305811882019,1.1853
0.969795942306519,0.982877433300018,1.17049789428711,1.17220997810364,1.19978594779968,1.18033277988434,1.4542601108551,1.3457772731781,1.2001119852066,1.1802304983139,1.38200378417969,1.34890377521515,1.19723129272461,1.18033504486084,1.36687159538269,1.34872591495514,1.19994962215424,1.23185396194458,1.3638002872467,1.23185348510742,1.20027041435242,1.23185420036316,1.33757495880127,1.23185396194458,1.19981956481934,1.18035519123077,1.39523196220398,1.34629213809967,1.1921
1.00233542919159,1.02014493942261,1.21560192108154,1.21405959129333,1.21286237239838,1.19273328781128,1.4661877155304,1.36221659183502,1.21291041374207,1.19269037246704,1.39540696144104,1.36463785171509,1.21172189712524,1.1927353143692,1.38043308258057,1.36468458175659,1.21295857429504,1.24322330951691,1.37703216075897,1.24322259426117,1.21312546730042,1.2432234287262,1.35188055038452,1.24322319030762,1.21288514137268,1.19275605678558,1.40727257728577,1.36255371570587,1.1911
1.03546190261841,1.06398570537567,1.25595140457153,1.26093745231628,1.2534327507019,1.24086916446686,1.49479365348816,1.38954544067383,1.25331151485443,1.24085783958435,1.42343091964722,1.39291322231293,1.25284993648529,1.24087131023407,1.40998935699463,1.39283299446106,1.25349640846252,1.25947225093842,1.40400958061218,1.25947153568268,1.25359129905701,1.25947237014771,1.38002812862396,1.25947213172913,1.253453373909,1.24089217185974,1.43677806854248,1.38981306552887,1.225
1.06215119361877,1.10004854202271,1.28709733486176,1.2963330745697,1.28071844577789,1.26668739318848,1.50405335426331,1.38965702056885,1.2808735370636,1.26656305789948,1.43199515342712,1.3957314491272,1.27830922603607,1.26669311523438,1.41418445110321,1.39481890201569,1.28083324432373,1.27251291275024,1.41198480129242,1.2725123167038,1.28110432624817,1.27251315116882,1.38379621505737,1.27251291275024,1.28075933456421,1.26671016216278,1.44412994384766,1.39000129699707,1.2599
1.07225930690765,1.12109732627869,1.30840730667114,1.31749045848846,1.27014470100403,1.2484689950943,1.49500131607056,1.3897967338562,1.27066230773926,1.24811923503876,1.42865490913391,1.39596378803253,1.26558613777161,1.24848484992981,1.39776515960693,1.39542663097382,1.27029800415039,1.28419399261475,1.40878367424011,1.28419351577759,1.27077078819275,1.28419411182404,1.37270128726959,1.28419387340546,1.27021360397339,1.24849140644073,1.42971813678741,1.39068818092346,1.2447
1.06347584724426,1.1083527803421,1.31460762023926,1.30616462230682,1.21620631217957,1.18038749694824,1.46939063072205,1.37918674945831,1.21677541732788,1.17994499206543,1.40897834300995,1.38296711444855,1.21147394180298,1.18041002750397,1.36924719810486,1.38279604911804,1.21631717681885,1.2755446434021,1.38896691799164,1.27554404735565,1.21678566932678,1.27554488182068,1.35016810894012,1.2755446434021,1.21628701686859,1.18041014671326,1.39941382408142,1.37978112697601,1.2297
1.04160690307617,1.07382714748383,1.30280256271362,1.27488899230957,1.14575862884521,1.09998536109924,1.43600177764893,1.34702491760254,1.14636754989624,1.09947514533997,1.37282741069794,1.34942364692688,1.14118146896362,1.10001254081726,1.33543646335602,1.349045753479,1.145840883255,1.25603353977203,1.35229384899139,1.2560328245163,1.14628887176514,1.25603377819061,1.31555819511414,1.25603353977203,1.14584267139435,1.10000801086426,1.36508059501648,1.34689021110535,1.2194
1.01394724845886,1.02691435813904,1.27449989318848,1.22823917865753,1.08009505271912,1.03121161460876,1.37543797492981,1.27872598171234,1.08058857917786,1.03075897693634,1.31176257133484,1.27858018875122,1.07657206058502,1.03123760223389,1.28622210025787,1.2791953086853,1.08013296127319,1.22708594799042,1.29347276687622,1.22708523273468,1.08047437667847,1.227086186409,1.26386690139771,1.22708606719971,1.08017122745514,1.03123438358307,1.3127555847168,1.27865850925446,1.1464
0.981465518474579,0.97949492931366,1.2345712184906,1.17585742473602,0.975210785865784,0.949616432189941,1.29133176803589,1.19248056411743,0.975451707839966,0.949317932128906,1.23101472854614,1.19427704811096,0.974139809608459,0.949636697769165,1.21456503868103,1.19376111030579,0.975180745124817,1.20054519176483,1.21543562412262,1.2005443572998,0.975306510925293,1.2005455493927,1.19227492809296,1.20054531097412,0.975256323814392,0.949639499187469,1.23860669136047,1.19238436222076,1.0759
0.957984387874603,0.950171589851379,1.1931426525116,1.13702046871185,0.947913289070129,0.949998080730438,1.21676313877106,1.13283324241638,0.94806832075119,0.949786901473999,1.16152238845825,1.13242614269257,0.94746720790863,0.950013399124146,1.15719985961914,1.13305294513702,0.947890162467957,1.18356812000275,1.14927685260773,1.18356704711914,0.947956681251526,1.18356835842133,1.13356637954712,1.18356812000275,0.947951078414917,0.950021147727966,1.17749571800232,1.13287353515625,1.0323
0.939974904060364,0.931078374385834,1.15446996688843,1.10875570774078,0.899308741092682,0.93044126033783,1.14358484745026,1.08604753017426,0.899101912975311,0.930414378643036,1.09955310821533,1.08474898338318,0.901358604431152,0.930449068546295,1.10100519657135,1.08506965637207,0.899223327636719,1.1721602678299,1.09040832519531,1.17215919494629,0.899052381515503,1.17216050624847,1.08124351501465,1.1721602678299,0.899317741394043,0.930464625358582,1.11497640609741,1.08565366268158,0.99282
0.937683641910553,0.932259678840637,1.12979435920715,1.10218703746796,0.95345801115036,0.982201337814331,1.12379288673401,1.07583701610565,0.953083157539368,0.982250392436981,1.0833660364151,1.07940518856049,0.95602023601532,0.982205212116241,1.08730685710907,1.07890164852142,0.95337438583374,1.16962099075317,1.0742723941803,1.16961967945099,0.953144907951355,1.16962122917175,1.06694722175598,1.16962099075317,0.953460812568665,0.982224762439728,1.10172414779663,1.07646501064301,0.98023
0.944158434867859,0.945006430149078,1.12067461013794,1.10944259166718,1.0157618522644,1.02728259563446,1.14098358154297,1.10707378387451,1.01533329486847,1.02733552455902,1.10295796394348,1.11126887798309,1.01814293861389,1.0272855758667,1.10017454624176,1.11075127124786,1.01568651199341,1.17271888256073,1.09327864646912,1.17271780967712,1.01546597480774,1.17271912097931,1.08151745796204,1.17271888256073,1.01576673984528,1.02730596065521,1.11512863636017,1.10761797428131,0.99052
0.961067795753479,0.960544347763062,1.12687397003174,1.11916172504425,1.08797025680542,1.08419740200043,1.18538689613342,1.13394451141357,1.08778977394104,1.0842102766037,1.14558529853821,1.14146971702576,1.08852005004883,1.08419919013977,1.13218331336975,1.14022278785706,1.08798027038574,1.1710821390152,1.1337616443634,1.17108106613159,1.0879487991333,1.17108237743378,1.11386251449585,1.1710821390152,1.08798885345459,1.0842205286026,1.15209889411926,1.13499987125397,1.0262
0.979019224643707,0.987464249134064,1.14385032653809,1.14509177207947,1.1089426279068,1.10211563110352,1.24819660186768,1.19344341754913,1.10893034934998,1.10208582878113,1.20223736763,1.19902610778809,1.10839295387268,1.10211825370789,1.18228650093079,1.19804537296295,1.10899996757507,1.18289971351624,1.18895542621613,1.18289887905121,1.10908007621765,1.18289983272552,1.16348421573639,1.18289959430695,1.108971118927,1.10213851928711,1.2054488658905,1.19419169425964,1.0711
0.998082160949707,1.00783455371857,1.16351366043091,1.16431200504303,1.12420523166656,1.1162942647934,1.28595900535583,1.22286462783813,1.12438774108887,1.11623644828796,1.23742151260376,1.2288031578064,1.12257146835327,1.11629664897919,1.21672487258911,1.22753942012787,1.1243155002594,1.1890332698822,1.22371220588684,1.18903243541718,1.12451648712158,1.18903338909149,1.19799160957336,1.18903315067291,1.12424027919769,1.1163170337677,1.24140572547913,1.22359919548035,1.1107
1.01604533195496,1.02262616157532,1.18356680870056,1.17932116985321,1.13446009159088,1.11768746376038,1.32172203063965,1.25892376899719,1.13453888893127,1.11766147613525,1.26824200153351,1.26311206817627,1.13350009918213,1.1176894903183,1.24896764755249,1.26237893104553,1.13454437255859,1.19149577617645,1.25418603420258,1.19149506092072,1.13468623161316,1.19149589538574,1.22910606861115,1.19149565696716,1.13448572158813,1.11771035194397,1.27336573600769,1.25960338115692,1.1344
1.03191375732422,1.03820085525513,1.2019339799881,1.19515001773834,1.13004803657532,1.10927629470825,1.34395182132721,1.27519190311432,1.13019371032715,1.10925126075745,1.28517174720764,1.28053486347198,1.12886893749237,1.10927796363831,1.26649117469788,1.27945685386658,1.13014709949493,1.19842648506165,1.2698380947113,1.19842565059662,1.13032221794128,1.19842660427094,1.24419045448303,1.19842636585236,1.13007283210754,1.10929918289185,1.29238939285278,1.27568936347961,1.1477
1.0497043132782,1.05142164230347,1.21803450584412,1.20716500282288,1.16000390052795,1.12777709960938,1.35432553291321,1.2837815284729,1.16000533103943,1.1277688741684,1.29587459564209,1.28616714477539,1.15947127342224,1.12777888774872,1.28043866157532,1.28633606433868,1.16007339954376,1.20165646076202,1.28098332881927,1.20165574550629,1.16018080711365,1.20165657997131,1.25744664669037,1.20165634155273,1.16002213954926,1.12780010700226,1.30398714542389,1.28407609462738,1.161
1.06836569309235,1.06401216983795,1.23308610916138,1.21577990055084,1.17072033882141,1.13746786117554,1.35831379890442,1.27219259738922,1.1709908246994,1.13742327690125,1.30191314220428,1.27664935588837,1.16879653930664,1.13746857643127,1.28541040420532,1.27552890777588,1.1708607673645,1.20454823970795,1.28702557086945,1.20454740524292,1.17112803459167,1.20454847812653,1.26303625106812,1.20454823970795,1.17074596881866,1.13749051094055,1.31023263931274,1.27241086959839,1.1579
