small_1,small_de_2,all_3,all_de_4,small_5,small_de_6,all_7,all_de_8,small_9,small_de_10,all_11,all_de_12,small_13,small_de_14,all_15,all_de_16,small_17,small_de_18,all_19,all_de_20,small_21,small_de_22,all_23,all_de_24,small_25,small_de_26,all_27,all_de_28,original
0.6965651512146,0.784129500389099,0.739191353321075,0.841347873210907,1.05451333522797,1.02965950965881,1.03293704986572,1.03239846229553,1.05127930641174,0.910896778106689,1.02562141418457,1.01675045490265,1.05432462692261,0.931156754493713,1.03010416030884,1.02237093448639,1.05374681949615,0.910651326179504,1.02267098426819,0.910651683807373,1.05226933956146,0.910650551319122,1.01091814041138,0.91065114736557,1.05530333518982,1.029660820961,1.0370237827301,1.03215706348419,0.92009
0.78940212726593,0.823469221591949,0.86159360408783,0.893708884716034,1.06432509422302,1.04613256454468,1.04318237304688,1.04305934906006,1.0648285150528,0.918982088565826,1.03612411022186,1.02981734275818,1.06437373161316,0.948595762252808,1.04045867919922,1.03491628170013,1.06552016735077,0.918682396411896,1.03478598594666,0.918682873249054,1.06499099731445,0.918681621551514,1.02062821388245,0.918682217597961,1.06487250328064,1.04613316059113,1.04730951786041,1.04257190227509,0.96454
0.862524926662445,0.865174412727356,0.938665986061096,0.94295459985733,1.08657133579254,1.06968128681183,1.05839359760284,1.06387615203857,1.08970201015472,0.930328667163849,1.05064117908478,1.04984903335571,1.08673787117004,0.96309757232666,1.05715250968933,1.05517101287842,1.08885765075684,0.930010616779327,1.05286288261414,0.930011034011841,1.08863604068756,0.930009841918945,1.03448688983917,0.930010437965393,1.08716726303101,1.06968176364899,1.06409311294556,1.06339383125305,0.98525
0.919743537902832,0.904301345348358,0.988731503486633,0.986181199550629,1.09401166439056,1.08368849754333,1.06969785690308,1.08201909065247,1.10003566741943,0.941422343254089,1.06213116645813,1.06691205501556,1.09431481361389,0.975258827209473,1.06872129440308,1.07264447212219,1.0975604057312,0.941092371940613,1.06757736206055,0.941092848777771,1.09778845310211,0.941091597080231,1.04662203788757,0.941092252731323,1.09453952312469,1.08368873596191,1.07674169540405,1.08160006999969,1.0012
0.962473392486572,0.937221705913544,1.02239632606506,1.02067017555237,1.08386445045471,1.07484233379364,1.072301030159,1.09205961227417,1.08986616134644,0.951278805732727,1.06651329994202,1.07736945152283,1.08426177501678,0.98919677734375,1.07327306270599,1.08217430114746,1.0879180431366,0.950927734375,1.07937777042389,0.950928211212158,1.08859777450562,0.950926959514618,1.0535968542099,0.950927555561066,1.08416533470154,1.07484257221222,1.07932019233704,1.09160196781158,1.012
0.987963855266571,0.966234743595123,1.04231488704681,1.04899215698242,1.07451009750366,1.06780397891998,1.06832432746887,1.10255527496338,1.07104635238647,0.964694976806641,1.06412124633789,1.08449220657349,1.07442474365234,0.990514755249023,1.07250738143921,1.09057188034058,1.0742244720459,0.964420258998871,1.07712006568909,0.964420557022095,1.07322406768799,0.964419484138489,1.05358016490936,0.964420080184937,1.07518362998962,1.06780517101288,1.07619857788086,1.10202050209045,1.0236
1.0095134973526,0.995716333389282,1.05476319789886,1.07538890838623,1.06160998344421,1.06577908992767,1.06242299079895,1.1139829158783,1.0622730255127,0.981208384037018,1.05819690227509,1.09149694442749,1.06174278259277,1.00763559341431,1.06572580337524,1.09872114658356,1.06327223777771,0.980919539928436,1.07168769836426,0.98091995716095,1.0630304813385,0.980918824672699,1.04786694049835,0.980919361114502,1.06204092502594,1.06578004360199,1.07061743736267,1.1135767698288,1.0375
1.01838874816895,1.01599979400635,1.05898714065552,1.09143459796906,1.03859722614288,1.05426216125488,1.04907023906708,1.10507476329803,1.03529667854309,0.990510523319244,1.04339814186096,1.08220982551575,1.03850197792053,1.01015591621399,1.0516791343689,1.08918237686157,1.03830981254578,0.990259170532227,1.05537807941437,0.99025958776474,1.03710913658142,0.990258455276489,1.03149163722992,0.990259051322937,1.0392187833786,1.05426299571991,1.05710792541504,1.10475242137909,1.0434
1.0222749710083,1.02615427970886,1.0545768737793,1.09675753116608,1.02628588676453,1.0595520734787,1.01682806015015,1.09043836593628,1.02350282669067,0.9870924949646,1.01399719715118,1.06396210193634,1.02620220184326,1.01039826869965,1.02121877670288,1.07259833812714,1.02614390850067,0.986824154853821,1.02392935752869,0.986824631690979,1.02473270893097,0.986823439598083,1.00655364990234,0.986824035644531,1.0269740819931,1.05955243110657,1.02411663532257,1.08988118171692,1.0419
1.01918697357178,1.02475488185883,1.04188084602356,1.09121000766754,1.03157997131348,1.05832028388977,0.990189135074615,1.05709540843964,1.03727889060974,0.977645516395569,0.987259209156036,1.03655648231506,1.03177452087402,0.998117387294769,0.99433958530426,1.04396140575409,1.03437948226929,0.977376282215118,1.00281465053558,0.977376759052277,1.03254508972168,0.977375566959381,0.981611967086792,0.977376163005829,1.03279399871826,1.0583211183548,0.996708631515503,1.05690217018127,1.0357
1.00849401950836,1.01144754886627,1.02081191539764,1.07326447963715,0.984061360359192,1.01338493824005,0.956154763698578,1.03130221366882,0.984043896198273,0.956206977367401,0.953684866428375,1.00739967823029,0.984001338481903,0.96897166967392,0.959828734397888,1.01481187343597,0.984529554843903,0.955983459949493,0.966811299324036,0.955983936786652,0.982332766056061,0.955982744693756,0.950471162796021,0.955983340740204,0.985026955604553,1.0133855342865,0.962604939937592,1.03093552589417,1.0289
1.00256013870239,1.00146472454071,0.998689889907837,1.05701458454132,0.952409386634827,0.99084210395813,0.93079024553299,1.02110600471497,0.949318170547485,0.930180847644806,0.927975535392761,0.989078402519226,0.952236652374268,0.94241726398468,0.939085900783539,1.00019156932831,0.95185661315918,0.929961740970612,0.932203650474548,0.92996209859848,0.950460314750671,0.929960906505585,0.91852855682373,0.929961502552032,0.952746987342834,0.990841388702393,0.943225860595703,1.02007460594177,1.0131
1.00088000297546,0.997334599494934,0.979644417762756,1.05014765262604,0.956593573093414,0.998990893363953,0.918704509735107,1.00825119018555,0.958869278430939,0.909150719642639,0.912614226341248,0.97366601228714,0.956617772579193,0.92399674654007,0.929512143135071,0.985239028930664,0.958099007606506,0.908907473087311,0.911621332168579,0.908907830715179,0.957308650016785,0.908906579017639,0.896852433681488,0.908907175064087,0.956855177879333,0.998989760875702,0.937296688556671,1.00775992870331,1.0026
1.00570464134216,0.990136623382568,0.969625353813171,1.04394900798798,0.956053555011749,0.999286592006683,0.906828343868256,0.976274490356445,0.97196239233017,0.8896124958992,0.901723504066467,0.956459105014801,0.956723153591156,0.911742210388184,0.916040062904358,0.963250696659088,0.963545441627502,0.88930743932724,0.908549129962921,0.889307916164398,0.964811146259308,0.889306545257568,0.890846014022827,0.889307200908661,0.955877840518951,0.999285578727722,0.922048628330231,0.976170539855957,0.99162
1.00900232791901,0.987224459648132,0.962983310222626,1.04046058654785,0.954282879829407,1.00011003017426,0.896182894706726,0.969012022018433,0.969334125518799,0.878580212593079,0.89644330739975,0.956596434116364,0.954948484897614,0.90436989068985,0.907296538352966,0.961767613887787,0.961601555347443,0.878258466720581,0.915543079376221,0.878259003162384,0.962983369827271,0.878257632255554,0.895095348358154,0.878258287906647,0.954021990299225,1.0001095533371,0.908063650131226,0.968763291835785,0.97808
1.00739967823029,0.984539687633514,0.955199599266052,1.03480958938599,0.938459098339081,0.98105263710022,0.890464723110199,0.978206217288971,0.945356965065002,0.873624920845032,0.893883883953094,0.961865901947021,0.938785970211029,0.896402776241302,0.904618144035339,0.968522667884827,0.942491054534912,0.873329520225525,0.917070329189301,0.873329997062683,0.943114638328552,0.873328745365143,0.895354509353638,0.873329341411591,0.938182950019836,0.981053054332733,0.903193056583405,0.977664172649384,0.97796
1.00770843029022,0.987022817134857,0.948328971862793,1.03171682357788,0.937937200069427,0.970317125320435,0.889845430850983,0.989289939403534,0.943679451942444,0.875576317310333,0.892171621322632,0.965787529945374,0.938292920589447,0.904510080814362,0.904254853725433,0.973639309406281,0.941911995410919,0.875255584716797,0.91900897026062,0.87525600194931,0.942825019359589,0.875254809856415,0.892074584960938,0.875255405902863,0.937501847743988,0.970317661762238,0.903093695640564,0.988508105278015,0.97728
1.00823247432709,0.993947327136993,0.944248855113983,1.03319180011749,0.95450633764267,0.975324094295502,0.892118155956268,0.997999727725983,0.956297278404236,0.882107734680176,0.89410275220871,0.96949964761734,0.954711019992828,0.914547026157379,0.906095802783966,0.978549897670746,0.956910252571106,0.881783068180084,0.918627858161926,0.881783485412598,0.957306265830994,0.881782352924347,0.894946873188019,0.881782948970795,0.954240083694458,0.975324809551239,0.904185235500336,0.997286438941956,0.97415
1.01091885566711,0.999551296234131,0.942848443984985,1.03600513935089,0.95328813791275,0.96456253528595,0.892566025257111,0.994541645050049,0.958625674247742,0.889367282390594,0.894665122032166,0.965475380420685,0.953701019287109,0.923183262348175,0.904663324356079,0.974780976772308,0.957469880580902,0.889028429985046,0.918372392654419,0.889028906822205,0.958646297454834,0.889027714729309,0.896449089050293,0.889028310775757,0.952799677848816,0.964563190937042,0.903073728084564,0.993880748748779,0.97275
1.02299380302429,1.0104593038559,0.947320103645325,1.04397308826447,0.967903792858124,0.974798381328583,0.904887676239014,0.99942684173584,0.980691432952881,0.897981345653534,0.907777726650238,0.973272264003754,0.968890190124512,0.957365930080414,0.916437149047852,0.980560719966888,0.976517558097839,0.897507667541504,0.939330279827118,0.897508323192596,0.979927897453308,0.897507011890411,0.911964178085327,0.897507607936859,0.966780662536621,0.974798142910004,0.912982404232025,0.998695075511932,0.97325
1.03540825843811,1.02258539199829,0.954315543174744,1.0522712469101,0.99890273809433,1.00363218784332,0.920794188976288,1.01379203796387,1.00733506679535,0.903967499732971,0.925095438957214,0.987083077430725,0.999814033508301,0.978997647762299,0.933900713920593,0.994919180870056,1.00625729560852,0.903441607952118,0.961936354637146,0.90344226360321,1.00953960418701,0.90344101190567,0.931675136089325,0.903441607952118,0.997837960720062,1.00363171100616,0.927957892417908,1.01297187805176,0.97527
1.04215693473816,1.03397452831268,0.96255362033844,1.05791831016541,1.02341675758362,1.01569139957428,0.940240085124969,1.03027832508087,1.01669430732727,0.910443365573883,0.943176627159119,0.998848497867584,1.0236976146698,0.987142741680145,0.950243830680847,1.00860905647278,1.02453589439392,0.909950852394104,0.979793667793274,0.909951508045197,1.02579057216644,0.909950315952301,0.946780323982239,0.909950911998749,1.0228431224823,1.01569163799286,0.947603940963745,1.02936327457428,0.98507
1.05677151679993,1.04494619369507,0.976843476295471,1.06107950210571,1.05929851531982,1.04449784755707,0.981101751327515,1.03789961338043,1.05602622032166,0.913226544857025,0.976606667041779,1.01118862628937,1.05978441238403,1.00037145614624,0.984773993492126,1.01999163627625,1.06211066246033,0.912684082984924,1.00932633876801,0.912684857845306,1.06401550769806,0.912683546543121,0.968177318572998,0.912684082984924,1.05871510505676,1.04449760913849,0.988826632499695,1.03689575195312,0.99879
1.07290124893188,1.05781352519989,0.995927572250366,1.06841325759888,1.10344767570496,1.08050167560577,1.01518058776855,1.06582224369049,1.08832705020905,0.912368416786194,1.01075673103333,1.03610849380493,1.10359573364258,1.02391707897186,1.01729917526245,1.04449558258057,1.10217499732971,0.911751925945282,1.03862929344177,0.911752820014954,1.10318493843079,0.911751449108124,1.00342774391174,0.911751985549927,1.10307323932648,1.08050119876862,1.02067410945892,1.06508231163025,1.0161
