small_1,small_de_2,all_3,all_de_4,small_5,small_de_6,all_7,all_de_8,small_9,small_de_10,all_11,all_de_12,small_13,small_de_14,all_15,all_de_16,small_17,small_de_18,all_19,all_de_20,small_21,small_de_22,all_23,all_de_24,small_25,small_de_26,all_27,all_de_28,original
1.24018311500549,1.22852683067322,1.13680005073547,1.2008068561554,1.24565172195435,1.22886145114899,1.14360547065735,1.20024704933167,1.23839998245239,1.22856891155243,1.182208776474,1.19988477230072,1.24726605415344,1.22889685630798,1.14918947219849,1.19951140880585,1.24547028541565,1.22850215435028,1.19675278663635,1.19849789142609,1.24260020256042,1.22922337055206,1.1994206905365,1.19829869270325,1.23696351051331,1.2288533449173,1.12783074378967,1.19992101192474,1.205
1.26588141918182,1.26171660423279,1.17360556125641,1.21093261241913,1.27093005180359,1.26206755638123,1.17889046669006,1.2105964422226,1.26703321933746,1.26175963878632,1.21171379089355,1.21140277385712,1.27272212505341,1.26211380958557,1.18022286891937,1.21121776103973,1.27179026603699,1.2616947889328,1.22100269794464,1.21096980571747,1.26798093318939,1.2624489068985,1.22424507141113,1.21134185791016,1.26416349411011,1.26207506656647,1.16384744644165,1.21053409576416,1.2294
1.27641761302948,1.27587008476257,1.20371472835541,1.23835039138794,1.28144764900208,1.27622377872467,1.20833897590637,1.23806881904602,1.2775856256485,1.27591288089752,1.23938846588135,1.23987245559692,1.28325021266937,1.27627098560333,1.2081698179245,1.23981440067291,1.282341837883,1.2758492231369,1.24537825584412,1.23999154567719,1.27849841117859,1.27660536766052,1.24794697761536,1.24067556858063,1.27462911605835,1.27623224258423,1.19300651550293,1.23833799362183,1.2649
1.28199207782745,1.28858542442322,1.2269674539566,1.26888012886047,1.28696179389954,1.28894317150116,1.23496150970459,1.26859593391418,1.28359293937683,1.28862798213959,1.26713871955872,1.2696487903595,1.28879797458649,1.28899073600769,1.23125088214874,1.26955449581146,1.28800821304321,1.28856539726257,1.2663996219635,1.26935660839081,1.28402185440063,1.28932178020477,1.2684178352356,1.26986837387085,1.2804012298584,1.28894639015198,1.21594870090485,1.26871907711029,1.2943
1.29477190971375,1.30483722686768,1.26193511486053,1.28849613666534,1.29964518547058,1.30519199371338,1.27302706241608,1.2882045507431,1.29697263240814,1.3048802614212,1.30179560184479,1.28856420516968,1.30151391029358,1.30524158477783,1.26155805587769,1.28831720352173,1.30091643333435,1.30481648445129,1.2855978012085,1.28755724430084,1.29672563076019,1.30558025836945,1.28780436515808,1.28765630722046,1.29345846176147,1.3052077293396,1.24838352203369,1.28818666934967,1.3158
1.30576705932617,1.31928324699402,1.2769763469696,1.3035888671875,1.31063294410706,1.31964039802551,1.28967094421387,1.30278515815735,1.30795884132385,1.31932640075684,1.31763792037964,1.30310225486755,1.31250643730164,1.31969082355499,1.27564573287964,1.3027366399765,1.31190991401672,1.31926286220551,1.29736959934235,1.30184078216553,1.30770313739777,1.32002854347229,1.29942178726196,1.30191028118134,1.30438494682312,1.31965494155884,1.26310276985168,1.30273509025574,1.3423
1.32731282711029,1.35060918331146,1.31452989578247,1.32561051845551,1.33148050308228,1.35098242759705,1.32884049415588,1.32538199424744,1.33463883399963,1.35065221786499,1.35206711292267,1.32545781135559,1.33365321159363,1.35104024410248,1.30718946456909,1.32527387142181,1.3345205783844,1.35059249401093,1.3185830116272,1.32463955879211,1.32872974872589,1.35137915611267,1.32033681869507,1.32489573955536,1.32871079444885,1.35100162029266,1.29826426506042,1.32523572444916,1.375
1.3339569568634,1.35398280620575,1.33368515968323,1.34040987491608,1.33830630779266,1.35435819625854,1.34755611419678,1.33961200714111,1.34042584896088,1.35402643680573,1.36388611793518,1.34034323692322,1.34042406082153,1.35441374778748,1.32478559017181,1.34001910686493,1.34089314937592,1.35396468639374,1.33072054386139,1.33936285972595,1.33543360233307,1.35474538803101,1.33148097991943,1.33962643146515,1.33492469787598,1.3543576002121,1.31843221187592,1.33964419364929,1.3755
1.31543302536011,1.33137202262878,1.30203056335449,1.32204616069794,1.32006704807281,1.33174347877502,1.31111371517181,1.32179343700409,1.3206250667572,1.33141624927521,1.32991909980774,1.32252311706543,1.32209074497223,1.33179044723511,1.29776990413666,1.32245123386383,1.32197594642639,1.33135080337524,1.311851978302,1.32214498519897,1.3170473575592,1.33210778236389,1.31096148490906,1.3226752281189,1.3159122467041,1.33170402050018,1.28996932506561,1.32187950611115,1.3668
1.24417746067047,1.25031304359436,1.24006545543671,1.29297602176666,1.24968767166138,1.25065004825592,1.25168395042419,1.29216003417969,1.2439683675766,1.2503547668457,1.27595317363739,1.29269528388977,1.25136065483093,1.25066483020782,1.24471855163574,1.29240584373474,1.2494683265686,1.25028502941132,1.26901209354401,1.29143190383911,1.24640572071075,1.25094425678253,1.26829195022583,1.29143404960632,1.24214100837708,1.250532746315,1.23110234737396,1.29241919517517,1.3321
1.19008219242096,1.18633019924164,1.16807591915131,1.24104106426239,1.1960597038269,1.18664371967316,1.18023800849915,1.24016726016998,1.18705201148987,1.18637013435364,1.21557343006134,1.23910057544708,1.19755148887634,1.186638712883,1.17855024337769,1.23879039287567,1.19472885131836,1.18629789352417,1.21494805812836,1.23730111122131,1.19265878200531,1.18689692020416,1.21484971046448,1.23692941665649,1.18680155277252,1.18648457527161,1.16006684303284,1.23999226093292,1.3008
1.14023077487946,1.12965714931488,1.13603508472443,1.18087530136108,1.14641737937927,1.12995147705078,1.14961910247803,1.17993247509003,1.13591766357422,1.12969517707825,1.18531227111816,1.17771685123444,1.14781618118286,1.12993216514587,1.14095628261566,1.17725145816803,1.14461326599121,1.12962281703949,1.1695145368576,1.17526233196259,1.14301156997681,1.13017702102661,1.17190408706665,1.17444813251495,1.1365053653717,1.12977004051208,1.1252201795578,1.1794228553772,1.2648
1.09091818332672,1.09197556972504,1.095294713974,1.11942970752716,1.0970778465271,1.09226524829865,1.10531067848206,1.11854720115662,1.08687794208527,1.09201097488403,1.14242315292358,1.11753296852112,1.09848475456238,1.09223878383636,1.09541988372803,1.11719524860382,1.09540176391602,1.0919429063797,1.12201738357544,1.1158789396286,1.09375905990601,1.09247207641602,1.12550830841064,1.11536157131195,1.08756518363953,1.09207153320312,1.08286464214325,1.1182826757431,1.2121
1.05942285060883,1.08017826080322,1.06444311141968,1.08330762386322,1.06593084335327,1.08046460151672,1.06979644298553,1.08261489868164,1.05249857902527,1.08021378517151,1.10923147201538,1.08201086521149,1.06718516349792,1.0804408788681,1.06278085708618,1.08184480667114,1.06339311599731,1.08014559745789,1.0900297164917,1.08116495609283,1.06259381771088,1.08068346977234,1.09348249435425,1.08105289936066,1.05450439453125,1.08029329776764,1.05073404312134,1.08232533931732,1.1604
1.01397824287415,1.05776572227478,1.02191948890686,1.06789767742157,1.02092182636261,1.05803608894348,1.02546525001526,1.06764137744904,1.00354611873627,1.05779981613159,1.07012856006622,1.0681619644165,1.02197074890137,1.05800592899323,1.02408170700073,1.06816828250885,1.01730728149414,1.05773210525513,1.05961322784424,1.06805658340454,1.01756358146667,1.05824947357178,1.0629870891571,1.06824791431427,1.00724291801453,1.05787396430969,1.00920343399048,1.06770551204681,1.1094
1.0211775302887,1.07602274417877,1.01045954227448,1.06786346435547,1.02814793586731,1.07628583908081,1.01399445533752,1.06771683692932,1.01000463962555,1.07605838775635,1.0578989982605,1.06843829154968,1.02914190292358,1.07626378536224,1.01281332969666,1.06839501857758,1.02442288398743,1.07598781585693,1.04939603805542,1.06813883781433,1.02483248710632,1.07653248310089,1.05393981933594,1.06813764572144,1.01396083831787,1.07616949081421,0.997542083263397,1.06783354282379,1.1094
1.08497703075409,1.133061170578,1.02002775669098,1.08231949806213,1.09158277511597,1.13333642482758,1.02235746383667,1.08181846141815,1.07593035697937,1.13310110569,1.06051921844482,1.08140099048615,1.09269917011261,1.1333372592926,1.02175867557526,1.0811482667923,1.0886869430542,1.13302636146545,1.05894994735718,1.08047676086426,1.08833253383636,1.13364553451538,1.06512224674225,1.08032357692719,1.07863140106201,1.13328659534454,1.00895774364471,1.08146166801453,1.1147
1.15500497817993,1.19469952583313,1.04404759407043,1.10555446147919,1.16101098060608,1.19500291347504,1.04015851020813,1.1054767370224,1.14985871315002,1.19474244117737,1.06988966464996,1.10638296604156,1.16237354278564,1.19502890110016,1.04342651367188,1.10639250278473,1.15955305099487,1.19466876983643,1.08029294013977,1.10680222511292,1.15788090229034,1.19536519050598,1.08732533454895,1.1074538230896,1.15045213699341,1.19500529766083,1.03430449962616,1.10528063774109,1.115
1.17764127254486,1.2085508108139,1.06296873092651,1.14264273643494,1.18349480628967,1.20885157585144,1.05693984031677,1.1429580450058,1.17343962192535,1.20859444141388,1.08245313167572,1.14589381217957,1.18490970134735,1.2088794708252,1.06616497039795,1.1461033821106,1.18238973617554,1.20851910114288,1.108846783638,1.14721858501434,1.18039286136627,1.20922291278839,1.11555051803589,1.14835393428802,1.17351174354553,1.20886468887329,1.0554438829422,1.14344298839569,1.147
1.19998240470886,1.22506844997406,1.08834958076477,1.18675005435944,1.20546078681946,1.2253851890564,1.08626961708069,1.1867139339447,1.19843447208405,1.22511172294617,1.1190550327301,1.188960313797,1.20704555511475,1.2254182100296,1.09657645225525,1.18901145458221,1.20529365539551,1.22504019737244,1.14649844169617,1.1894656419754,1.20244669914246,1.22575724124908,1.15144276618958,1.19024801254272,1.19719624519348,1.22539353370667,1.08160924911499,1.18708372116089,1.1844
1.21342623233795,1.23674929141998,1.11386442184448,1.21850347518921,1.2188628911972,1.23707234859467,1.11596095561981,1.21824133396149,1.21209132671356,1.23679268360138,1.15265011787415,1.2187465429306,1.22047448158264,1.23710823059082,1.12543797492981,1.21861052513123,1.21878981590271,1.23672199249268,1.17667889595032,1.21826350688934,1.21584725379944,1.23744750022888,1.18038535118103,1.21862292289734,1.21065902709961,1.23708236217499,1.10700500011444,1.21818721294403,1.207
1.21632790565491,1.22950649261475,1.12119996547699,1.22827517986298,1.22155618667603,1.22983682155609,1.12457180023193,1.22799110412598,1.21654009819031,1.22954785823822,1.16349494457245,1.22892236709595,1.22327315807343,1.22986817359924,1.13506412506104,1.22879219055176,1.22202277183533,1.22948181629181,1.18891274929047,1.22847735881805,1.21859645843506,1.23019015789032,1.19176149368286,1.22884595394135,1.21437740325928,1.2298196554184,1.11484169960022,1.22811102867126,1.2245
1.23102712631226,1.23573803901672,1.14804983139038,1.23617935180664,1.23637366294861,1.23606693744659,1.15180397033691,1.23592674732208,1.23024034500122,1.23578000068665,1.1872341632843,1.236452460289,1.23804044723511,1.23609936237335,1.15998303890228,1.2362699508667,1.23651790618896,1.23571264743805,1.20754849910736,1.23567616939545,1.23336541652679,1.23642528057098,1.21005773544312,1.23581182956696,1.2284255027771,1.23605597019196,1.14021253585815,1.23596024513245,1.2315
1.23517799377441,1.23097860813141,1.16703414916992,1.23550128936768,1.24041891098022,1.23131442070007,1.171231508255,1.23486614227295,1.23515975475311,1.2310197353363,1.20442712306976,1.23484468460083,1.24213945865631,1.23134624958038,1.17698526382446,1.23451149463654,1.24083352088928,1.23095512390137,1.22064566612244,1.23356509208679,1.23743629455566,1.23166406154633,1.22318625450134,1.23351359367371,1.23296594619751,1.23129117488861,1.15895771980286,1.23475170135498,1.2334
