original,trained_s_1,trained_s_2,trained_s_3,trained_b_1,trained_b_2,trained_b_3
0.35657,0.35657,0.35657,0.35657,0.35657,0.35657,0.35657
0.35925,0.35925,0.35925,0.35925,0.35925,0.35925,0.35925
0.36193,0.36193,0.36193,0.36193,0.36193,0.36193,0.36193
0.36461,0.36461,0.36461,0.36461,0.36461,0.36461,0.36461
0.36193,0.36193,0.36193,0.36193,0.36193,0.36193,0.36193
0.35657,0.35657,0.35657,0.35657,0.35657,0.35657,0.35657
0.34853,0.34853,0.34853,0.34853,0.34853,0.34853,0.34853
0.35389,0.35389,0.35389,0.35389,0.35389,0.35389,0.35389
0.35657,0.35657,0.35657,0.35657,0.35657,0.35657,0.35657
0.35389,0.35389,0.35389,0.35389,0.35389,0.35389,0.35389
0.35925,0.35925,0.35925,0.35925,0.35925,0.35925,0.35925
0.34853,0.34853,0.34853,0.34853,0.34853,0.34853,0.34853
0.34584,0.34584,0.34584,0.34584,0.34584,0.34584,0.34584
0.34316,0.34316,0.34316,0.34316,0.34316,0.34316,0.34316
0.34316,0.34316,0.34316,0.34316,0.34316,0.34316,0.34316
0.33512,0.33512,0.33512,0.33512,0.33512,0.33512,0.33512
0.33244,0.33244,0.33244,0.33244,0.33244,0.33244,0.33244
0.32976,0.32976,0.32976,0.32976,0.32976,0.32976,0.32976
0.32708,0.32708,0.32708,0.32708,0.32708,0.32708,0.32708
0.33244,0.33244,0.33244,0.33244,0.33244,0.33244,0.33244
0.3378,0.3378,0.3378,0.3378,0.3378,0.3378,0.3378
0.33244,0.33244,0.33244,0.33244,0.33244,0.33244,0.33244
0.3244,0.3244,0.3244,0.3244,0.3244,0.3244,0.3244
0.3244,0.3244,0.3244,0.3244,0.3244,0.3244,0.3244
0.32976,0.32976,0.32976,0.32976,0.32976,0.32976,0.32976
0.32976,0.32976,0.32976,0.32976,0.32976,0.32976,0.32976
0.31903,0.31903,0.31903,0.31903,0.31903,0.31903,0.31903
0.31635,0.31635,0.31635,0.31635,0.31635,0.31635,0.31635
0.31635,0.31635,0.31635,0.31635,0.31635,0.31635,0.31635
0.31367,0.31367,0.31367,0.31367,0.31367,0.31367,0.31367
0.31099,0.31099,0.31099,0.31099,0.31099,0.31099,0.31099
0.32172,0.32172,0.32172,0.32172,0.32172,0.32172,0.32172
0.33244,0.33244,0.33244,0.33244,0.33244,0.33244,0.33244
0.33512,0.33512,0.33512,0.33512,0.33512,0.33512,0.33512
0.36997,0.36997,0.36997,0.36997,0.36997,0.36997,0.36997
0.38874,0.38874,0.38874,0.38874,0.38874,0.38874,0.38874
0.41019,0.41019,0.41019,0.41019,0.41019,0.41019,0.41019
0.4504,0.4504,0.4504,0.4504,0.4504,0.4504,0.4504
0.43968,0.43968,0.43968,0.43968,0.43968,0.43968,0.43968
0.44504,0.44504,0.44504,0.44504,0.44504,0.44504,0.44504
0.42627,0.42627,0.42627,0.42627,0.42627,0.42627,0.42627
0.3941,0.3941,0.3941,0.3941,0.3941,0.3941,0.3941
0.39142,0.39142,0.39142,0.39142,0.39142,0.39142,0.39142
0.38874,0.38874,0.38874,0.38874,0.38874,0.38874,0.38874
0.38874,0.38874,0.38874,0.38874,0.38874,0.38874,0.38874
0.37802,0.37802,0.37802,0.37802,0.37802,0.37802,0.37802
0.37802,0.37802,0.37802,0.37802,0.37802,0.37802,0.37802
0.37265,0.37265,0.37265,0.37265,0.37265,0.37265,0.37265
0.37265,0.37265,0.37265,0.37265,0.37265,0.37265,0.37265
0.37534,0.37534,0.37534,0.37534,0.37534,0.37534,0.37534
0.33244,0.33244,0.33244,0.33244,0.33244,0.33244,0.33244
0.36193,0.36193,0.36193,0.36193,0.36193,0.36193,0.36193
0.37802,0.37802,0.37802,0.37802,0.37802,0.37802,0.37802
0.38338,0.38338,0.38338,0.38338,0.38338,0.38338,0.38338
0.35121,0.35121,0.35121,0.35121,0.35121,0.35121,0.35121
0.36193,0.36193,0.36193,0.36193,0.36193,0.36193,0.36193
0.40483,0.40483,0.40483,0.40483,0.40483,0.40483,0.40483
0.43432,0.43432,0.43432,0.43432,0.43432,0.43432,0.43432
0.49062,0.49062,0.49062,0.49062,0.49062,0.49062,0.49062
0.49866,0.49866,0.49866,0.49866,0.49866,0.49866,0.49866
0.4933,0.4933,0.4933,0.4933,0.4933,0.4933,0.4933
0.47185,0.47185,0.47185,0.47185,0.47185,0.47185,0.47185
0.47185,0.47185,0.47185,0.47185,0.47185,0.47185,0.47185
0.4504,0.4504,0.4504,0.4504,0.4504,0.4504,0.4504
0.42627,0.42627,0.42627,0.42627,0.42627,0.42627,0.42627
0.3941,0.3941,0.3941,0.3941,0.3941,0.3941,0.3941
0.36729,0.36729,0.36729,0.36729,0.36729,0.36729,0.36729
0.34048,0.34048,0.34048,0.34048,0.34048,0.34048,0.34048
0.32976,0.32976,0.32976,0.32976,0.32976,0.32976,0.32976
0.3244,0.3244,0.3244,0.3244,0.3244,0.3244,0.3244
0.31099,0.31099,0.31099,0.31099,0.31099,0.31099,0.31099
0.28686,0.28686,0.28686,0.28686,0.28686,0.28686,0.28686
0.27078,0.27078,0.27078,0.27078,0.27078,0.27078,0.27078
0.27882,0.27882,0.27882,0.27882,0.27882,0.27882,0.27882
0.25737,0.25737,0.25737,0.25737,0.25737,0.25737,0.25737
0.24933,0.24933,0.24933,0.24933,0.24933,0.24933,0.24933
0.23592,0.23592,0.23592,0.23592,0.23592,0.23592,0.23592
0.23324,0.23324,0.23324,0.23324,0.23324,0.23324,0.23324
0.23592,0.23592,0.23592,0.23592,0.23592,0.23592,0.23592
0.24933,0.24933,0.24933,0.24933,0.24933,0.24933,0.24933
0.27346,0.27346,0.27346,0.27346,0.27346,0.27346,0.27346
0.29223,0.29223,0.29223,0.29223,0.29223,0.29223,0.29223
0.30563,0.30563,0.30563,0.30563,0.30563,0.30563,0.30563
0.3244,0.3244,0.3244,0.3244,0.3244,0.3244,0.3244
0.34584,0.34584,0.34584,0.34584,0.34584,0.34584,0.34584
0.35389,0.35389,0.35389,0.35389,0.35389,0.35389,0.35389
0.35121,0.35121,0.35121,0.35121,0.35121,0.35121,0.35121
0.34048,0.34048,0.34048,0.34048,0.34048,0.34048,0.34048
0.3378,0.3378,0.3378,0.3378,0.3378,0.3378,0.3378
0.34316,0.34316,0.34316,0.34316,0.34316,0.34316,0.34316
0.34048,0.34048,0.34048,0.34048,0.34048,0.34048,0.34048
0.3378,0.3378,0.3378,0.3378,0.3378,0.3378,0.3378
0.32976,0.32976,0.32976,0.32976,0.32976,0.32976,0.32976
0.31099,0.31099,0.31099,0.31099,0.31099,0.31099,0.31099
0.30563,0.30563,0.30563,0.30563,0.30563,0.30563,0.30563
0.28418,0.28418,0.28418,0.28418,0.28418,0.28418,0.28418
0.27882,0.27882,0.27882,0.27882,0.27882,0.27882,0.27882
0.27882,0.27882,0.27882,0.27882,0.27882,0.27882,0.27882
0.28418,0.28418,0.28418,0.28418,0.28418,0.28418,0.28418
0.27614,0.27614,0.27614,0.27614,0.27614,0.27614,0.27614
0.24665,0.24665,0.24665,0.24665,0.24665,0.24665,0.24665
0.2252,0.2252,0.2252,0.2252,0.2252,0.2252,0.2252
0.22788,0.22788,0.22788,0.22788,0.22788,0.22788,0.22788
0.24129,0.24129,0.24129,0.24129,0.24129,0.24129,0.24129
0.28954,0.28954,0.28954,0.28954,0.28954,0.28954,0.28954
0.33512,0.33512,0.33512,0.33512,0.33512,0.33512,0.33512
0.35925,0.35925,0.35925,0.35925,0.35925,0.35925,0.35925
0.36997,0.36997,0.36997,0.36997,0.36997,0.36997,0.36997
0.38338,0.38338,0.38338,0.38338,0.38338,0.38338,0.38338
0.38338,0.38338,0.38338,0.38338,0.38338,0.38338,0.38338
0.3807,0.3807,0.3807,0.3807,0.3807,0.3807,0.3807
0.37265,0.37265,0.37265,0.37265,0.37265,0.37265,0.37265
0.35925,0.35925,0.35925,0.35925,0.35925,0.35925,0.35925
0.34048,0.34048,0.34048,0.34048,0.34048,0.34048,0.34048
0.31903,0.31903,0.31903,0.31903,0.31903,0.31903,0.31903
0.31099,0.31099,0.31099,0.31099,0.31099,0.31099,0.31099
0.29759,0.29759,0.29759,0.29759,0.29759,0.29759,0.29759
0.27882,0.27882,0.27882,0.27882,0.27882,0.27882,0.27882
0.27614,0.27614,0.27614,0.27614,0.27614,0.27614,0.27614
0.27614,0.27614,0.27614,0.27614,0.27614,0.27614,0.27614
0.27346,0.27346,0.27346,0.27346,0.27346,0.27346,0.27346
0.27078,0.27078,0.27078,0.27078,0.27078,0.27078,0.27078
0.27614,0.27614,0.27614,0.27614,0.27614,0.27614,0.27614
0.27614,0.27614,0.27614,0.27614,0.27614,0.27614,0.27614
0.25737,0.25737,0.25737,0.25737,0.25737,0.25737,0.25737
0.23324,0.23324,0.23324,0.23324,0.23324,0.23324,0.23324
0.23861,0.23861,0.23861,0.23861,0.23861,0.23861,0.23861
0.24665,0.24665,0.24665,0.24665,0.24665,0.24665,0.24665
0.25469,0.25469,0.25469,0.25469,0.25469,0.25469,0.25469
0.29491,0.29491,0.29491,0.29491,0.29491,0.29491,0.29491
0.31903,0.31903,0.31903,0.31903,0.31903,0.31903,0.31903
0.34048,0.34048,0.34048,0.34048,0.34048,0.34048,0.34048
0.35389,0.35389,0.35389,0.35389,0.35389,0.35389,0.35389
0.35389,0.35389,0.35389,0.35389,0.35389,0.35389,0.35389
0.34853,0.34853,0.34853,0.34853,0.34853,0.34853,0.34853
0.34316,0.34316,0.34316,0.34316,0.34316,0.34316,0.34316
0.3378,0.3378,0.3378,0.3378,0.3378,0.3378,0.3378
0.32708,0.32708,0.32708,0.32708,0.32708,0.32708,0.32708
0.31635,0.31635,0.31635,0.31635,0.31635,0.31635,0.31635
0.31099,0.31099,0.31099,0.31099,0.31099,0.31099,0.31099
0.30027,0.30027,0.30027,0.30027,0.30027,0.30027,0.30027
0.25737,0.25737,0.25737,0.25737,0.25737,0.25737,0.25737
0.23861,0.23861,0.23861,0.23861,0.23861,0.23861,0.23861
0.23592,0.23592,0.23592,0.23592,0.23592,0.23592,0.23592
0.23861,0.23861,0.23861,0.23861,0.23861,0.23861,0.23861
0.25201,0.25201,0.25201,0.25201,0.25201,0.25201,0.25201
0.25737,0.25737,0.25737,0.25737,0.25737,0.25737,0.25737
0.27078,0.27078,0.27078,0.27078,0.27078,0.27078,0.27078
0.2815,0.2815,0.2815,0.2815,0.2815,0.2815,0.2815
0.2681,0.2681,0.2681,0.2681,0.2681,0.2681,0.2681
0.26273,0.26273,0.26273,0.26273,0.26273,0.26273,0.26273
0.26542,0.26542,0.26542,0.26542,0.26542,0.26542,0.26542
0.27346,0.27346,0.27346,0.27346,0.27346,0.27346,0.27346
0.2815,0.2815,0.2815,0.2815,0.2815,0.2815,0.2815
0.29223,0.29223,0.29223,0.29223,0.29223,0.29223,0.29223
0.29223,0.29223,0.29223,0.29223,0.29223,0.29223,0.29223
0.27346,0.27346,0.27346,0.27346,0.27346,0.27346,0.27346
0.25737,0.25737,0.25737,0.25737,0.25737,0.25737,0.25737
0.25469,0.25469,0.25469,0.25469,0.25469,0.25469,0.25469
0.25737,0.25737,0.25737,0.25737,0.25737,0.25737,0.25737
0.26273,0.26273,0.26273,0.26273,0.26273,0.26273,0.26273
0.26542,0.26542,0.26542,0.26542,0.26542,0.26542,0.26542
0.27346,0.27346,0.27346,0.27346,0.27346,0.27346,0.27346
0.27346,0.27346,0.27346,0.27346,0.27346,0.27346,0.27346
0.24397,0.24397,0.24397,0.24397,0.24397,0.24397,0.24397
0.2118,0.2118,0.2118,0.2118,0.2118,0.2118,0.2118
0.22788,0.22788,0.22788,0.22788,0.22788,0.22788,0.22788
0.24397,0.24397,0.24397,0.24397,0.24397,0.24397,0.24397
0.25737,0.25737,0.25737,0.25737,0.25737,0.25737,0.25737
0.26005,0.26005,0.26005,0.26005,0.26005,0.26005,0.26005
0.24933,0.24933,0.24933,0.24933,0.24933,0.24933,0.24933
0.23056,0.23056,0.23056,0.23056,0.23056,0.23056,0.23056
0.23324,0.23324,0.23324,0.23324,0.23324,0.23324,0.23324
0.24665,0.24665,0.24665,0.24665,0.24665,0.24665,0.24665
0.24397,0.24397,0.24397,0.24397,0.24397,0.24397,0.24397
0.2681,0.2681,0.2681,0.2681,0.2681,0.2681,0.2681
0.29223,0.29223,0.29223,0.29223,0.29223,0.29223,0.29223
0.3244,0.3244,0.3244,0.3244,0.3244,0.3244,0.3244
0.34853,0.34853,0.34853,0.34853,0.34853,0.34853,0.34853
0.39142,0.39142,0.39142,0.39142,0.39142,0.39142,0.39142
0.42359,0.42359,0.42359,0.42359,0.42359,0.42359,0.42359
0.44236,0.44236,0.44236,0.44236,0.44236,0.44236,0.44236
0.46113,0.46113,0.46113,0.46113,0.46113,0.46113,0.46113
0.41823,0.41823,0.41823,0.41823,0.41823,0.41823,0.41823
0.35389,0.35389,0.35389,0.35389,0.35389,0.35389,0.35389
0.3244,0.3244,0.3244,0.3244,0.3244,0.3244,0.3244
0.31903,0.31903,0.31903,0.31903,0.31903,0.31903,0.31903
0.30295,0.30295,0.30295,0.30295,0.30295,0.30295,0.30295
0.31099,0.31099,0.31099,0.31099,0.31099,0.31099,0.31099
0.30831,0.30831,0.30831,0.30831,0.30831,0.30831,0.30831
0.29491,0.29491,0.29491,0.29491,0.29491,0.29491,0.29491
0.28686,0.28686,0.28686,0.28686,0.28686,0.28686,0.28686
0.28418,0.28418,0.28418,0.28418,0.28418,0.28418,0.28418
0.28954,0.28954,0.28954,0.28954,0.28954,0.28954,0.28954
0.27346,0.27346,0.27346,0.27346,0.27346,0.27346,0.27346
0.26005,0.26005,0.26005,0.26005,0.26005,0.26005,0.26005
0.26542,0.26542,0.26542,0.26542,0.26542,0.26542,0.26542
0.2681,0.2681,0.2681,0.2681,0.2681,0.2681,0.2681
0.26273,0.26273,0.26273,0.26273,0.26273,0.26273,0.26273
0.30027,0.30027,0.30027,0.30027,0.30027,0.30027,0.30027
0.32976,0.32976,0.32976,0.32976,0.32976,0.32976,0.32976
0.3244,0.3244,0.3244,0.3244,0.3244,0.3244,0.3244
0.31367,0.31367,0.31367,0.31367,0.31367,0.31367,0.31367
0.31903,0.31903,0.31903,0.31903,0.31903,0.31903,0.31903
0.32976,0.32976,0.32976,0.32976,0.32976,0.32976,0.32976
0.33512,0.33512,0.33512,0.33512,0.33512,0.33512,0.33512
0.33244,0.33244,0.33244,0.33244,0.33244,0.33244,0.33244
0.32976,0.32976,0.32976,0.32976,0.32976,0.32976,0.32976
0.32976,0.32976,0.32976,0.32976,0.32976,0.32976,0.32976
0.32172,0.32172,0.32172,0.32172,0.32172,0.32172,0.32172
0.31367,0.31367,0.31367,0.31367,0.31367,0.31367,0.31367
0.29223,0.29223,0.29223,0.29223,0.29223,0.29223,0.29223
0.27346,0.27346,0.27346,0.27346,0.27346,0.27346,0.27346
0.26542,0.26542,0.26542,0.26542,0.26542,0.26542,0.26542
0.26005,0.26005,0.26005,0.26005,0.26005,0.26005,0.26005
0.26273,0.26273,0.26273,0.26273,0.26273,0.26273,0.26273
0.24397,0.24397,0.24397,0.24397,0.24397,0.24397,0.24397
0.22252,0.22252,0.22252,0.22252,0.22252,0.22252,0.22252
0.21984,0.21984,0.21984,0.21984,0.21984,0.21984,0.21984
0.22252,0.22252,0.22252,0.22252,0.22252,0.22252,0.22252
0.2252,0.2252,0.2252,0.2252,0.2252,0.2252,0.2252
0.23056,0.23056,0.23056,0.23056,0.23056,0.23056,0.23056
0.23861,0.23861,0.23861,0.23861,0.23861,0.23861,0.23861
0.23592,0.23592,0.23592,0.23592,0.23592,0.23592,0.23592
0.23056,0.23056,0.23056,0.23056,0.23056,0.23056,0.23056
0.2252,0.2252,0.2252,0.2252,0.2252,0.2252,0.2252
0.23056,0.23056,0.23056,0.23056,0.23056,0.23056,0.23056
0.23056,0.23056,0.23056,0.23056,0.23056,0.23056,0.23056
0.23592,0.23592,0.23592,0.23592,0.23592,0.23592,0.23592
0.23324,0.23324,0.23324,0.23324,0.23324,0.23324,0.23324
0.23592,0.23592,0.23592,0.23592,0.23592,0.23592,0.23592
0.24129,0.24129,0.24129,0.24129,0.24129,0.24129,0.24129
0.24397,0.24397,0.24397,0.24397,0.24397,0.24397,0.24397
0.24665,0.24665,0.24665,0.24665,0.24665,0.24665,0.24665
0.24665,0.24665,0.24665,0.24665,0.24665,0.24665,0.24665
0.25201,0.25201,0.25201,0.25201,0.25201,0.25201,0.25201
0.25469,0.25469,0.25469,0.25469,0.25469,0.25469,0.25469
0.25469,0.25469,0.25469,0.25469,0.25469,0.25469,0.25469
0.24933,0.24933,0.24933,0.24933,0.24933,0.24933,0.24933
0.25201,0.25201,0.25201,0.25201,0.25201,0.25201,0.25201
0.24933,0.24933,0.24933,0.24933,0.24933,0.24933,0.24933
0.23592,0.23592,0.23592,0.23592,0.23592,0.23592,0.23592
0.2252,0.2252,0.2252,0.2252,0.2252,0.2252,0.2252
0.20375,0.20375,0.20375,0.20375,0.20375,0.20375,0.20375
0.18767,0.18767,0.18767,0.18767,0.18767,0.18767,0.18767
0.16622,0.16622,0.16622,0.16622,0.16622,0.16622,0.16622
0.16354,0.16354,0.16354,0.16354,0.16354,0.16354,0.16354
0.18231,0.18231,0.18231,0.18231,0.18231,0.18231,0.18231
0.22788,0.22788,0.22788,0.22788,0.22788,0.22788,0.22788
0.25469,0.25469,0.25469,0.25469,0.25469,0.25469,0.25469
0.27078,0.27078,0.27078,0.27078,0.27078,0.27078,0.27078
0.28954,0.28954,0.28954,0.28954,0.28954,0.28954,0.28954
0.30831,0.30831,0.30831,0.30831,0.30831,0.30831,0.30831
0.31367,0.31367,0.31367,0.31367,0.31367,0.31367,0.31367
0.30295,0.30295,0.30295,0.30295,0.30295,0.30295,0.30295
0.29223,0.29223,0.29223,0.29223,0.29223,0.29223,0.29223
0.27614,0.27614,0.27614,0.27614,0.27614,0.27614,0.27614
0.23056,0.23056,0.23056,0.23056,0.23056,0.23056,0.23056
0.2118,0.2118,0.2118,0.2118,0.2118,0.2118,0.2118
0.19303,0.19303,0.19303,0.19303,0.19303,0.19303,0.19303
0.17694,0.17694,0.17694,0.17694,0.17694,0.17694,0.17694
0.17426,0.17426,0.17426,0.17426,0.17426,0.17426,0.17426
0.17694,0.17694,0.17694,0.17694,0.17694,0.17694,0.17694
0.1689,0.1689,0.1689,0.1689,0.1689,0.1689,0.1689
0.1555,0.1555,0.1555,0.1555,0.1555,0.1555,0.1555
0.14745,0.14745,0.14745,0.14745,0.14745,0.14745,0.14745
0.14477,0.14477,0.14477,0.14477,0.14477,0.14477,0.14477
0.13941,0.13941,0.13941,0.13941,0.13941,0.13941,0.13941
0.13941,0.13941,0.13941,0.13941,0.13941,0.13941,0.13941
0.14209,0.14209,0.14209,0.14209,0.14209,0.14209,0.14209
0.13673,0.13673,0.13673,0.13673,0.13673,0.13673,0.13673
0.16354,0.16354,0.16354,0.16354,0.16354,0.16354,0.16354
0.22788,0.22788,0.22788,0.22788,0.22788,0.22788,0.22788
0.27882,0.27882,0.27882,0.27882,0.27882,0.27882,0.27882
0.29223,0.29223,0.29223,0.29223,0.29223,0.29223,0.29223
0.30027,0.30027,0.30027,0.30027,0.30027,0.30027,0.30027
0.31367,0.31367,0.31367,0.31367,0.31367,0.31367,0.31367
0.31903,0.31903,0.31903,0.31903,0.31903,0.31903,0.31903
0.31635,0.31635,0.31635,0.31635,0.31635,0.31635,0.31635
0.30563,0.30563,0.30563,0.30563,0.30563,0.30563,0.30563
0.29759,0.29759,0.29759,0.29759,0.29759,0.29759,0.29759
0.27882,0.27882,0.27882,0.27882,0.27882,0.27882,0.27882
0.24933,0.24933,0.24933,0.24933,0.24933,0.24933,0.24933
0.23056,0.23056,0.23056,0.23056,0.23056,0.23056,0.23056
0.23056,0.23056,0.23056,0.23056,0.23056,0.23056,0.23056
0.2252,0.2252,0.2252,0.2252,0.2252,0.2252,0.2252
0.21984,0.21984,0.21984,0.21984,0.21984,0.21984,0.21984
0.21448,0.21448,0.21448,0.21448,0.21448,0.21448,0.21448
0.21716,0.21716,0.21716,0.21716,0.21716,0.21716,0.21716
0.20912,0.20912,0.20912,0.20912,0.20912,0.20912,0.20912
0.20107,0.20107,0.20107,0.20107,0.20107,0.20107,0.20107
0.19035,0.19035,0.19035,0.19035,0.19035,0.19035,0.19035
0.17962,0.17962,0.17962,0.17962,0.17962,0.17962,0.17962
0.17962,0.17962,0.17962,0.17962,0.17962,0.17962,0.17962
0.18499,0.18499,0.18499,0.18499,0.18499,0.18499,0.18499
0.20375,0.20375,0.20375,0.20375,0.20375,0.20375,0.20375
0.24933,0.24933,0.24933,0.24933,0.24933,0.24933,0.24933
0.30563,0.30563,0.30563,0.30563,0.30563,0.30563,0.30563
0.3244,0.3244,0.3244,0.3244,0.3244,0.3244,0.3244
0.35121,0.35121,0.35121,0.35121,0.35121,0.35121,0.35121
0.36193,0.36193,0.36193,0.36193,0.36193,0.36193,0.36193
0.35925,0.35925,0.35925,0.35925,0.35925,0.35925,0.35925
0.34853,0.34853,0.34853,0.34853,0.34853,0.34853,0.34853
0.34316,0.34316,0.34316,0.34316,0.34316,0.34316,0.34316
0.3378,0.3378,0.3378,0.3378,0.3378,0.3378,0.3378
0.33512,0.33512,0.33512,0.33512,0.33512,0.33512,0.33512
0.32976,0.32976,0.32976,0.32976,0.32976,0.32976,0.32976
0.31903,0.31903,0.31903,0.31903,0.31903,0.31903,0.31903
0.32172,0.32172,0.32172,0.32172,0.32172,0.32172,0.32172
0.31635,0.31635,0.31635,0.31635,0.31635,0.31635,0.31635
0.30563,0.30563,0.30563,0.30563,0.30563,0.30563,0.30563
0.30027,0.30027,0.30027,0.30027,0.30027,0.30027,0.30027
0.29223,0.29223,0.29223,0.29223,0.29223,0.29223,0.29223
0.29759,0.29759,0.29759,0.29759,0.29759,0.29759,0.29759
0.28954,0.28954,0.28954,0.28954,0.28954,0.28954,0.28954
0.29223,0.29223,0.29223,0.29223,0.29223,0.29223,0.29223
0.29491,0.29491,0.29491,0.29491,0.29491,0.29491,0.29491
0.29223,0.29223,0.29223,0.29223,0.29223,0.29223,0.29223
0.28954,0.28954,0.28954,0.28954,0.28954,0.28954,0.28954
0.28954,0.28954,0.28954,0.28954,0.28954,0.28954,0.28954
0.29759,0.29759,0.29759,0.29759,0.29759,0.29759,0.29759
0.30027,0.30027,0.30027,0.30027,0.30027,0.30027,0.30027
0.30295,0.30295,0.30295,0.30295,0.30295,0.30295,0.30295
0.31099,0.31099,0.31099,0.31099,0.31099,0.31099,0.31099
0.31635,0.31635,0.31635,0.31635,0.31635,0.31635,0.31635
0.32172,0.32172,0.32172,0.32172,0.32172,0.32172,0.32172
0.31367,0.31367,0.31367,0.31367,0.31367,0.31367,0.31367
0.31635,0.31635,0.31635,0.31635,0.31635,0.31635,0.31635
0.31635,0.31635,0.31635,0.31635,0.31635,0.31635,0.31635
0.31367,0.31367,0.31367,0.31367,0.31367,0.31367,0.31367
0.31367,0.31367,0.31367,0.31367,0.31367,0.31367,0.31367
0.31635,0.31635,0.31635,0.31635,0.31635,0.31635,0.31635
0.31367,0.31367,0.31367,0.31367,0.31367,0.31367,0.31367
0.30563,0.30563,0.30563,0.30563,0.30563,0.30563,0.30563
0.29759,0.29759,0.29759,0.29759,0.29759,0.29759,0.29759
0.30027,0.30027,0.30027,0.30027,0.30027,0.30027,0.30027
0.29491,0.29491,0.29491,0.29491,0.29491,0.29491,0.29491
0.29491,0.29491,0.29491,0.29491,0.29491,0.29491,0.29491
0.29759,0.29759,0.29759,0.29759,0.29759,0.29759,0.29759
0.30295,0.30295,0.30295,0.30295,0.30295,0.30295,0.30295
0.30295,0.30295,0.30295,0.30295,0.30295,0.30295,0.30295
0.30027,0.30027,0.30027,0.30027,0.30027,0.30027,0.30027
0.29759,0.29759,0.29759,0.29759,0.29759,0.29759,0.29759
0.30563,0.30563,0.30563,0.30563,0.30563,0.30563,0.30563
0.35925,0.35925,0.35925,0.35925,0.35925,0.35925,0.35925
0.3807,0.3807,0.3807,0.3807,0.3807,0.3807,0.3807
0.33512,0.33512,0.33512,0.33512,0.33512,0.33512,0.33512
0.30563,0.30563,0.30563,0.30563,0.30563,0.30563,0.30563
0.31367,0.31367,0.31367,0.31367,0.31367,0.31367,0.31367
0.31099,0.31099,0.31099,0.31099,0.31099,0.31099,0.31099
0.31635,0.31635,0.31635,0.31635,0.31635,0.31635,0.31635
0.31099,0.31099,0.31099,0.31099,0.31099,0.31099,0.31099
0.31099,0.31099,0.31099,0.31099,0.31099,0.31099,0.31099
0.30563,0.30563,0.30563,0.30563,0.30563,0.30563,0.30563
0.30027,0.30027,0.30027,0.30027,0.30027,0.30027,0.30027
0.29491,0.29491,0.29491,0.29491,0.29491,0.29491,0.29491
0.29223,0.29223,0.29223,0.29223,0.29223,0.29223,0.29223
0.29223,0.29223,0.29223,0.29223,0.29223,0.29223,0.29223
0.28954,0.28954,0.28954,0.28954,0.28954,0.28954,0.28954
0.29223,0.29223,0.29223,0.29223,0.29223,0.29223,0.29223
0.28418,0.28418,0.28418,0.28418,0.28418,0.28418,0.28418
0.27346,0.27346,0.27346,0.27346,0.27346,0.27346,0.27346
0.27346,0.27346,0.27346,0.27346,0.27346,0.27346,0.27346
0.2681,0.2681,0.2681,0.2681,0.2681,0.2681,0.2681
0.26542,0.26542,0.26542,0.26542,0.26542,0.26542,0.26542
0.26005,0.26005,0.26005,0.26005,0.26005,0.26005,0.26005
0.26005,0.26005,0.26005,0.26005,0.26005,0.26005,0.26005
0.25469,0.25469,0.25469,0.25469,0.25469,0.25469,0.25469
0.26273,0.26273,0.26273,0.26273,0.26273,0.26273,0.26273
0.26542,0.26542,0.26542,0.26542,0.26542,0.26542,0.26542
0.27078,0.27078,0.27078,0.27078,0.27078,0.27078,0.27078
0.27346,0.27346,0.27346,0.27346,0.27346,0.27346,0.27346
0.27882,0.27882,0.27882,0.27882,0.27882,0.27882,0.27882
0.2815,0.2815,0.2815,0.2815,0.2815,0.2815,0.2815
0.28418,0.28418,0.28418,0.28418,0.28418,0.28418,0.28418
0.27882,0.27882,0.27882,0.27882,0.27882,0.27882,0.27882
0.28418,0.28418,0.28418,0.28418,0.28418,0.28418,0.28418
0.28686,0.28686,0.28686,0.28686,0.28686,0.28686,0.28686
0.28686,0.28686,0.28686,0.28686,0.28686,0.28686,0.28686
0.28686,0.28686,0.28686,0.28686,0.28686,0.28686,0.28686
0.29223,0.29223,0.29223,0.29223,0.29223,0.29223,0.29223
0.29759,0.29759,0.29759,0.29759,0.29759,0.29759,0.29759
0.30027,0.30027,0.30027,0.30027,0.30027,0.30027,0.30027
0.30563,0.30563,0.30563,0.30563,0.30563,0.30563,0.30563
0.30563,0.30563,0.30563,0.30563,0.30563,0.30563,0.30563
0.30295,0.30295,0.30295,0.30295,0.30295,0.30295,0.30295
0.30831,0.30831,0.30831,0.30831,0.30831,0.30831,0.30831
0.30563,0.30563,0.30563,0.30563,0.30563,0.30563,0.30563
0.30831,0.30831,0.30831,0.30831,0.30831,0.30831,0.30831
0.30831,0.30831,0.30831,0.30831,0.30831,0.30831,0.30831
0.30831,0.30831,0.30831,0.30831,0.30831,0.30831,0.30831
0.31099,0.31099,0.31099,0.31099,0.31099,0.31099,0.31099
0.30563,0.30563,0.30563,0.30563,0.30563,0.30563,0.30563
0.32172,0.32172,0.32172,0.32172,0.32172,0.32172,0.32172
0.35389,0.35389,0.35389,0.35389,0.35389,0.35389,0.35389
0.36997,0.36997,0.36997,0.36997,0.36997,0.36997,0.36997
0.37265,0.37265,0.37265,0.37265,0.37265,0.37265,0.37265
0.35657,0.35657,0.35657,0.35657,0.35657,0.35657,0.35657
0.36997,0.36997,0.36997,0.36997,0.36997,0.36997,0.36997
0.38606,0.38606,0.38606,0.38606,0.38606,0.38606,0.38606
0.38874,0.38874,0.38874,0.38874,0.38874,0.38874,0.38874
0.38338,0.38338,0.38338,0.38338,0.38338,0.38338,0.38338
0.37802,0.37802,0.37802,0.37802,0.37802,0.37802,0.37802
0.36997,0.36997,0.36997,0.36997,0.36997,0.36997,0.36997
0.35925,0.35925,0.35925,0.35925,0.35925,0.35925,0.35925
0.35389,0.35389,0.35389,0.35389,0.35389,0.35389,0.35389
0.34584,0.34584,0.34584,0.34584,0.34584,0.34584,0.34584
0.34584,0.34584,0.34584,0.34584,0.34584,0.34584,0.34584
0.34316,0.34316,0.34316,0.34316,0.34316,0.34316,0.34316
0.34316,0.34316,0.34316,0.34316,0.34316,0.34316,0.34316
0.3378,0.3378,0.3378,0.3378,0.3378,0.3378,0.3378
0.34048,0.34048,0.34048,0.34048,0.34048,0.34048,0.34048
0.33244,0.33244,0.33244,0.33244,0.33244,0.33244,0.33244
0.32172,0.32172,0.32172,0.32172,0.32172,0.32172,0.32172
0.3244,0.3244,0.3244,0.3244,0.3244,0.3244,0.3244
0.34048,0.34048,0.34048,0.34048,0.34048,0.34048,0.34048
0.35389,0.35389,0.35389,0.35389,0.35389,0.35389,0.35389
0.37534,0.37534,0.37534,0.37534,0.37534,0.37534,0.37534
0.41019,0.41019,0.41019,0.41019,0.41019,0.41019,0.41019
0.437,0.437,0.437,0.437,0.437,0.437,0.437
0.46113,0.46113,0.46113,0.46113,0.46113,0.46113,0.46113
0.46917,0.46917,0.46917,0.46917,0.46917,0.46917,0.46917
0.47185,0.47185,0.47185,0.47185,0.47185,0.47185,0.47185
0.45308,0.45308,0.45308,0.45308,0.45308,0.45308,0.45308
0.44504,0.44504,0.44504,0.44504,0.44504,0.44504,0.44504
0.43432,0.43432,0.43432,0.43432,0.43432,0.43432,0.43432
0.40751,0.40751,0.40751,0.40751,0.40751,0.40751,0.40751
0.39946,0.39946,0.39946,0.39946,0.39946,0.39946,0.39946
0.39946,0.39946,0.39946,0.39946,0.39946,0.39946,0.39946
0.38338,0.38338,0.38338,0.38338,0.38338,0.38338,0.38338
0.37802,0.37802,0.37802,0.37802,0.37802,0.37802,0.37802
0.37802,0.37802,0.37802,0.37802,0.37802,0.37802,0.37802
0.37802,0.37802,0.37802,0.37802,0.37802,0.37802,0.37802
0.3807,0.3807,0.3807,0.3807,0.3807,0.3807,0.3807
0.38338,0.38338,0.38338,0.38338,0.38338,0.38338,0.38338
0.38606,0.38606,0.38606,0.38606,0.38606,0.38606,0.38606
0.3941,0.3941,0.3941,0.3941,0.3941,0.3941,0.3941
0.39678,0.39678,0.39678,0.39678,0.39678,0.39678,0.39678
0.38874,0.38874,0.38874,0.38874,0.38874,0.38874,0.38874
0.38874,0.38874,0.38874,0.38874,0.38874,0.38874,0.38874
0.40214,0.40214,0.40214,0.40214,0.40214,0.40214,0.40214
0.41019,0.41019,0.41019,0.41019,0.41019,0.41019,0.41019
0.43164,0.43164,0.43164,0.43164,0.43164,0.43164,0.43164
0.437,0.437,0.437,0.437,0.437,0.437,0.437
0.4504,0.4504,0.4504,0.4504,0.4504,0.4504,0.4504
0.46381,0.46381,0.46381,0.46381,0.46381,0.46381,0.46381
0.46649,0.46649,0.46649,0.46649,0.46649,0.46649,0.46649
0.46649,0.46649,0.46649,0.46649,0.46649,0.46649,0.46649
0.46381,0.46381,0.46381,0.46381,0.46381,0.46381,0.46381
0.45845,0.45845,0.45845,0.45845,0.45845,0.45845,0.45845
0.45308,0.45308,0.45308,0.45308,0.45308,0.45308,0.45308
0.44504,0.44504,0.44504,0.44504,0.44504,0.44504,0.44504
0.43432,0.43432,0.43432,0.43432,0.43432,0.43432,0.43432
0.41823,0.41823,0.41823,0.41823,0.41823,0.41823,0.41823
0.41019,0.41019,0.41019,0.41019,0.41019,0.41019,0.41019
0.40751,0.40751,0.40751,0.40751,0.40751,0.40751,0.40751
0.40483,0.40483,0.40483,0.40483,0.40483,0.40483,0.40483
0.40483,0.40483,0.40483,0.40483,0.40483,0.40483,0.40483
0.40751,0.40751,0.40751,0.40751,0.40751,0.40751,0.40751
0.40214,0.40214,0.40214,0.40214,0.40214,0.40214,0.40214
0.39946,0.39946,0.39946,0.39946,0.39946,0.39946,0.39946
0.38606,0.38606,0.38606,0.38606,0.38606,0.38606,0.38606
0.37534,0.37534,0.37534,0.37534,0.37534,0.37534,0.37534
0.38606,0.38606,0.38606,0.38606,0.38606,0.38606,0.38606
0.3941,0.3941,0.3941,0.3941,0.3941,0.3941,0.3941
0.39946,0.39946,0.39946,0.39946,0.39946,0.39946,0.39946
0.40751,0.40751,0.40751,0.40751,0.40751,0.40751,0.40751
0.41555,0.41555,0.41555,0.41555,0.41555,0.41555,0.41555
0.41287,0.41287,0.41287,0.41287,0.41287,0.41287,0.41287
0.41019,0.41019,0.41019,0.41019,0.41019,0.41019,0.41019
0.40483,0.40483,0.40483,0.40483,0.40483,0.40483,0.40483
0.40751,0.40751,0.40751,0.40751,0.40751,0.40751,0.40751
0.40751,0.40751,0.40751,0.40751,0.40751,0.40751,0.40751
0.40751,0.40751,0.40751,0.40751,0.40751,0.40751,0.40751
0.40214,0.40214,0.40214,0.40214,0.40214,0.40214,0.40214
0.39946,0.39946,0.39946,0.39946,0.39946,0.39946,0.39946
0.39946,0.39946,0.39946,0.39946,0.39946,0.39946,0.39946
0.40751,0.40751,0.40751,0.40751,0.40751,0.40751,0.40751
0.40751,0.40751,0.40751,0.40751,0.40751,0.40751,0.40751
0.41287,0.41287,0.41287,0.41287,0.41287,0.41287,0.41287
0.41287,0.41287,0.41287,0.41287,0.41287,0.41287,0.41287
0.41287,0.41287,0.41287,0.41287,0.41287,0.41287,0.41287
0.41019,0.41019,0.41019,0.41019,0.41019,0.41019,0.41019
0.41019,0.41019,0.41019,0.41019,0.41019,0.41019,0.41019
0.40483,0.40483,0.40483,0.40483,0.40483,0.40483,0.40483
0.40214,0.40214,0.40214,0.40214,0.40214,0.40214,0.40214
0.39678,0.39678,0.39678,0.39678,0.39678,0.39678,0.39678
0.40751,0.40751,0.40751,0.40751,0.40751,0.40751,0.40751
0.44236,0.44236,0.44236,0.44236,0.44236,0.44236,0.44236
0.47185,0.47185,0.47185,0.47185,0.47185,0.47185,0.47185
0.48794,0.48794,0.48794,0.48794,0.48794,0.48794,0.48794
0.48257,0.48257,0.48257,0.48257,0.48257,0.48257,0.48257
0.47185,0.47185,0.47185,0.47185,0.47185,0.47185,0.47185
0.47185,0.47185,0.47185,0.47185,0.47185,0.47185,0.47185
0.47453,0.47453,0.47453,0.47453,0.47453,0.47453,0.47453
0.47989,0.47989,0.47989,0.47989,0.47989,0.47989,0.47989
0.47453,0.47453,0.47453,0.47453,0.47453,0.47453,0.47453
0.47185,0.47185,0.47185,0.47185,0.47185,0.47185,0.47185
0.45845,0.45845,0.45845,0.45845,0.45845,0.45845,0.45845
0.44772,0.44772,0.44772,0.44772,0.44772,0.44772,0.44772
0.44504,0.44504,0.44504,0.44504,0.44504,0.44504,0.44504
0.43432,0.43432,0.43432,0.43432,0.43432,0.43432,0.43432
0.42627,0.42627,0.42627,0.42627,0.42627,0.42627,0.42627
0.42627,0.42627,0.42627,0.42627,0.42627,0.42627,0.42627
0.41823,0.41823,0.41823,0.41823,0.41823,0.41823,0.41823
0.42091,0.42091,0.42091,0.42091,0.42091,0.42091,0.42091
0.42359,0.42359,0.42359,0.42359,0.42359,0.42359,0.42359
0.41823,0.41823,0.41823,0.41823,0.41823,0.41823,0.41823
0.41287,0.41287,0.41287,0.41287,0.41287,0.41287,0.41287
0.41287,0.41287,0.41287,0.41287,0.41287,0.41287,0.41287
0.41555,0.41555,0.41555,0.41555,0.41555,0.41555,0.41555
0.41823,0.41823,0.41823,0.41823,0.41823,0.41823,0.41823
0.42359,0.42359,0.42359,0.42359,0.42359,0.42359,0.42359
0.44504,0.44504,0.44504,0.44504,0.44504,0.44504,0.44504
0.46917,0.46917,0.46917,0.46917,0.46917,0.46917,0.46917
0.48525,0.48525,0.48525,0.48525,0.48525,0.48525,0.48525
0.48525,0.48525,0.48525,0.48525,0.48525,0.48525,0.48525
0.47721,0.47721,0.47721,0.47721,0.47721,0.47721,0.47721
0.46649,0.46649,0.46649,0.46649,0.46649,0.46649,0.46649
0.44504,0.44504,0.44504,0.44504,0.44504,0.44504,0.44504
0.42359,0.42359,0.42359,0.42359,0.42359,0.42359,0.42359
0.40214,0.40214,0.40214,0.40214,0.40214,0.40214,0.40214
0.38338,0.38338,0.38338,0.38338,0.38338,0.38338,0.38338
0.37802,0.37802,0.37802,0.37802,0.37802,0.37802,0.37802
0.39678,0.39678,0.39678,0.39678,0.39678,0.39678,0.39678
0.39142,0.39142,0.39142,0.39142,0.39142,0.39142,0.39142
0.37265,0.37265,0.37265,0.37265,0.37265,0.37265,0.37265
0.35657,0.35657,0.35657,0.35657,0.35657,0.35657,0.35657
0.34048,0.34048,0.34048,0.34048,0.34048,0.34048,0.34048
0.32976,0.32976,0.32976,0.32976,0.32976,0.32976,0.32976
0.32708,0.32708,0.32708,0.32708,0.32708,0.32708,0.32708
0.3244,0.3244,0.3244,0.3244,0.3244,0.3244,0.3244
0.31099,0.31099,0.31099,0.31099,0.31099,0.31099,0.31099
0.30027,0.30027,0.30027,0.30027,0.30027,0.30027,0.30027
0.29491,0.29491,0.29491,0.29491,0.29491,0.29491,0.29491
0.30563,0.30563,0.30563,0.30563,0.30563,0.30563,0.30563
0.34853,0.34853,0.34853,0.34853,0.34853,0.34853,0.34853
0.39678,0.39678,0.39678,0.39678,0.39678,0.39678,0.39678
0.41555,0.41555,0.41555,0.41555,0.41555,0.41555,0.41555
0.41823,0.41823,0.41823,0.41823,0.41823,0.41823,0.41823
0.44504,0.44504,0.44504,0.44504,0.44504,0.44504,0.44504
0.46649,0.46649,0.46649,0.46649,0.46649,0.46649,0.46649
0.46113,0.46113,0.46113,0.46113,0.46113,0.46113,0.46113
0.43164,0.43164,0.43164,0.43164,0.43164,0.43164,0.43164
0.40214,0.40214,0.40214,0.40214,0.40214,0.40214,0.40214
0.37802,0.37802,0.37802,0.37802,0.37802,0.37802,0.37802
0.34853,0.34853,0.34853,0.34853,0.34853,0.34853,0.34853
0.3244,0.3244,0.3244,0.3244,0.3244,0.3244,0.3244
0.30563,0.30563,0.30563,0.30563,0.30563,0.30563,0.30563
0.27882,0.27882,0.27882,0.27882,0.27882,0.27882,0.27882
0.27346,0.27346,0.27346,0.27346,0.27346,0.27346,0.27346
0.26542,0.26542,0.26542,0.26542,0.26542,0.26542,0.26542
0.25469,0.25469,0.25469,0.25469,0.25469,0.25469,0.25469
0.24665,0.24665,0.24665,0.24665,0.24665,0.24665,0.24665
0.23324,0.23324,0.23324,0.23324,0.23324,0.23324,0.23324
0.22788,0.22788,0.22788,0.22788,0.22788,0.22788,0.22788
0.23592,0.23592,0.23592,0.23592,0.23592,0.23592,0.23592
0.24397,0.24397,0.24397,0.24397,0.24397,0.24397,0.24397
0.25201,0.25201,0.25201,0.25201,0.25201,0.25201,0.25201
0.27078,0.27078,0.27078,0.27078,0.27078,0.27078,0.27078
0.28418,0.28418,0.28418,0.28418,0.28418,0.28418,0.28418
0.30563,0.30563,0.30563,0.30563,0.30563,0.30563,0.30563
0.32708,0.32708,0.32708,0.32708,0.32708,0.32708,0.32708
0.32172,0.32172,0.32172,0.32172,0.32172,0.32172,0.32172
0.31635,0.31635,0.31635,0.31635,0.31635,0.31635,0.31635
0.31635,0.31635,0.31635,0.31635,0.31635,0.31635,0.31635
0.31635,0.31635,0.31635,0.31635,0.31635,0.31635,0.31635
0.32172,0.32172,0.32172,0.32172,0.32172,0.32172,0.32172
0.32172,0.32172,0.32172,0.32172,0.32172,0.32172,0.32172
0.31367,0.31367,0.31367,0.31367,0.31367,0.31367,0.31367
0.31367,0.31367,0.31367,0.31367,0.31367,0.31367,0.31367
0.30563,0.30563,0.30563,0.30563,0.30563,0.30563,0.30563
0.28954,0.28954,0.28954,0.28954,0.28954,0.28954,0.28954
0.27882,0.27882,0.27882,0.27882,0.27882,0.27882,0.27882
0.25737,0.25737,0.25737,0.25737,0.25737,0.25737,0.25737
0.23592,0.23592,0.23592,0.23592,0.23592,0.23592,0.23592
0.2118,0.2118,0.2118,0.2118,0.2118,0.2118,0.2118
0.20107,0.20107,0.20107,0.20107,0.20107,0.20107,0.20107
0.18767,0.18767,0.18767,0.18767,0.18767,0.18767,0.18767
0.18231,0.18231,0.18231,0.18231,0.18231,0.18231,0.18231
0.17426,0.17426,0.17426,0.17426,0.17426,0.17426,0.17426
0.15282,0.15282,0.15282,0.15282,0.15282,0.15282,0.15282
0.14209,0.14209,0.14209,0.14209,0.14209,0.14209,0.14209
0.15013,0.15013,0.15013,0.15013,0.15013,0.15013,0.15013
0.17426,0.17426,0.17426,0.17426,0.17426,0.17426,0.17426
0.21448,0.21448,0.21448,0.21448,0.21448,0.21448,0.21448
0.23861,0.23861,0.23861,0.23861,0.23861,0.23861,0.23861
0.24665,0.24665,0.24665,0.24665,0.24665,0.24665,0.24665
0.24665,0.24665,0.24665,0.24665,0.24665,0.24665,0.24665
0.25201,0.25201,0.25201,0.25201,0.25201,0.25201,0.25201
0.24933,0.24933,0.24933,0.24933,0.24933,0.24933,0.24933
0.23861,0.23861,0.23861,0.23861,0.23861,0.23861,0.23861
0.21984,0.21984,0.21984,0.21984,0.21984,0.21984,0.21984
0.20107,0.20107,0.20107,0.20107,0.20107,0.20107,0.20107
0.17694,0.17694,0.17694,0.17694,0.17694,0.17694,0.17694
0.1689,0.1689,0.1689,0.1689,0.1689,0.1689,0.1689
0.1689,0.1689,0.1689,0.1689,0.1689,0.1689,0.1689
0.17426,0.17426,0.17426,0.17426,0.17426,0.17426,0.17426
0.17694,0.17694,0.17694,0.17694,0.17694,0.17694,0.17694
0.16622,0.16622,0.16622,0.16622,0.16622,0.16622,0.16622
0.13941,0.13941,0.13941,0.13941,0.13941,0.13941,0.13941
0.12332,0.12332,0.12332,0.12332,0.12332,0.12332,0.12332
0.11528,0.11528,0.11528,0.11528,0.11528,0.11528,0.11528
0.1126,0.1126,0.1126,0.1126,0.1126,0.1126,0.1126
0.10456,0.10456,0.10456,0.10456,0.10456,0.10456,0.10456
0.099196,0.099196,0.099196,0.099196,0.099196,0.099196,0.099196
0.088472,0.088472,0.088472,0.088472,0.088472,0.088472,0.088472
0.10992,0.10992,0.10992,0.10992,0.10992,0.10992,0.10992
0.15282,0.15282,0.15282,0.15282,0.15282,0.15282,0.15282
0.22252,0.22252,0.22252,0.22252,0.22252,0.22252,0.22252
0.26542,0.26542,0.26542,0.26542,0.26542,0.26542,0.26542
0.28954,0.28954,0.28954,0.28954,0.28954,0.28954,0.28954
0.30295,0.30295,0.30295,0.30295,0.30295,0.30295,0.30295
0.29759,0.29759,0.29759,0.29759,0.29759,0.29759,0.29759
0.29759,0.29759,0.29759,0.29759,0.29759,0.29759,0.29759
0.27346,0.27346,0.27346,0.27346,0.27346,0.27346,0.27346
0.23324,0.23324,0.23324,0.23324,0.23324,0.23324,0.23324
0.19035,0.19035,0.19035,0.19035,0.19035,0.19035,0.19035
0.17694,0.17694,0.17694,0.17694,0.17694,0.17694,0.17694
0.16354,0.16354,0.16354,0.16354,0.16354,0.16354,0.16354
0.1555,0.1555,0.1555,0.1555,0.1555,0.1555,0.1555
0.15282,0.15282,0.15282,0.15282,0.15282,0.15282,0.15282
0.14477,0.14477,0.14477,0.14477,0.14477,0.14477,0.14477
0.14209,0.14209,0.14209,0.14209,0.14209,0.14209,0.14209
0.14209,0.14209,0.14209,0.14209,0.14209,0.14209,0.14209
0.15818,0.15818,0.15818,0.15818,0.15818,0.15818,0.15818
0.17426,0.17426,0.17426,0.17426,0.17426,0.17426,0.17426
0.17694,0.17694,0.17694,0.17694,0.17694,0.17694,0.17694
0.17426,0.17426,0.17426,0.17426,0.17426,0.17426,0.17426
0.19035,0.19035,0.19035,0.19035,0.19035,0.19035,0.19035
0.19839,0.19839,0.19839,0.19839,0.19839,0.19839,0.19839
0.20912,0.20912,0.20912,0.20912,0.20912,0.20912,0.20912
0.22252,0.22252,0.22252,0.22252,0.22252,0.22252,0.22252
0.24933,0.24933,0.24933,0.24933,0.24933,0.24933,0.24933
0.29491,0.29491,0.29491,0.29491,0.29491,0.29491,0.29491
0.33512,0.33512,0.33512,0.33512,0.33512,0.33512,0.33512
0.33244,0.33244,0.33244,0.33244,0.33244,0.33244,0.33244
0.34048,0.34048,0.34048,0.34048,0.34048,0.34048,0.34048
0.33244,0.33244,0.33244,0.33244,0.33244,0.33244,0.33244
0.30563,0.30563,0.30563,0.30563,0.30563,0.30563,0.30563
0.29759,0.29759,0.29759,0.29759,0.29759,0.29759,0.29759
0.2681,0.2681,0.2681,0.2681,0.2681,0.2681,0.2681
0.25737,0.25737,0.25737,0.25737,0.25737,0.25737,0.25737
0.24129,0.24129,0.24129,0.24129,0.24129,0.24129,0.24129
0.22252,0.22252,0.22252,0.22252,0.22252,0.22252,0.22252
0.23056,0.23056,0.23056,0.23056,0.23056,0.23056,0.23056
0.22252,0.22252,0.22252,0.22252,0.22252,0.22252,0.22252
0.20375,0.20375,0.20375,0.20375,0.20375,0.20375,0.20375
0.19303,0.19303,0.19303,0.19303,0.19303,0.19303,0.19303
0.20912,0.20912,0.20912,0.20912,0.20912,0.20912,0.20912
0.22252,0.22252,0.22252,0.22252,0.22252,0.22252,0.22252
0.24397,0.24397,0.24397,0.24397,0.24397,0.24397,0.24397
0.26005,0.26005,0.26005,0.26005,0.26005,0.26005,0.26005
0.24933,0.24933,0.24933,0.24933,0.24933,0.24933,0.24933
0.25469,0.25469,0.25469,0.25469,0.25469,0.25469,0.25469
0.27346,0.27346,0.27346,0.27346,0.27346,0.27346,0.27346
0.31099,0.31099,0.31099,0.31099,0.31099,0.31099,0.31099
0.35389,0.35389,0.35389,0.35389,0.35389,0.35389,0.35389
0.37534,0.37534,0.37534,0.37534,0.37534,0.37534,0.37534
0.38874,0.38874,0.38874,0.38874,0.38874,0.38874,0.38874
0.39678,0.39678,0.39678,0.39678,0.39678,0.39678,0.39678
0.3941,0.3941,0.3941,0.3941,0.3941,0.3941,0.3941
0.39142,0.39142,0.39142,0.39142,0.39142,0.39142,0.39142
0.34048,0.34048,0.34048,0.34048,0.34048,0.34048,0.34048
0.30027,0.30027,0.30027,0.30027,0.30027,0.30027,0.30027
0.2815,0.2815,0.2815,0.2815,0.2815,0.2815,0.2815
0.27078,0.27078,0.27078,0.27078,0.27078,0.27078,0.27078
0.2681,0.2681,0.2681,0.2681,0.2681,0.2681,0.2681
0.23324,0.23324,0.23324,0.23324,0.23324,0.23324,0.23324
0.20643,0.20643,0.20643,0.20643,0.20643,0.20643,0.20643
0.19571,0.19571,0.19571,0.19571,0.19571,0.19571,0.19571
0.19035,0.19035,0.19035,0.19035,0.19035,0.19035,0.19035
1.1607,1.17997928419721,1.1620205453749,1.21426596153488,1.1860095232242,1.14952640110654,1.03492349515224
1.1609,1.14038872046058,1.12157149961975,1.15397639164315,1.19439107282598,1.15932663810967,1.08530592133033
1.1621,1.18118240721469,1.12159652952125,1.16753758496125,1.17386980626363,1.13650429538409,1.07131033524909
1.1584,1.23059988122021,1.14171909613981,1.19939537802883,1.15033228687378,1.11932584594788,1.10249560602189
1.1575,1.16432914427406,1.13162532966495,1.17873708500984,1.12898201742685,1.12192554705948,1.11114931137902
1.1581,1.15201087013665,1.14268340906309,1.19049521044674,1.13991679497031,1.13471473138712,1.05134169585112
1.1592,1.15594709088942,1.1612820256204,1.2095523932039,1.14645729752266,1.1353606723335,1.04346154558208
1.1674,1.13784660006293,1.20112575970947,1.22534457985711,1.1571282373105,1.14144933187447,1.05564722240888
1.1867,1.1220180387315,1.241359077734,1.15314419846055,1.17227673604286,1.13927979735288,1.0787562685815
1.2051,1.13134097499395,1.20902649083,1.09193637260202,1.16375442905255,1.13153034766681,1.13491288569064
1.1606,1.14504091088378,1.18966935748686,1.08935273457072,1.13059092806433,1.1106903588188,1.13927254306441
1.126,1.14995629861227,1.1860015764343,1.08730317980729,1.1114676656261,1.07079156838861,1.15167285026829
1.1065,1.13695433553832,1.14507517527422,1.06962371375041,1.06077326181945,1.06358291699131,1.10419275365689
1.1073,1.12163267060808,1.0976100268969,1.05458746466936,1.02411729532379,1.04946482107986,1.03564635552705
1.1114,1.12261761841493,1.08173501619527,1.05638088644173,1.02982156372696,1.07968651662987,1.04276068233135
1.1171,1.13322321489992,1.07789881642784,1.07547922629644,1.03280674461365,1.10420055339526,1.05472376302566
1.1212,1.12254597927254,1.08574322412959,1.09086248995643,1.06149457127269,1.10277800717653,1.07238305015842
1.1258,1.11673376094251,1.08416891457122,1.09491483789609,1.07892264807876,1.10308488391138,1.08192030568203
1.1228,1.09712801282561,1.09529533231795,1.11859927744873,1.12135832298365,1.11088135553484,1.10108961944975
1.1173,1.08081856852779,1.10563408089455,1.13125669913235,1.13078948265556,1.10847245864425,1.12640027491863
1.1162,1.07926902556743,1.10087022965941,1.13331644128369,1.11266245131416,1.09454203115207,1.09984368279683
1.117,1.07651059227569,1.10056244968852,1.12741827945165,1.12741943343901,1.0954072661759,1.15002845868755
1.1141,1.07687645276136,1.08978239033712,1.11662793341602,1.10086529579083,1.07735133238566,1.10236822210411
1.1122,1.09852956904818,1.10595081701612,1.13617684043108,1.11439170781763,1.08080562499725,1.11484559917769
