original,trained_s_1,trained_s_2,trained_s_3,trained_b_1,trained_b_2,trained_b_3
0.32976,0.32976,0.32976,0.32976,0.32976,0.32976,0.32976
0.32976,0.32976,0.32976,0.32976,0.32976,0.32976,0.32976
0.31903,0.31903,0.31903,0.31903,0.31903,0.31903,0.31903
0.31635,0.31635,0.31635,0.31635,0.31635,0.31635,0.31635
0.31635,0.31635,0.31635,0.31635,0.31635,0.31635,0.31635
0.31367,0.31367,0.31367,0.31367,0.31367,0.31367,0.31367
0.31099,0.31099,0.31099,0.31099,0.31099,0.31099,0.31099
0.32172,0.32172,0.32172,0.32172,0.32172,0.32172,0.32172
0.33244,0.33244,0.33244,0.33244,0.33244,0.33244,0.33244
0.33512,0.33512,0.33512,0.33512,0.33512,0.33512,0.33512
0.36997,0.36997,0.36997,0.36997,0.36997,0.36997,0.36997
0.38874,0.38874,0.38874,0.38874,0.38874,0.38874,0.38874
0.41019,0.41019,0.41019,0.41019,0.41019,0.41019,0.41019
0.4504,0.4504,0.4504,0.4504,0.4504,0.4504,0.4504
0.43968,0.43968,0.43968,0.43968,0.43968,0.43968,0.43968
0.44504,0.44504,0.44504,0.44504,0.44504,0.44504,0.44504
0.42627,0.42627,0.42627,0.42627,0.42627,0.42627,0.42627
0.3941,0.3941,0.3941,0.3941,0.3941,0.3941,0.3941
0.39142,0.39142,0.39142,0.39142,0.39142,0.39142,0.39142
0.38874,0.38874,0.38874,0.38874,0.38874,0.38874,0.38874
0.38874,0.38874,0.38874,0.38874,0.38874,0.38874,0.38874
0.37802,0.37802,0.37802,0.37802,0.37802,0.37802,0.37802
0.37802,0.37802,0.37802,0.37802,0.37802,0.37802,0.37802
0.37265,0.37265,0.37265,0.37265,0.37265,0.37265,0.37265
0.37265,0.37265,0.37265,0.37265,0.37265,0.37265,0.37265
0.37534,0.37534,0.37534,0.37534,0.37534,0.37534,0.37534
0.33244,0.33244,0.33244,0.33244,0.33244,0.33244,0.33244
0.36193,0.36193,0.36193,0.36193,0.36193,0.36193,0.36193
0.37802,0.37802,0.37802,0.37802,0.37802,0.37802,0.37802
0.38338,0.38338,0.38338,0.38338,0.38338,0.38338,0.38338
0.35121,0.35121,0.35121,0.35121,0.35121,0.35121,0.35121
0.36193,0.36193,0.36193,0.36193,0.36193,0.36193,0.36193
0.40483,0.40483,0.40483,0.40483,0.40483,0.40483,0.40483
0.43432,0.43432,0.43432,0.43432,0.43432,0.43432,0.43432
0.49062,0.49062,0.49062,0.49062,0.49062,0.49062,0.49062
0.49866,0.49866,0.49866,0.49866,0.49866,0.49866,0.49866
0.4933,0.4933,0.4933,0.4933,0.4933,0.4933,0.4933
0.47185,0.47185,0.47185,0.47185,0.47185,0.47185,0.47185
0.47185,0.47185,0.47185,0.47185,0.47185,0.47185,0.47185
0.4504,0.4504,0.4504,0.4504,0.4504,0.4504,0.4504
0.42627,0.42627,0.42627,0.42627,0.42627,0.42627,0.42627
0.3941,0.3941,0.3941,0.3941,0.3941,0.3941,0.3941
0.36729,0.36729,0.36729,0.36729,0.36729,0.36729,0.36729
0.34048,0.34048,0.34048,0.34048,0.34048,0.34048,0.34048
0.32976,0.32976,0.32976,0.32976,0.32976,0.32976,0.32976
0.3244,0.3244,0.3244,0.3244,0.3244,0.3244,0.3244
0.31099,0.31099,0.31099,0.31099,0.31099,0.31099,0.31099
0.28686,0.28686,0.28686,0.28686,0.28686,0.28686,0.28686
0.27078,0.27078,0.27078,0.27078,0.27078,0.27078,0.27078
0.27882,0.27882,0.27882,0.27882,0.27882,0.27882,0.27882
0.25737,0.25737,0.25737,0.25737,0.25737,0.25737,0.25737
0.24933,0.24933,0.24933,0.24933,0.24933,0.24933,0.24933
0.23592,0.23592,0.23592,0.23592,0.23592,0.23592,0.23592
0.23324,0.23324,0.23324,0.23324,0.23324,0.23324,0.23324
0.23592,0.23592,0.23592,0.23592,0.23592,0.23592,0.23592
0.24933,0.24933,0.24933,0.24933,0.24933,0.24933,0.24933
0.27346,0.27346,0.27346,0.27346,0.27346,0.27346,0.27346
0.29223,0.29223,0.29223,0.29223,0.29223,0.29223,0.29223
0.30563,0.30563,0.30563,0.30563,0.30563,0.30563,0.30563
0.3244,0.3244,0.3244,0.3244,0.3244,0.3244,0.3244
0.34584,0.34584,0.34584,0.34584,0.34584,0.34584,0.34584
0.35389,0.35389,0.35389,0.35389,0.35389,0.35389,0.35389
0.35121,0.35121,0.35121,0.35121,0.35121,0.35121,0.35121
0.34048,0.34048,0.34048,0.34048,0.34048,0.34048,0.34048
0.3378,0.3378,0.3378,0.3378,0.3378,0.3378,0.3378
0.34316,0.34316,0.34316,0.34316,0.34316,0.34316,0.34316
0.34048,0.34048,0.34048,0.34048,0.34048,0.34048,0.34048
0.3378,0.3378,0.3378,0.3378,0.3378,0.3378,0.3378
0.32976,0.32976,0.32976,0.32976,0.32976,0.32976,0.32976
0.31099,0.31099,0.31099,0.31099,0.31099,0.31099,0.31099
0.30563,0.30563,0.30563,0.30563,0.30563,0.30563,0.30563
0.28418,0.28418,0.28418,0.28418,0.28418,0.28418,0.28418
0.27882,0.27882,0.27882,0.27882,0.27882,0.27882,0.27882
0.27882,0.27882,0.27882,0.27882,0.27882,0.27882,0.27882
0.28418,0.28418,0.28418,0.28418,0.28418,0.28418,0.28418
0.27614,0.27614,0.27614,0.27614,0.27614,0.27614,0.27614
0.24665,0.24665,0.24665,0.24665,0.24665,0.24665,0.24665
0.2252,0.2252,0.2252,0.2252,0.2252,0.2252,0.2252
0.22788,0.22788,0.22788,0.22788,0.22788,0.22788,0.22788
0.24129,0.24129,0.24129,0.24129,0.24129,0.24129,0.24129
0.28954,0.28954,0.28954,0.28954,0.28954,0.28954,0.28954
0.33512,0.33512,0.33512,0.33512,0.33512,0.33512,0.33512
0.35925,0.35925,0.35925,0.35925,0.35925,0.35925,0.35925
0.36997,0.36997,0.36997,0.36997,0.36997,0.36997,0.36997
0.38338,0.38338,0.38338,0.38338,0.38338,0.38338,0.38338
0.38338,0.38338,0.38338,0.38338,0.38338,0.38338,0.38338
0.3807,0.3807,0.3807,0.3807,0.3807,0.3807,0.3807
0.37265,0.37265,0.37265,0.37265,0.37265,0.37265,0.37265
0.35925,0.35925,0.35925,0.35925,0.35925,0.35925,0.35925
0.34048,0.34048,0.34048,0.34048,0.34048,0.34048,0.34048
0.31903,0.31903,0.31903,0.31903,0.31903,0.31903,0.31903
0.31099,0.31099,0.31099,0.31099,0.31099,0.31099,0.31099
0.29759,0.29759,0.29759,0.29759,0.29759,0.29759,0.29759
0.27882,0.27882,0.27882,0.27882,0.27882,0.27882,0.27882
0.27614,0.27614,0.27614,0.27614,0.27614,0.27614,0.27614
0.27614,0.27614,0.27614,0.27614,0.27614,0.27614,0.27614
0.27346,0.27346,0.27346,0.27346,0.27346,0.27346,0.27346
0.27078,0.27078,0.27078,0.27078,0.27078,0.27078,0.27078
0.27614,0.27614,0.27614,0.27614,0.27614,0.27614,0.27614
0.27614,0.27614,0.27614,0.27614,0.27614,0.27614,0.27614
0.25737,0.25737,0.25737,0.25737,0.25737,0.25737,0.25737
0.23324,0.23324,0.23324,0.23324,0.23324,0.23324,0.23324
0.23861,0.23861,0.23861,0.23861,0.23861,0.23861,0.23861
0.24665,0.24665,0.24665,0.24665,0.24665,0.24665,0.24665
0.25469,0.25469,0.25469,0.25469,0.25469,0.25469,0.25469
0.29491,0.29491,0.29491,0.29491,0.29491,0.29491,0.29491
0.31903,0.31903,0.31903,0.31903,0.31903,0.31903,0.31903
0.34048,0.34048,0.34048,0.34048,0.34048,0.34048,0.34048
0.35389,0.35389,0.35389,0.35389,0.35389,0.35389,0.35389
0.35389,0.35389,0.35389,0.35389,0.35389,0.35389,0.35389
0.34853,0.34853,0.34853,0.34853,0.34853,0.34853,0.34853
0.34316,0.34316,0.34316,0.34316,0.34316,0.34316,0.34316
0.3378,0.3378,0.3378,0.3378,0.3378,0.3378,0.3378
0.32708,0.32708,0.32708,0.32708,0.32708,0.32708,0.32708
0.31635,0.31635,0.31635,0.31635,0.31635,0.31635,0.31635
0.31099,0.31099,0.31099,0.31099,0.31099,0.31099,0.31099
0.30027,0.30027,0.30027,0.30027,0.30027,0.30027,0.30027
0.25737,0.25737,0.25737,0.25737,0.25737,0.25737,0.25737
0.23861,0.23861,0.23861,0.23861,0.23861,0.23861,0.23861
0.23592,0.23592,0.23592,0.23592,0.23592,0.23592,0.23592
0.23861,0.23861,0.23861,0.23861,0.23861,0.23861,0.23861
0.25201,0.25201,0.25201,0.25201,0.25201,0.25201,0.25201
0.25737,0.25737,0.25737,0.25737,0.25737,0.25737,0.25737
0.27078,0.27078,0.27078,0.27078,0.27078,0.27078,0.27078
0.2815,0.2815,0.2815,0.2815,0.2815,0.2815,0.2815
0.2681,0.2681,0.2681,0.2681,0.2681,0.2681,0.2681
0.26273,0.26273,0.26273,0.26273,0.26273,0.26273,0.26273
0.26542,0.26542,0.26542,0.26542,0.26542,0.26542,0.26542
0.27346,0.27346,0.27346,0.27346,0.27346,0.27346,0.27346
0.2815,0.2815,0.2815,0.2815,0.2815,0.2815,0.2815
0.29223,0.29223,0.29223,0.29223,0.29223,0.29223,0.29223
0.29223,0.29223,0.29223,0.29223,0.29223,0.29223,0.29223
0.27346,0.27346,0.27346,0.27346,0.27346,0.27346,0.27346
0.25737,0.25737,0.25737,0.25737,0.25737,0.25737,0.25737
0.25469,0.25469,0.25469,0.25469,0.25469,0.25469,0.25469
0.25737,0.25737,0.25737,0.25737,0.25737,0.25737,0.25737
0.26273,0.26273,0.26273,0.26273,0.26273,0.26273,0.26273
0.26542,0.26542,0.26542,0.26542,0.26542,0.26542,0.26542
0.27346,0.27346,0.27346,0.27346,0.27346,0.27346,0.27346
0.27346,0.27346,0.27346,0.27346,0.27346,0.27346,0.27346
0.24397,0.24397,0.24397,0.24397,0.24397,0.24397,0.24397
0.2118,0.2118,0.2118,0.2118,0.2118,0.2118,0.2118
0.22788,0.22788,0.22788,0.22788,0.22788,0.22788,0.22788
0.24397,0.24397,0.24397,0.24397,0.24397,0.24397,0.24397
0.25737,0.25737,0.25737,0.25737,0.25737,0.25737,0.25737
0.26005,0.26005,0.26005,0.26005,0.26005,0.26005,0.26005
0.24933,0.24933,0.24933,0.24933,0.24933,0.24933,0.24933
0.23056,0.23056,0.23056,0.23056,0.23056,0.23056,0.23056
0.23324,0.23324,0.23324,0.23324,0.23324,0.23324,0.23324
0.24665,0.24665,0.24665,0.24665,0.24665,0.24665,0.24665
0.24397,0.24397,0.24397,0.24397,0.24397,0.24397,0.24397
0.2681,0.2681,0.2681,0.2681,0.2681,0.2681,0.2681
0.29223,0.29223,0.29223,0.29223,0.29223,0.29223,0.29223
0.3244,0.3244,0.3244,0.3244,0.3244,0.3244,0.3244
0.34853,0.34853,0.34853,0.34853,0.34853,0.34853,0.34853
0.39142,0.39142,0.39142,0.39142,0.39142,0.39142,0.39142
0.42359,0.42359,0.42359,0.42359,0.42359,0.42359,0.42359
0.44236,0.44236,0.44236,0.44236,0.44236,0.44236,0.44236
0.46113,0.46113,0.46113,0.46113,0.46113,0.46113,0.46113
0.41823,0.41823,0.41823,0.41823,0.41823,0.41823,0.41823
0.35389,0.35389,0.35389,0.35389,0.35389,0.35389,0.35389
0.3244,0.3244,0.3244,0.3244,0.3244,0.3244,0.3244
0.31903,0.31903,0.31903,0.31903,0.31903,0.31903,0.31903
0.30295,0.30295,0.30295,0.30295,0.30295,0.30295,0.30295
0.31099,0.31099,0.31099,0.31099,0.31099,0.31099,0.31099
0.30831,0.30831,0.30831,0.30831,0.30831,0.30831,0.30831
0.29491,0.29491,0.29491,0.29491,0.29491,0.29491,0.29491
0.28686,0.28686,0.28686,0.28686,0.28686,0.28686,0.28686
0.28418,0.28418,0.28418,0.28418,0.28418,0.28418,0.28418
0.28954,0.28954,0.28954,0.28954,0.28954,0.28954,0.28954
0.27346,0.27346,0.27346,0.27346,0.27346,0.27346,0.27346
0.26005,0.26005,0.26005,0.26005,0.26005,0.26005,0.26005
0.26542,0.26542,0.26542,0.26542,0.26542,0.26542,0.26542
0.2681,0.2681,0.2681,0.2681,0.2681,0.2681,0.2681
0.26273,0.26273,0.26273,0.26273,0.26273,0.26273,0.26273
0.30027,0.30027,0.30027,0.30027,0.30027,0.30027,0.30027
0.32976,0.32976,0.32976,0.32976,0.32976,0.32976,0.32976
0.3244,0.3244,0.3244,0.3244,0.3244,0.3244,0.3244
0.31367,0.31367,0.31367,0.31367,0.31367,0.31367,0.31367
0.31903,0.31903,0.31903,0.31903,0.31903,0.31903,0.31903
0.32976,0.32976,0.32976,0.32976,0.32976,0.32976,0.32976
0.33512,0.33512,0.33512,0.33512,0.33512,0.33512,0.33512
0.33244,0.33244,0.33244,0.33244,0.33244,0.33244,0.33244
0.32976,0.32976,0.32976,0.32976,0.32976,0.32976,0.32976
0.32976,0.32976,0.32976,0.32976,0.32976,0.32976,0.32976
0.32172,0.32172,0.32172,0.32172,0.32172,0.32172,0.32172
0.31367,0.31367,0.31367,0.31367,0.31367,0.31367,0.31367
0.29223,0.29223,0.29223,0.29223,0.29223,0.29223,0.29223
0.27346,0.27346,0.27346,0.27346,0.27346,0.27346,0.27346
0.26542,0.26542,0.26542,0.26542,0.26542,0.26542,0.26542
0.26005,0.26005,0.26005,0.26005,0.26005,0.26005,0.26005
0.26273,0.26273,0.26273,0.26273,0.26273,0.26273,0.26273
0.24397,0.24397,0.24397,0.24397,0.24397,0.24397,0.24397
0.22252,0.22252,0.22252,0.22252,0.22252,0.22252,0.22252
0.21984,0.21984,0.21984,0.21984,0.21984,0.21984,0.21984
0.22252,0.22252,0.22252,0.22252,0.22252,0.22252,0.22252
0.2252,0.2252,0.2252,0.2252,0.2252,0.2252,0.2252
0.23056,0.23056,0.23056,0.23056,0.23056,0.23056,0.23056
0.23861,0.23861,0.23861,0.23861,0.23861,0.23861,0.23861
0.23592,0.23592,0.23592,0.23592,0.23592,0.23592,0.23592
0.23056,0.23056,0.23056,0.23056,0.23056,0.23056,0.23056
0.2252,0.2252,0.2252,0.2252,0.2252,0.2252,0.2252
0.23056,0.23056,0.23056,0.23056,0.23056,0.23056,0.23056
0.23056,0.23056,0.23056,0.23056,0.23056,0.23056,0.23056
0.23592,0.23592,0.23592,0.23592,0.23592,0.23592,0.23592
0.23324,0.23324,0.23324,0.23324,0.23324,0.23324,0.23324
0.23592,0.23592,0.23592,0.23592,0.23592,0.23592,0.23592
0.24129,0.24129,0.24129,0.24129,0.24129,0.24129,0.24129
0.24397,0.24397,0.24397,0.24397,0.24397,0.24397,0.24397
0.24665,0.24665,0.24665,0.24665,0.24665,0.24665,0.24665
0.24665,0.24665,0.24665,0.24665,0.24665,0.24665,0.24665
0.25201,0.25201,0.25201,0.25201,0.25201,0.25201,0.25201
0.25469,0.25469,0.25469,0.25469,0.25469,0.25469,0.25469
0.25469,0.25469,0.25469,0.25469,0.25469,0.25469,0.25469
0.24933,0.24933,0.24933,0.24933,0.24933,0.24933,0.24933
0.25201,0.25201,0.25201,0.25201,0.25201,0.25201,0.25201
0.24933,0.24933,0.24933,0.24933,0.24933,0.24933,0.24933
0.23592,0.23592,0.23592,0.23592,0.23592,0.23592,0.23592
0.2252,0.2252,0.2252,0.2252,0.2252,0.2252,0.2252
0.20375,0.20375,0.20375,0.20375,0.20375,0.20375,0.20375
0.18767,0.18767,0.18767,0.18767,0.18767,0.18767,0.18767
0.16622,0.16622,0.16622,0.16622,0.16622,0.16622,0.16622
0.16354,0.16354,0.16354,0.16354,0.16354,0.16354,0.16354
0.18231,0.18231,0.18231,0.18231,0.18231,0.18231,0.18231
0.22788,0.22788,0.22788,0.22788,0.22788,0.22788,0.22788
0.25469,0.25469,0.25469,0.25469,0.25469,0.25469,0.25469
0.27078,0.27078,0.27078,0.27078,0.27078,0.27078,0.27078
0.28954,0.28954,0.28954,0.28954,0.28954,0.28954,0.28954
0.30831,0.30831,0.30831,0.30831,0.30831,0.30831,0.30831
0.31367,0.31367,0.31367,0.31367,0.31367,0.31367,0.31367
0.30295,0.30295,0.30295,0.30295,0.30295,0.30295,0.30295
0.29223,0.29223,0.29223,0.29223,0.29223,0.29223,0.29223
0.27614,0.27614,0.27614,0.27614,0.27614,0.27614,0.27614
0.23056,0.23056,0.23056,0.23056,0.23056,0.23056,0.23056
0.2118,0.2118,0.2118,0.2118,0.2118,0.2118,0.2118
0.19303,0.19303,0.19303,0.19303,0.19303,0.19303,0.19303
0.17694,0.17694,0.17694,0.17694,0.17694,0.17694,0.17694
0.17426,0.17426,0.17426,0.17426,0.17426,0.17426,0.17426
0.17694,0.17694,0.17694,0.17694,0.17694,0.17694,0.17694
0.1689,0.1689,0.1689,0.1689,0.1689,0.1689,0.1689
0.1555,0.1555,0.1555,0.1555,0.1555,0.1555,0.1555
0.14745,0.14745,0.14745,0.14745,0.14745,0.14745,0.14745
0.14477,0.14477,0.14477,0.14477,0.14477,0.14477,0.14477
0.13941,0.13941,0.13941,0.13941,0.13941,0.13941,0.13941
0.13941,0.13941,0.13941,0.13941,0.13941,0.13941,0.13941
0.14209,0.14209,0.14209,0.14209,0.14209,0.14209,0.14209
0.13673,0.13673,0.13673,0.13673,0.13673,0.13673,0.13673
0.16354,0.16354,0.16354,0.16354,0.16354,0.16354,0.16354
0.22788,0.22788,0.22788,0.22788,0.22788,0.22788,0.22788
0.27882,0.27882,0.27882,0.27882,0.27882,0.27882,0.27882
0.29223,0.29223,0.29223,0.29223,0.29223,0.29223,0.29223
0.30027,0.30027,0.30027,0.30027,0.30027,0.30027,0.30027
0.31367,0.31367,0.31367,0.31367,0.31367,0.31367,0.31367
0.31903,0.31903,0.31903,0.31903,0.31903,0.31903,0.31903
0.31635,0.31635,0.31635,0.31635,0.31635,0.31635,0.31635
0.30563,0.30563,0.30563,0.30563,0.30563,0.30563,0.30563
0.29759,0.29759,0.29759,0.29759,0.29759,0.29759,0.29759
0.27882,0.27882,0.27882,0.27882,0.27882,0.27882,0.27882
0.24933,0.24933,0.24933,0.24933,0.24933,0.24933,0.24933
0.23056,0.23056,0.23056,0.23056,0.23056,0.23056,0.23056
0.23056,0.23056,0.23056,0.23056,0.23056,0.23056,0.23056
0.2252,0.2252,0.2252,0.2252,0.2252,0.2252,0.2252
0.21984,0.21984,0.21984,0.21984,0.21984,0.21984,0.21984
0.21448,0.21448,0.21448,0.21448,0.21448,0.21448,0.21448
0.21716,0.21716,0.21716,0.21716,0.21716,0.21716,0.21716
0.20912,0.20912,0.20912,0.20912,0.20912,0.20912,0.20912
0.20107,0.20107,0.20107,0.20107,0.20107,0.20107,0.20107
0.19035,0.19035,0.19035,0.19035,0.19035,0.19035,0.19035
0.17962,0.17962,0.17962,0.17962,0.17962,0.17962,0.17962
0.17962,0.17962,0.17962,0.17962,0.17962,0.17962,0.17962
0.18499,0.18499,0.18499,0.18499,0.18499,0.18499,0.18499
0.20375,0.20375,0.20375,0.20375,0.20375,0.20375,0.20375
0.24933,0.24933,0.24933,0.24933,0.24933,0.24933,0.24933
0.30563,0.30563,0.30563,0.30563,0.30563,0.30563,0.30563
0.3244,0.3244,0.3244,0.3244,0.3244,0.3244,0.3244
0.35121,0.35121,0.35121,0.35121,0.35121,0.35121,0.35121
0.36193,0.36193,0.36193,0.36193,0.36193,0.36193,0.36193
0.35925,0.35925,0.35925,0.35925,0.35925,0.35925,0.35925
0.34853,0.34853,0.34853,0.34853,0.34853,0.34853,0.34853
0.34316,0.34316,0.34316,0.34316,0.34316,0.34316,0.34316
0.3378,0.3378,0.3378,0.3378,0.3378,0.3378,0.3378
0.33512,0.33512,0.33512,0.33512,0.33512,0.33512,0.33512
0.32976,0.32976,0.32976,0.32976,0.32976,0.32976,0.32976
0.31903,0.31903,0.31903,0.31903,0.31903,0.31903,0.31903
0.32172,0.32172,0.32172,0.32172,0.32172,0.32172,0.32172
0.31635,0.31635,0.31635,0.31635,0.31635,0.31635,0.31635
0.30563,0.30563,0.30563,0.30563,0.30563,0.30563,0.30563
0.30027,0.30027,0.30027,0.30027,0.30027,0.30027,0.30027
0.29223,0.29223,0.29223,0.29223,0.29223,0.29223,0.29223
0.29759,0.29759,0.29759,0.29759,0.29759,0.29759,0.29759
0.28954,0.28954,0.28954,0.28954,0.28954,0.28954,0.28954
0.29223,0.29223,0.29223,0.29223,0.29223,0.29223,0.29223
0.29491,0.29491,0.29491,0.29491,0.29491,0.29491,0.29491
0.29223,0.29223,0.29223,0.29223,0.29223,0.29223,0.29223
0.28954,0.28954,0.28954,0.28954,0.28954,0.28954,0.28954
0.28954,0.28954,0.28954,0.28954,0.28954,0.28954,0.28954
0.29759,0.29759,0.29759,0.29759,0.29759,0.29759,0.29759
0.30027,0.30027,0.30027,0.30027,0.30027,0.30027,0.30027
0.30295,0.30295,0.30295,0.30295,0.30295,0.30295,0.30295
0.31099,0.31099,0.31099,0.31099,0.31099,0.31099,0.31099
0.31635,0.31635,0.31635,0.31635,0.31635,0.31635,0.31635
0.32172,0.32172,0.32172,0.32172,0.32172,0.32172,0.32172
0.31367,0.31367,0.31367,0.31367,0.31367,0.31367,0.31367
0.31635,0.31635,0.31635,0.31635,0.31635,0.31635,0.31635
0.31635,0.31635,0.31635,0.31635,0.31635,0.31635,0.31635
0.31367,0.31367,0.31367,0.31367,0.31367,0.31367,0.31367
0.31367,0.31367,0.31367,0.31367,0.31367,0.31367,0.31367
0.31635,0.31635,0.31635,0.31635,0.31635,0.31635,0.31635
0.31367,0.31367,0.31367,0.31367,0.31367,0.31367,0.31367
0.30563,0.30563,0.30563,0.30563,0.30563,0.30563,0.30563
0.29759,0.29759,0.29759,0.29759,0.29759,0.29759,0.29759
0.30027,0.30027,0.30027,0.30027,0.30027,0.30027,0.30027
0.29491,0.29491,0.29491,0.29491,0.29491,0.29491,0.29491
0.29491,0.29491,0.29491,0.29491,0.29491,0.29491,0.29491
0.29759,0.29759,0.29759,0.29759,0.29759,0.29759,0.29759
0.30295,0.30295,0.30295,0.30295,0.30295,0.30295,0.30295
0.30295,0.30295,0.30295,0.30295,0.30295,0.30295,0.30295
0.30027,0.30027,0.30027,0.30027,0.30027,0.30027,0.30027
0.29759,0.29759,0.29759,0.29759,0.29759,0.29759,0.29759
0.30563,0.30563,0.30563,0.30563,0.30563,0.30563,0.30563
0.35925,0.35925,0.35925,0.35925,0.35925,0.35925,0.35925
0.3807,0.3807,0.3807,0.3807,0.3807,0.3807,0.3807
0.33512,0.33512,0.33512,0.33512,0.33512,0.33512,0.33512
0.30563,0.30563,0.30563,0.30563,0.30563,0.30563,0.30563
0.31367,0.31367,0.31367,0.31367,0.31367,0.31367,0.31367
0.31099,0.31099,0.31099,0.31099,0.31099,0.31099,0.31099
0.31635,0.31635,0.31635,0.31635,0.31635,0.31635,0.31635
0.31099,0.31099,0.31099,0.31099,0.31099,0.31099,0.31099
0.31099,0.31099,0.31099,0.31099,0.31099,0.31099,0.31099
0.30563,0.30563,0.30563,0.30563,0.30563,0.30563,0.30563
0.30027,0.30027,0.30027,0.30027,0.30027,0.30027,0.30027
0.29491,0.29491,0.29491,0.29491,0.29491,0.29491,0.29491
0.29223,0.29223,0.29223,0.29223,0.29223,0.29223,0.29223
0.29223,0.29223,0.29223,0.29223,0.29223,0.29223,0.29223
0.28954,0.28954,0.28954,0.28954,0.28954,0.28954,0.28954
0.29223,0.29223,0.29223,0.29223,0.29223,0.29223,0.29223
0.28418,0.28418,0.28418,0.28418,0.28418,0.28418,0.28418
0.27346,0.27346,0.27346,0.27346,0.27346,0.27346,0.27346
0.27346,0.27346,0.27346,0.27346,0.27346,0.27346,0.27346
0.2681,0.2681,0.2681,0.2681,0.2681,0.2681,0.2681
0.26542,0.26542,0.26542,0.26542,0.26542,0.26542,0.26542
0.26005,0.26005,0.26005,0.26005,0.26005,0.26005,0.26005
0.26005,0.26005,0.26005,0.26005,0.26005,0.26005,0.26005
0.25469,0.25469,0.25469,0.25469,0.25469,0.25469,0.25469
0.26273,0.26273,0.26273,0.26273,0.26273,0.26273,0.26273
0.26542,0.26542,0.26542,0.26542,0.26542,0.26542,0.26542
0.27078,0.27078,0.27078,0.27078,0.27078,0.27078,0.27078
0.27346,0.27346,0.27346,0.27346,0.27346,0.27346,0.27346
0.27882,0.27882,0.27882,0.27882,0.27882,0.27882,0.27882
0.2815,0.2815,0.2815,0.2815,0.2815,0.2815,0.2815
0.28418,0.28418,0.28418,0.28418,0.28418,0.28418,0.28418
0.27882,0.27882,0.27882,0.27882,0.27882,0.27882,0.27882
0.28418,0.28418,0.28418,0.28418,0.28418,0.28418,0.28418
0.28686,0.28686,0.28686,0.28686,0.28686,0.28686,0.28686
0.28686,0.28686,0.28686,0.28686,0.28686,0.28686,0.28686
0.28686,0.28686,0.28686,0.28686,0.28686,0.28686,0.28686
0.29223,0.29223,0.29223,0.29223,0.29223,0.29223,0.29223
0.29759,0.29759,0.29759,0.29759,0.29759,0.29759,0.29759
0.30027,0.30027,0.30027,0.30027,0.30027,0.30027,0.30027
0.30563,0.30563,0.30563,0.30563,0.30563,0.30563,0.30563
0.30563,0.30563,0.30563,0.30563,0.30563,0.30563,0.30563
0.30295,0.30295,0.30295,0.30295,0.30295,0.30295,0.30295
0.30831,0.30831,0.30831,0.30831,0.30831,0.30831,0.30831
0.30563,0.30563,0.30563,0.30563,0.30563,0.30563,0.30563
0.30831,0.30831,0.30831,0.30831,0.30831,0.30831,0.30831
0.30831,0.30831,0.30831,0.30831,0.30831,0.30831,0.30831
0.30831,0.30831,0.30831,0.30831,0.30831,0.30831,0.30831
0.31099,0.31099,0.31099,0.31099,0.31099,0.31099,0.31099
0.30563,0.30563,0.30563,0.30563,0.30563,0.30563,0.30563
0.32172,0.32172,0.32172,0.32172,0.32172,0.32172,0.32172
0.35389,0.35389,0.35389,0.35389,0.35389,0.35389,0.35389
0.36997,0.36997,0.36997,0.36997,0.36997,0.36997,0.36997
0.37265,0.37265,0.37265,0.37265,0.37265,0.37265,0.37265
0.35657,0.35657,0.35657,0.35657,0.35657,0.35657,0.35657
0.36997,0.36997,0.36997,0.36997,0.36997,0.36997,0.36997
0.38606,0.38606,0.38606,0.38606,0.38606,0.38606,0.38606
0.38874,0.38874,0.38874,0.38874,0.38874,0.38874,0.38874
0.38338,0.38338,0.38338,0.38338,0.38338,0.38338,0.38338
0.37802,0.37802,0.37802,0.37802,0.37802,0.37802,0.37802
0.36997,0.36997,0.36997,0.36997,0.36997,0.36997,0.36997
0.35925,0.35925,0.35925,0.35925,0.35925,0.35925,0.35925
0.35389,0.35389,0.35389,0.35389,0.35389,0.35389,0.35389
0.34584,0.34584,0.34584,0.34584,0.34584,0.34584,0.34584
0.34584,0.34584,0.34584,0.34584,0.34584,0.34584,0.34584
0.34316,0.34316,0.34316,0.34316,0.34316,0.34316,0.34316
0.34316,0.34316,0.34316,0.34316,0.34316,0.34316,0.34316
0.3378,0.3378,0.3378,0.3378,0.3378,0.3378,0.3378
0.34048,0.34048,0.34048,0.34048,0.34048,0.34048,0.34048
0.33244,0.33244,0.33244,0.33244,0.33244,0.33244,0.33244
0.32172,0.32172,0.32172,0.32172,0.32172,0.32172,0.32172
0.3244,0.3244,0.3244,0.3244,0.3244,0.3244,0.3244
0.34048,0.34048,0.34048,0.34048,0.34048,0.34048,0.34048
0.35389,0.35389,0.35389,0.35389,0.35389,0.35389,0.35389
0.37534,0.37534,0.37534,0.37534,0.37534,0.37534,0.37534
0.41019,0.41019,0.41019,0.41019,0.41019,0.41019,0.41019
0.437,0.437,0.437,0.437,0.437,0.437,0.437
0.46113,0.46113,0.46113,0.46113,0.46113,0.46113,0.46113
0.46917,0.46917,0.46917,0.46917,0.46917,0.46917,0.46917
0.47185,0.47185,0.47185,0.47185,0.47185,0.47185,0.47185
0.45308,0.45308,0.45308,0.45308,0.45308,0.45308,0.45308
0.44504,0.44504,0.44504,0.44504,0.44504,0.44504,0.44504
0.43432,0.43432,0.43432,0.43432,0.43432,0.43432,0.43432
0.40751,0.40751,0.40751,0.40751,0.40751,0.40751,0.40751
0.39946,0.39946,0.39946,0.39946,0.39946,0.39946,0.39946
0.39946,0.39946,0.39946,0.39946,0.39946,0.39946,0.39946
0.38338,0.38338,0.38338,0.38338,0.38338,0.38338,0.38338
0.37802,0.37802,0.37802,0.37802,0.37802,0.37802,0.37802
0.37802,0.37802,0.37802,0.37802,0.37802,0.37802,0.37802
0.37802,0.37802,0.37802,0.37802,0.37802,0.37802,0.37802
0.3807,0.3807,0.3807,0.3807,0.3807,0.3807,0.3807
0.38338,0.38338,0.38338,0.38338,0.38338,0.38338,0.38338
0.38606,0.38606,0.38606,0.38606,0.38606,0.38606,0.38606
0.3941,0.3941,0.3941,0.3941,0.3941,0.3941,0.3941
0.39678,0.39678,0.39678,0.39678,0.39678,0.39678,0.39678
0.38874,0.38874,0.38874,0.38874,0.38874,0.38874,0.38874
0.38874,0.38874,0.38874,0.38874,0.38874,0.38874,0.38874
0.40214,0.40214,0.40214,0.40214,0.40214,0.40214,0.40214
0.41019,0.41019,0.41019,0.41019,0.41019,0.41019,0.41019
0.43164,0.43164,0.43164,0.43164,0.43164,0.43164,0.43164
0.437,0.437,0.437,0.437,0.437,0.437,0.437
0.4504,0.4504,0.4504,0.4504,0.4504,0.4504,0.4504
0.46381,0.46381,0.46381,0.46381,0.46381,0.46381,0.46381
0.46649,0.46649,0.46649,0.46649,0.46649,0.46649,0.46649
0.46649,0.46649,0.46649,0.46649,0.46649,0.46649,0.46649
0.46381,0.46381,0.46381,0.46381,0.46381,0.46381,0.46381
0.45845,0.45845,0.45845,0.45845,0.45845,0.45845,0.45845
0.45308,0.45308,0.45308,0.45308,0.45308,0.45308,0.45308
0.44504,0.44504,0.44504,0.44504,0.44504,0.44504,0.44504
0.43432,0.43432,0.43432,0.43432,0.43432,0.43432,0.43432
0.41823,0.41823,0.41823,0.41823,0.41823,0.41823,0.41823
0.41019,0.41019,0.41019,0.41019,0.41019,0.41019,0.41019
0.40751,0.40751,0.40751,0.40751,0.40751,0.40751,0.40751
0.40483,0.40483,0.40483,0.40483,0.40483,0.40483,0.40483
0.40483,0.40483,0.40483,0.40483,0.40483,0.40483,0.40483
0.40751,0.40751,0.40751,0.40751,0.40751,0.40751,0.40751
0.40214,0.40214,0.40214,0.40214,0.40214,0.40214,0.40214
0.39946,0.39946,0.39946,0.39946,0.39946,0.39946,0.39946
0.38606,0.38606,0.38606,0.38606,0.38606,0.38606,0.38606
0.37534,0.37534,0.37534,0.37534,0.37534,0.37534,0.37534
0.38606,0.38606,0.38606,0.38606,0.38606,0.38606,0.38606
0.3941,0.3941,0.3941,0.3941,0.3941,0.3941,0.3941
0.39946,0.39946,0.39946,0.39946,0.39946,0.39946,0.39946
0.40751,0.40751,0.40751,0.40751,0.40751,0.40751,0.40751
0.41555,0.41555,0.41555,0.41555,0.41555,0.41555,0.41555
0.41287,0.41287,0.41287,0.41287,0.41287,0.41287,0.41287
0.41019,0.41019,0.41019,0.41019,0.41019,0.41019,0.41019
0.40483,0.40483,0.40483,0.40483,0.40483,0.40483,0.40483
0.40751,0.40751,0.40751,0.40751,0.40751,0.40751,0.40751
0.40751,0.40751,0.40751,0.40751,0.40751,0.40751,0.40751
0.40751,0.40751,0.40751,0.40751,0.40751,0.40751,0.40751
0.40214,0.40214,0.40214,0.40214,0.40214,0.40214,0.40214
0.39946,0.39946,0.39946,0.39946,0.39946,0.39946,0.39946
0.39946,0.39946,0.39946,0.39946,0.39946,0.39946,0.39946
0.40751,0.40751,0.40751,0.40751,0.40751,0.40751,0.40751
0.40751,0.40751,0.40751,0.40751,0.40751,0.40751,0.40751
0.41287,0.41287,0.41287,0.41287,0.41287,0.41287,0.41287
0.41287,0.41287,0.41287,0.41287,0.41287,0.41287,0.41287
0.41287,0.41287,0.41287,0.41287,0.41287,0.41287,0.41287
0.41019,0.41019,0.41019,0.41019,0.41019,0.41019,0.41019
0.41019,0.41019,0.41019,0.41019,0.41019,0.41019,0.41019
0.40483,0.40483,0.40483,0.40483,0.40483,0.40483,0.40483
0.40214,0.40214,0.40214,0.40214,0.40214,0.40214,0.40214
0.39678,0.39678,0.39678,0.39678,0.39678,0.39678,0.39678
0.40751,0.40751,0.40751,0.40751,0.40751,0.40751,0.40751
0.44236,0.44236,0.44236,0.44236,0.44236,0.44236,0.44236
0.47185,0.47185,0.47185,0.47185,0.47185,0.47185,0.47185
0.48794,0.48794,0.48794,0.48794,0.48794,0.48794,0.48794
0.48257,0.48257,0.48257,0.48257,0.48257,0.48257,0.48257
0.47185,0.47185,0.47185,0.47185,0.47185,0.47185,0.47185
0.47185,0.47185,0.47185,0.47185,0.47185,0.47185,0.47185
0.47453,0.47453,0.47453,0.47453,0.47453,0.47453,0.47453
0.47989,0.47989,0.47989,0.47989,0.47989,0.47989,0.47989
0.47453,0.47453,0.47453,0.47453,0.47453,0.47453,0.47453
0.47185,0.47185,0.47185,0.47185,0.47185,0.47185,0.47185
0.45845,0.45845,0.45845,0.45845,0.45845,0.45845,0.45845
0.44772,0.44772,0.44772,0.44772,0.44772,0.44772,0.44772
0.44504,0.44504,0.44504,0.44504,0.44504,0.44504,0.44504
0.43432,0.43432,0.43432,0.43432,0.43432,0.43432,0.43432
0.42627,0.42627,0.42627,0.42627,0.42627,0.42627,0.42627
0.42627,0.42627,0.42627,0.42627,0.42627,0.42627,0.42627
0.41823,0.41823,0.41823,0.41823,0.41823,0.41823,0.41823
0.42091,0.42091,0.42091,0.42091,0.42091,0.42091,0.42091
0.42359,0.42359,0.42359,0.42359,0.42359,0.42359,0.42359
0.41823,0.41823,0.41823,0.41823,0.41823,0.41823,0.41823
0.41287,0.41287,0.41287,0.41287,0.41287,0.41287,0.41287
0.41287,0.41287,0.41287,0.41287,0.41287,0.41287,0.41287
0.41555,0.41555,0.41555,0.41555,0.41555,0.41555,0.41555
0.41823,0.41823,0.41823,0.41823,0.41823,0.41823,0.41823
0.42359,0.42359,0.42359,0.42359,0.42359,0.42359,0.42359
0.44504,0.44504,0.44504,0.44504,0.44504,0.44504,0.44504
0.46917,0.46917,0.46917,0.46917,0.46917,0.46917,0.46917
0.48525,0.48525,0.48525,0.48525,0.48525,0.48525,0.48525
0.48525,0.48525,0.48525,0.48525,0.48525,0.48525,0.48525
0.47721,0.47721,0.47721,0.47721,0.47721,0.47721,0.47721
0.46649,0.46649,0.46649,0.46649,0.46649,0.46649,0.46649
0.44504,0.44504,0.44504,0.44504,0.44504,0.44504,0.44504
0.42359,0.42359,0.42359,0.42359,0.42359,0.42359,0.42359
0.40214,0.40214,0.40214,0.40214,0.40214,0.40214,0.40214
0.38338,0.38338,0.38338,0.38338,0.38338,0.38338,0.38338
0.37802,0.37802,0.37802,0.37802,0.37802,0.37802,0.37802
0.39678,0.39678,0.39678,0.39678,0.39678,0.39678,0.39678
0.39142,0.39142,0.39142,0.39142,0.39142,0.39142,0.39142
0.37265,0.37265,0.37265,0.37265,0.37265,0.37265,0.37265
0.35657,0.35657,0.35657,0.35657,0.35657,0.35657,0.35657
0.34048,0.34048,0.34048,0.34048,0.34048,0.34048,0.34048
0.32976,0.32976,0.32976,0.32976,0.32976,0.32976,0.32976
0.32708,0.32708,0.32708,0.32708,0.32708,0.32708,0.32708
0.3244,0.3244,0.3244,0.3244,0.3244,0.3244,0.3244
0.31099,0.31099,0.31099,0.31099,0.31099,0.31099,0.31099
0.30027,0.30027,0.30027,0.30027,0.30027,0.30027,0.30027
0.29491,0.29491,0.29491,0.29491,0.29491,0.29491,0.29491
0.30563,0.30563,0.30563,0.30563,0.30563,0.30563,0.30563
0.34853,0.34853,0.34853,0.34853,0.34853,0.34853,0.34853
0.39678,0.39678,0.39678,0.39678,0.39678,0.39678,0.39678
0.41555,0.41555,0.41555,0.41555,0.41555,0.41555,0.41555
0.41823,0.41823,0.41823,0.41823,0.41823,0.41823,0.41823
0.44504,0.44504,0.44504,0.44504,0.44504,0.44504,0.44504
0.46649,0.46649,0.46649,0.46649,0.46649,0.46649,0.46649
0.46113,0.46113,0.46113,0.46113,0.46113,0.46113,0.46113
0.43164,0.43164,0.43164,0.43164,0.43164,0.43164,0.43164
0.40214,0.40214,0.40214,0.40214,0.40214,0.40214,0.40214
0.37802,0.37802,0.37802,0.37802,0.37802,0.37802,0.37802
0.34853,0.34853,0.34853,0.34853,0.34853,0.34853,0.34853
0.3244,0.3244,0.3244,0.3244,0.3244,0.3244,0.3244
0.30563,0.30563,0.30563,0.30563,0.30563,0.30563,0.30563
0.27882,0.27882,0.27882,0.27882,0.27882,0.27882,0.27882
0.27346,0.27346,0.27346,0.27346,0.27346,0.27346,0.27346
0.26542,0.26542,0.26542,0.26542,0.26542,0.26542,0.26542
0.25469,0.25469,0.25469,0.25469,0.25469,0.25469,0.25469
0.24665,0.24665,0.24665,0.24665,0.24665,0.24665,0.24665
0.23324,0.23324,0.23324,0.23324,0.23324,0.23324,0.23324
0.22788,0.22788,0.22788,0.22788,0.22788,0.22788,0.22788
0.23592,0.23592,0.23592,0.23592,0.23592,0.23592,0.23592
0.24397,0.24397,0.24397,0.24397,0.24397,0.24397,0.24397
0.25201,0.25201,0.25201,0.25201,0.25201,0.25201,0.25201
0.27078,0.27078,0.27078,0.27078,0.27078,0.27078,0.27078
0.28418,0.28418,0.28418,0.28418,0.28418,0.28418,0.28418
0.30563,0.30563,0.30563,0.30563,0.30563,0.30563,0.30563
0.32708,0.32708,0.32708,0.32708,0.32708,0.32708,0.32708
0.32172,0.32172,0.32172,0.32172,0.32172,0.32172,0.32172
0.31635,0.31635,0.31635,0.31635,0.31635,0.31635,0.31635
0.31635,0.31635,0.31635,0.31635,0.31635,0.31635,0.31635
0.31635,0.31635,0.31635,0.31635,0.31635,0.31635,0.31635
0.32172,0.32172,0.32172,0.32172,0.32172,0.32172,0.32172
0.32172,0.32172,0.32172,0.32172,0.32172,0.32172,0.32172
0.31367,0.31367,0.31367,0.31367,0.31367,0.31367,0.31367
0.31367,0.31367,0.31367,0.31367,0.31367,0.31367,0.31367
0.30563,0.30563,0.30563,0.30563,0.30563,0.30563,0.30563
0.28954,0.28954,0.28954,0.28954,0.28954,0.28954,0.28954
0.27882,0.27882,0.27882,0.27882,0.27882,0.27882,0.27882
0.25737,0.25737,0.25737,0.25737,0.25737,0.25737,0.25737
0.23592,0.23592,0.23592,0.23592,0.23592,0.23592,0.23592
0.2118,0.2118,0.2118,0.2118,0.2118,0.2118,0.2118
0.20107,0.20107,0.20107,0.20107,0.20107,0.20107,0.20107
0.18767,0.18767,0.18767,0.18767,0.18767,0.18767,0.18767
0.18231,0.18231,0.18231,0.18231,0.18231,0.18231,0.18231
0.17426,0.17426,0.17426,0.17426,0.17426,0.17426,0.17426
0.15282,0.15282,0.15282,0.15282,0.15282,0.15282,0.15282
0.14209,0.14209,0.14209,0.14209,0.14209,0.14209,0.14209
0.15013,0.15013,0.15013,0.15013,0.15013,0.15013,0.15013
0.17426,0.17426,0.17426,0.17426,0.17426,0.17426,0.17426
0.21448,0.21448,0.21448,0.21448,0.21448,0.21448,0.21448
0.23861,0.23861,0.23861,0.23861,0.23861,0.23861,0.23861
0.24665,0.24665,0.24665,0.24665,0.24665,0.24665,0.24665
0.24665,0.24665,0.24665,0.24665,0.24665,0.24665,0.24665
0.25201,0.25201,0.25201,0.25201,0.25201,0.25201,0.25201
0.24933,0.24933,0.24933,0.24933,0.24933,0.24933,0.24933
0.23861,0.23861,0.23861,0.23861,0.23861,0.23861,0.23861
0.21984,0.21984,0.21984,0.21984,0.21984,0.21984,0.21984
0.20107,0.20107,0.20107,0.20107,0.20107,0.20107,0.20107
0.17694,0.17694,0.17694,0.17694,0.17694,0.17694,0.17694
0.1689,0.1689,0.1689,0.1689,0.1689,0.1689,0.1689
0.1689,0.1689,0.1689,0.1689,0.1689,0.1689,0.1689
0.17426,0.17426,0.17426,0.17426,0.17426,0.17426,0.17426
0.17694,0.17694,0.17694,0.17694,0.17694,0.17694,0.17694
0.16622,0.16622,0.16622,0.16622,0.16622,0.16622,0.16622
0.13941,0.13941,0.13941,0.13941,0.13941,0.13941,0.13941
0.12332,0.12332,0.12332,0.12332,0.12332,0.12332,0.12332
0.11528,0.11528,0.11528,0.11528,0.11528,0.11528,0.11528
0.1126,0.1126,0.1126,0.1126,0.1126,0.1126,0.1126
0.10456,0.10456,0.10456,0.10456,0.10456,0.10456,0.10456
0.099196,0.099196,0.099196,0.099196,0.099196,0.099196,0.099196
0.088472,0.088472,0.088472,0.088472,0.088472,0.088472,0.088472
0.10992,0.10992,0.10992,0.10992,0.10992,0.10992,0.10992
0.15282,0.15282,0.15282,0.15282,0.15282,0.15282,0.15282
0.22252,0.22252,0.22252,0.22252,0.22252,0.22252,0.22252
0.26542,0.26542,0.26542,0.26542,0.26542,0.26542,0.26542
0.28954,0.28954,0.28954,0.28954,0.28954,0.28954,0.28954
0.30295,0.30295,0.30295,0.30295,0.30295,0.30295,0.30295
0.29759,0.29759,0.29759,0.29759,0.29759,0.29759,0.29759
0.29759,0.29759,0.29759,0.29759,0.29759,0.29759,0.29759
0.27346,0.27346,0.27346,0.27346,0.27346,0.27346,0.27346
0.23324,0.23324,0.23324,0.23324,0.23324,0.23324,0.23324
0.19035,0.19035,0.19035,0.19035,0.19035,0.19035,0.19035
0.17694,0.17694,0.17694,0.17694,0.17694,0.17694,0.17694
0.16354,0.16354,0.16354,0.16354,0.16354,0.16354,0.16354
0.1555,0.1555,0.1555,0.1555,0.1555,0.1555,0.1555
0.15282,0.15282,0.15282,0.15282,0.15282,0.15282,0.15282
0.14477,0.14477,0.14477,0.14477,0.14477,0.14477,0.14477
0.14209,0.14209,0.14209,0.14209,0.14209,0.14209,0.14209
0.14209,0.14209,0.14209,0.14209,0.14209,0.14209,0.14209
0.15818,0.15818,0.15818,0.15818,0.15818,0.15818,0.15818
0.17426,0.17426,0.17426,0.17426,0.17426,0.17426,0.17426
0.17694,0.17694,0.17694,0.17694,0.17694,0.17694,0.17694
0.17426,0.17426,0.17426,0.17426,0.17426,0.17426,0.17426
0.19035,0.19035,0.19035,0.19035,0.19035,0.19035,0.19035
0.19839,0.19839,0.19839,0.19839,0.19839,0.19839,0.19839
0.20912,0.20912,0.20912,0.20912,0.20912,0.20912,0.20912
0.22252,0.22252,0.22252,0.22252,0.22252,0.22252,0.22252
0.24933,0.24933,0.24933,0.24933,0.24933,0.24933,0.24933
0.29491,0.29491,0.29491,0.29491,0.29491,0.29491,0.29491
0.33512,0.33512,0.33512,0.33512,0.33512,0.33512,0.33512
0.33244,0.33244,0.33244,0.33244,0.33244,0.33244,0.33244
0.34048,0.34048,0.34048,0.34048,0.34048,0.34048,0.34048
0.33244,0.33244,0.33244,0.33244,0.33244,0.33244,0.33244
0.30563,0.30563,0.30563,0.30563,0.30563,0.30563,0.30563
0.29759,0.29759,0.29759,0.29759,0.29759,0.29759,0.29759
0.2681,0.2681,0.2681,0.2681,0.2681,0.2681,0.2681
0.25737,0.25737,0.25737,0.25737,0.25737,0.25737,0.25737
0.24129,0.24129,0.24129,0.24129,0.24129,0.24129,0.24129
0.22252,0.22252,0.22252,0.22252,0.22252,0.22252,0.22252
0.23056,0.23056,0.23056,0.23056,0.23056,0.23056,0.23056
0.22252,0.22252,0.22252,0.22252,0.22252,0.22252,0.22252
0.20375,0.20375,0.20375,0.20375,0.20375,0.20375,0.20375
0.19303,0.19303,0.19303,0.19303,0.19303,0.19303,0.19303
0.20912,0.20912,0.20912,0.20912,0.20912,0.20912,0.20912
0.22252,0.22252,0.22252,0.22252,0.22252,0.22252,0.22252
0.24397,0.24397,0.24397,0.24397,0.24397,0.24397,0.24397
0.26005,0.26005,0.26005,0.26005,0.26005,0.26005,0.26005
0.24933,0.24933,0.24933,0.24933,0.24933,0.24933,0.24933
0.25469,0.25469,0.25469,0.25469,0.25469,0.25469,0.25469
0.27346,0.27346,0.27346,0.27346,0.27346,0.27346,0.27346
0.31099,0.31099,0.31099,0.31099,0.31099,0.31099,0.31099
0.35389,0.35389,0.35389,0.35389,0.35389,0.35389,0.35389
0.37534,0.37534,0.37534,0.37534,0.37534,0.37534,0.37534
0.38874,0.38874,0.38874,0.38874,0.38874,0.38874,0.38874
0.39678,0.39678,0.39678,0.39678,0.39678,0.39678,0.39678
0.3941,0.3941,0.3941,0.3941,0.3941,0.3941,0.3941
0.39142,0.39142,0.39142,0.39142,0.39142,0.39142,0.39142
0.34048,0.34048,0.34048,0.34048,0.34048,0.34048,0.34048
0.30027,0.30027,0.30027,0.30027,0.30027,0.30027,0.30027
0.2815,0.2815,0.2815,0.2815,0.2815,0.2815,0.2815
0.27078,0.27078,0.27078,0.27078,0.27078,0.27078,0.27078
0.2681,0.2681,0.2681,0.2681,0.2681,0.2681,0.2681
0.23324,0.23324,0.23324,0.23324,0.23324,0.23324,0.23324
0.20643,0.20643,0.20643,0.20643,0.20643,0.20643,0.20643
0.19571,0.19571,0.19571,0.19571,0.19571,0.19571,0.19571
0.19035,0.19035,0.19035,0.19035,0.19035,0.19035,0.19035
0.21984,0.21984,0.21984,0.21984,0.21984,0.21984,0.21984
0.23861,0.23861,0.23861,0.23861,0.23861,0.23861,0.23861
0.23592,0.23592,0.23592,0.23592,0.23592,0.23592,0.23592
0.22252,0.22252,0.22252,0.22252,0.22252,0.22252,0.22252
0.23056,0.23056,0.23056,0.23056,0.23056,0.23056,0.23056
0.22788,0.22788,0.22788,0.22788,0.22788,0.22788,0.22788
0.22252,0.22252,0.22252,0.22252,0.22252,0.22252,0.22252
0.22252,0.22252,0.22252,0.22252,0.22252,0.22252,0.22252
0.24665,0.24665,0.24665,0.24665,0.24665,0.24665,0.24665
0.2815,0.2815,0.2815,0.2815,0.2815,0.2815,0.2815
0.2815,0.2815,0.2815,0.2815,0.2815,0.2815,0.2815
0.28954,0.28954,0.28954,0.28954,0.28954,0.28954,0.28954
0.28418,0.28418,0.28418,0.28418,0.28418,0.28418,0.28418
0.27346,0.27346,0.27346,0.27346,0.27346,0.27346,0.27346
0.27078,0.27078,0.27078,0.27078,0.27078,0.27078,0.27078
0.26542,0.26542,0.26542,0.26542,0.26542,0.26542,0.26542
0.26005,0.26005,0.26005,0.26005,0.26005,0.26005,0.26005
0.26005,0.26005,0.26005,0.26005,0.26005,0.26005,0.26005
0.25201,0.25201,0.25201,0.25201,0.25201,0.25201,0.25201
0.24397,0.24397,0.24397,0.24397,0.24397,0.24397,0.24397
0.24665,0.24665,0.24665,0.24665,0.24665,0.24665,0.24665
0.24665,0.24665,0.24665,0.24665,0.24665,0.24665,0.24665
0.25201,0.25201,0.25201,0.25201,0.25201,0.25201,0.25201
0.24665,0.24665,0.24665,0.24665,0.24665,0.24665,0.24665
1.1102,0.961700169408383,1.03693505654107,1.0345079110129,0.959245448357399,0.997185436268699,0.982285747919093
1.1044,0.957800543971261,1.02219553773935,1.0236400210498,0.949728022219181,0.995116588468059,0.97193874653781
1.1007,0.957128056547275,1.00204064947218,1.0007351192071,0.954415693278115,0.998402934148436,0.972634790514417
1.098,0.962532574564915,0.998394907730281,0.988789904707902,0.952273506181568,1.00387817032851,0.966113754314102
1.0921,0.978404960479019,1.01549435289054,0.993910071022911,0.946715715004558,1.01599408651852,0.973569754482579
1.0971,0.957929371720466,0.984579663913867,0.979751939942921,0.955493471662498,1.00461772138358,0.940589735827345
1.1052,0.969924660760797,1.00307062559079,0.986866744009044,0.951638408560273,1.00682211200404,0.938610560994011
1.1183,0.974658239511551,0.996487047579118,0.976312730933399,0.978551166311594,1.03698879112389,0.928442969056982
1.126,0.967469991488756,0.987728985235578,0.972581803865857,0.979747383153873,1.01914212659917,0.942816714294079
1.1125,0.97499346648038,0.990990037000163,0.971685172430718,0.972677759956588,1.00487762647123,0.934804992258262
1.1028,0.968227659960272,0.970131330285699,0.955139803766284,0.960202179439694,1.00144444547193,0.910976660735544
1.0927,0.96736852493466,0.957217577304233,0.943145767299074,0.923561915385987,0.990654422568817,0.923435395041306
1.087,0.960529849542167,0.944754029948473,0.935537784634175,0.920167149816941,0.983640059351714,0.905904525308682
1.0846,0.94506088814032,0.933604562565073,0.927666071418668,0.914023519457773,0.977520227217286,0.898092889404787
1.088,0.942681875612336,0.938939513876289,0.935387860953081,0.909321205804321,0.967201180870134,0.891570288273154
1.0916,0.955035525717497,0.956678879532934,0.946941601376126,0.909234868788408,0.982857996251853,0.888750009809573
1.0916,0.958937860371535,0.949520015121624,0.937428115297422,0.910339332694953,0.994192409485665,0.909259675181263
1.0868,0.964140448729402,0.959949019951831,0.946206827313736,0.912846957268135,0.983535365655988,0.917926493587838
1.08,0.963262612732565,0.948365648796369,0.932977801149498,0.919513941257927,0.986858979693262,0.904686895160968
1.0748,0.954157472950386,0.934897636751459,0.923258754245604,0.93264015637775,0.985354682581438,0.902545795634205
1.0728,0.972526801210917,0.961318166617674,0.944420641671845,0.962790025549534,1.00135226774185,0.907859387102028
1.0711,0.95936917725621,0.970362752076241,0.959541041032397,0.939988999825114,0.993352186832864,0.903411184892766
1.0682,0.97540309573211,0.990529941235557,0.971546717901958,0.951275259074832,1.01175206734656,0.901068840587062
1.0693,0.968535913789551,0.973482879682804,0.957220857644835,0.951809992372569,1.00221509984765,0.905928449752118
