small_1,small_de_2,all_3,all_de_4,small_5,small_de_6,all_7,all_de_8,small_9,small_de_10,all_11,all_de_12,small_13,small_de_14,all_15,all_de_16,small_17,small_de_18,all_19,all_de_20,small_21,small_de_22,all_23,all_de_24,small_25,small_de_26,all_27,all_de_28,original
0.816216230392456,0.864044010639191,0.770496129989624,0.805057048797607,1.00045609474182,0.977050840854645,0.937819600105286,0.92532342672348,1.00683927536011,0.980151534080505,0.933292269706726,0.944618046283722,1.00640797615051,0.980855047702789,0.929165184497833,0.936601281166077,1.01328098773956,0.914017677307129,0.976213991641998,0.902236044406891,1.00869870185852,0.91880863904953,0.945704519748688,0.958104074001312,0.999334096908569,0.976352274417877,0.932670533657074,0.926340579986572,0.85386
0.920041918754578,0.897639751434326,0.916499137878418,0.874487221240997,1.00145244598389,0.973657429218292,0.932892918586731,0.916857123374939,1.00706028938293,0.976672112941742,0.928069233894348,0.938871622085571,1.00679850578308,0.977638900279999,0.92425149679184,0.931125640869141,1.01261818408966,0.911327660083771,0.973805546760559,0.899562001228333,1.00934445858002,0.916275084018707,0.94225138425827,0.953301906585693,0.999756932258606,0.97303569316864,0.927390933036804,0.918962180614471,0.8525
0.982371211051941,0.925426483154297,0.981378853321075,0.914189755916595,1.00041198730469,0.975044906139374,0.928906440734863,0.912936627864838,1.00624108314514,0.978013396263123,0.92276132106781,0.93634968996048,1.00593996047974,0.978884994983673,0.919142186641693,0.928428292274475,1.01204466819763,0.912400960922241,0.974007308483124,0.900654375553131,1.00850939750671,0.917274117469788,0.939162731170654,0.952687680721283,0.998750686645508,0.974448502063751,0.921858787536621,0.914383172988892,0.84589
1.02147006988525,0.949173629283905,1.00658011436462,0.938858866691589,1.00141096115112,0.980120837688446,0.932127356529236,0.919883251190186,1.00668001174927,0.982421696186066,0.925982296466827,0.939638912677765,1.00626921653748,0.982890725135803,0.923054814338684,0.933371126651764,1.01287972927094,0.915305495262146,0.975476503372192,0.903482496738434,1.00786149501801,0.920021951198578,0.941737592220306,0.957317531108856,1.0009514093399,0.979697108268738,0.92507940530777,0.921034634113312,0.84511
1.04351592063904,0.977210938930511,1.02047491073608,0.968464314937592,1.00513696670532,0.994634866714478,0.950733065605164,0.94708925485611,1.0091050863266,0.996190547943115,0.946387052536011,0.962092161178589,1.00881814956665,0.996624946594238,0.943863689899445,0.957399666309357,1.01443958282471,0.928656756877899,0.985171377658844,0.916777789592743,1.00979614257812,0.933452904224396,0.958391308784485,0.977609097957611,1.00515580177307,0.99444055557251,0.945588946342468,0.947917342185974,0.9141
1.05620169639587,1.01258277893066,1.04236555099487,1.01137673854828,1.0036324262619,1.01867544651031,0.994776129722595,1.00256502628326,1.00842320919037,1.02054071426392,0.993109822273254,1.01128995418549,1.00806748867035,1.02102625370026,0.991696298122406,1.0078558921814,1.01423394680023,0.953295588493347,1.00833511352539,0.941444993019104,1.00949919223785,0.958076059818268,0.996463119983673,1.01807963848114,1.00325226783752,1.01840531826019,0.993151724338531,1.00287675857544,0.97707
1.06213438510895,1.05092084407806,1.07709002494812,1.06593370437622,1.00514924526215,1.04912257194519,1.05910515785217,1.07892334461212,1.01070189476013,1.05120229721069,1.06102013587952,1.07713329792023,1.01058506965637,1.05196952819824,1.06068384647369,1.07670652866364,1.01537024974823,0.984804570674896,1.04200005531311,0.972927987575531,1.01307153701782,0.989783823490143,1.05215919017792,1.0705087184906,1.00350284576416,1.04875612258911,1.06263971328735,1.07916224002838,1.0369
1.06854367256165,1.08342337608337,1.11490285396576,1.11627602577209,1.00769901275635,1.07388913631439,1.11579477787018,1.14365792274475,1.01323843002319,1.07741379737854,1.12074017524719,1.12957346439362,1.01309156417847,1.0784250497818,1.12199139595032,1.13094615936279,1.01789140701294,1.01215744018555,1.07272481918335,1.00012218952179,1.01497626304626,1.01711177825928,1.10060036182404,1.113041639328,1.00687396526337,1.07338750362396,1.12338376045227,1.14339303970337,1.0653
1.07897114753723,1.10189044475555,1.15150141716003,1.15324985980988,1.02089130878448,1.08628928661346,1.1616188287735,1.18841159343719,1.0262336730957,1.09100043773651,1.1693776845932,1.16373145580292,1.0262039899826,1.09226477146149,1.17101311683655,1.16748654842377,1.02978920936584,1.02694380283356,1.10051417350769,1.01488661766052,1.02789950370789,1.0318763256073,1.14248776435852,1.13917827606201,1.02019596099854,1.08563721179962,1.17246079444885,1.18863701820374,1.0965
1.08777892589569,1.11381602287292,1.18553519248962,1.18516278266907,1.03170728683472,1.09389770030975,1.20159041881561,1.22798705101013,1.03606867790222,1.09960401058197,1.21236217021942,1.19401895999908,1.03616786003113,1.10115993022919,1.21418297290802,1.19933474063873,1.03849899768829,1.03678393363953,1.12816572189331,1.02469027042389,1.03734529018402,1.04174149036407,1.18016374111176,1.16101431846619,1.03139936923981,1.09316897392273,1.21395027637482,1.22855401039124,1.1207
1.09565234184265,1.11674094200134,1.20389699935913,1.19971168041229,1.04177927970886,1.09347343444824,1.21146082878113,1.23171830177307,1.04514276981354,1.1003223657608,1.22208654880524,1.19745445251465,1.04544687271118,1.10225820541382,1.22394359111786,1.20269322395325,1.04608952999115,1.03902924060822,1.13830804824829,1.02686774730682,1.04617285728455,1.04405927658081,1.19118762016296,1.16312956809998,1.04176843166351,1.09264850616455,1.22332859039307,1.23212087154388,1.0611
1.10246598720551,1.11427307128906,1.21201539039612,1.20528888702393,1.04778492450714,1.09255433082581,1.21829473972321,1.23903357982635,1.05030345916748,1.09808599948883,1.22967064380646,1.20214831829071,1.05065453052521,1.09968614578247,1.23199021816254,1.20842635631561,1.05070245265961,1.03514242172241,1.14682745933533,1.02287578582764,1.0507355928421,1.04022741317749,1.19892013072968,1.16449773311615,1.04840493202209,1.09189665317535,1.22980511188507,1.2390204668045,1.0064
1.09662103652954,1.10648262500763,1.19837498664856,1.19383370876312,1.02670776844025,1.0810934305191,1.18314826488495,1.20561635494232,1.02871644496918,1.08786559104919,1.19324946403503,1.17259192466736,1.02829802036285,1.08943283557892,1.19512689113617,1.17795419692993,1.03369688987732,1.02533543109894,1.1276341676712,1.01302456855774,1.02733850479126,1.0301548242569,1.16775548458099,1.14385879039764,1.02875161170959,1.08039402961731,1.19400632381439,1.20573031902313,0.95193
1.08773827552795,1.09835815429688,1.18197202682495,1.18131983280182,1.01841711997986,1.07204496860504,1.16364336013794,1.18421709537506,1.02055859565735,1.07850658893585,1.17401909828186,1.15424478054047,1.02016031742096,1.08015763759613,1.17542171478271,1.15978753566742,1.02580070495605,1.01603662967682,1.11325466632843,1.00370740890503,1.01974296569824,1.02100944519043,1.14934730529785,1.12948286533356,1.01979243755341,1.07130968570709,1.17545855045319,1.1849193572998,0.90036
1.07698893547058,1.08779191970825,1.15932297706604,1.1623809337616,1.02267420291901,1.06580567359924,1.13607656955719,1.14949035644531,1.02398204803467,1.06969320774078,1.14527475833893,1.13073098659515,1.02427697181702,1.07126986980438,1.14561903476715,1.13304841518402,1.02562773227692,1.0058296918869,1.09357404708862,0.993427634239197,1.02495789527893,1.01126754283905,1.12348008155823,1.10965824127197,1.02227652072906,1.0653281211853,1.1475510597229,1.15042459964752,0.94045
1.06596922874451,1.08596920967102,1.14392602443695,1.15589475631714,1.01957559585571,1.06769502162933,1.14035761356354,1.15772354602814,1.0202043056488,1.06960129737854,1.14894962310791,1.1422266960144,1.02036476135254,1.07064461708069,1.15111076831818,1.14471507072449,1.02262043952942,1.00347280502319,1.09270429611206,0.991160452365875,1.02081561088562,1.00884354114532,1.12534976005554,1.11560308933258,1.01932644844055,1.06747448444366,1.1501202583313,1.15718603134155,0.97506
1.05738687515259,1.08190608024597,1.12840509414673,1.14774680137634,1.01372814178467,1.06435990333557,1.13589870929718,1.15442228317261,1.0149712562561,1.06548988819122,1.14368915557861,1.13718175888062,1.01502001285553,1.06618595123291,1.14706707000732,1.14128744602203,1.01817905902863,0.998027801513672,1.08926331996918,0.985734105110168,1.01550126075745,1.00330805778503,1.12044715881348,1.1109778881073,1.01364088058472,1.06418561935425,1.1441969871521,1.15375554561615,1.0454
1.0553252696991,1.07421481609344,1.11403059959412,1.13624370098114,1.01316094398499,1.05618953704834,1.12506091594696,1.14286911487579,1.01425039768219,1.05670046806335,1.13235700130463,1.12277090549469,1.01409506797791,1.05687773227692,1.13604402542114,1.12724256515503,1.01839208602905,0.987451136112213,1.0836489200592,0.975125193595886,1.01353132724762,0.992476403713226,1.1104553937912,1.09991502761841,1.01449036598206,1.05615878105164,1.13140666484833,1.14103627204895,1.0113
1.05382287502289,1.06506943702698,1.09603118896484,1.12176883220673,1.01233804225922,1.04461216926575,1.10506010055542,1.12218332290649,1.01372027397156,1.04532527923584,1.11182475090027,1.10478901863098,1.01358354091644,1.04556834697723,1.11544811725616,1.10967183113098,1.01783013343811,0.976436078548431,1.07140552997589,0.964182913303375,1.0132691860199,0.981434762477875,1.09363603591919,1.08604204654694,1.01340591907501,1.04455494880676,1.10910248756409,1.12046599388123,0.97571
1.05264627933502,1.04511547088623,1.06053829193115,1.07940804958344,1.01054930686951,1.02259063720703,1.03298020362854,1.03085434436798,1.0128425359726,1.02382302284241,1.03496670722961,1.03416991233826,1.01259231567383,1.02421808242798,1.03594207763672,1.03337979316711,1.01769328117371,0.955778121948242,1.03335666656494,0.943698942661285,1.01289391517639,0.960721969604492,1.03201711177826,1.03463351726532,1.01101577281952,1.02241611480713,1.03250300884247,1.03037130832672,0.93707
1.04960465431213,1.03096532821655,1.02996897697449,1.04422032833099,1.00826191902161,1.00681722164154,0.996496081352234,0.988019406795502,1.01160955429077,1.00892925262451,0.995192766189575,1.00126719474792,1.01134192943573,1.0096423625946,0.99511855840683,0.998848080635071,1.01678371429443,0.942379474639893,1.01403224468231,0.930499076843262,1.01271367073059,0.947319507598877,1.00067389011383,1.00876235961914,1.00753772258759,1.00644540786743,0.992671608924866,0.988044619560242,0.90634
1.04800581932068,1.01603901386261,0.993406236171722,1.00103843212128,1.00643360614777,0.992170989513397,0.937441945075989,0.919758975505829,1.0104798078537,0.994479179382324,0.931658625602722,0.94527393579483,1.01014852523804,0.995195031166077,0.929469168186188,0.938798129558563,1.01607739925385,0.928015351295471,0.982288956642151,0.916143476963043,1.01170003414154,0.932935178279877,0.948684990406036,0.967784881591797,1.00566172599792,0.991726577281952,0.93069714307785,0.920878469944,0.87282
1.04804003238678,1.00862622261047,0.969496488571167,0.974111437797546,1.00632047653198,0.985639035701752,0.921384811401367,0.904718697071075,1.0104306936264,0.987628996372223,0.914921939373016,0.929798781871796,1.01027607917786,0.988256394863129,0.912098109722137,0.922877788543701,1.01510059833527,0.920652687549591,0.971686184406281,0.90866482257843,1.01170325279236,0.925615668296814,0.933713614940643,0.95475560426712,1.00574696063995,0.985255599021912,0.914308786392212,0.905876874923706,0.85669
1.05020523071289,1.00553560256958,0.95750093460083,0.960192382335663,1.00615286827087,0.982782542705536,0.919200658798218,0.903914630413055,1.01006770133972,0.98445588350296,0.913136303424835,0.92663311958313,1.00986802577972,0.984866738319397,0.910101652145386,0.919537425041199,1.01490724086761,0.916646182537079,0.969346880912781,0.904585182666779,1.0107946395874,0.921537160873413,0.931296646595001,0.951288521289825,1.00622534751892,0.982479155063629,0.912814557552338,0.905017912387848,0.85011
