original,trained_s_1,trained_s_2,trained_s_3,trained_b_1,trained_b_2,trained_b_3
0.28418,0.28418,0.28418,0.28418,0.28418,0.28418,0.28418
0.2681,0.2681,0.2681,0.2681,0.2681,0.2681,0.2681
0.25201,0.25201,0.25201,0.25201,0.25201,0.25201,0.25201
0.25469,0.25469,0.25469,0.25469,0.25469,0.25469,0.25469
0.25201,0.25201,0.25201,0.25201,0.25201,0.25201,0.25201
0.24397,0.24397,0.24397,0.24397,0.24397,0.24397,0.24397
0.25737,0.25737,0.25737,0.25737,0.25737,0.25737,0.25737
0.27614,0.27614,0.27614,0.27614,0.27614,0.27614,0.27614
0.27882,0.27882,0.27882,0.27882,0.27882,0.27882,0.27882
0.2815,0.2815,0.2815,0.2815,0.2815,0.2815,0.2815
0.29759,0.29759,0.29759,0.29759,0.29759,0.29759,0.29759
0.28954,0.28954,0.28954,0.28954,0.28954,0.28954,0.28954
0.27078,0.27078,0.27078,0.27078,0.27078,0.27078,0.27078
0.28418,0.28418,0.28418,0.28418,0.28418,0.28418,0.28418
0.29223,0.29223,0.29223,0.29223,0.29223,0.29223,0.29223
0.30831,0.30831,0.30831,0.30831,0.30831,0.30831,0.30831
0.29491,0.29491,0.29491,0.29491,0.29491,0.29491,0.29491
0.2815,0.2815,0.2815,0.2815,0.2815,0.2815,0.2815
0.28418,0.28418,0.28418,0.28418,0.28418,0.28418,0.28418
0.26273,0.26273,0.26273,0.26273,0.26273,0.26273,0.26273
0.25469,0.25469,0.25469,0.25469,0.25469,0.25469,0.25469
0.25737,0.25737,0.25737,0.25737,0.25737,0.25737,0.25737
0.26005,0.26005,0.26005,0.26005,0.26005,0.26005,0.26005
0.25201,0.25201,0.25201,0.25201,0.25201,0.25201,0.25201
0.26273,0.26273,0.26273,0.26273,0.26273,0.26273,0.26273
0.24933,0.24933,0.24933,0.24933,0.24933,0.24933,0.24933
0.23592,0.23592,0.23592,0.23592,0.23592,0.23592,0.23592
0.21984,0.21984,0.21984,0.21984,0.21984,0.21984,0.21984
0.20375,0.20375,0.20375,0.20375,0.20375,0.20375,0.20375
0.19035,0.19035,0.19035,0.19035,0.19035,0.19035,0.19035
0.21448,0.21448,0.21448,0.21448,0.21448,0.21448,0.21448
0.24665,0.24665,0.24665,0.24665,0.24665,0.24665,0.24665
0.27882,0.27882,0.27882,0.27882,0.27882,0.27882,0.27882
0.32172,0.32172,0.32172,0.32172,0.32172,0.32172,0.32172
0.34048,0.34048,0.34048,0.34048,0.34048,0.34048,0.34048
0.35925,0.35925,0.35925,0.35925,0.35925,0.35925,0.35925
0.3807,0.3807,0.3807,0.3807,0.3807,0.3807,0.3807
0.39142,0.39142,0.39142,0.39142,0.39142,0.39142,0.39142
0.40214,0.40214,0.40214,0.40214,0.40214,0.40214,0.40214
0.39946,0.39946,0.39946,0.39946,0.39946,0.39946,0.39946
0.35389,0.35389,0.35389,0.35389,0.35389,0.35389,0.35389
0.30831,0.30831,0.30831,0.30831,0.30831,0.30831,0.30831
0.31099,0.31099,0.31099,0.31099,0.31099,0.31099,0.31099
0.29491,0.29491,0.29491,0.29491,0.29491,0.29491,0.29491
0.29223,0.29223,0.29223,0.29223,0.29223,0.29223,0.29223
0.29491,0.29491,0.29491,0.29491,0.29491,0.29491,0.29491
0.28954,0.28954,0.28954,0.28954,0.28954,0.28954,0.28954
0.26542,0.26542,0.26542,0.26542,0.26542,0.26542,0.26542
0.24129,0.24129,0.24129,0.24129,0.24129,0.24129,0.24129
0.22788,0.22788,0.22788,0.22788,0.22788,0.22788,0.22788
0.2252,0.2252,0.2252,0.2252,0.2252,0.2252,0.2252
0.20912,0.20912,0.20912,0.20912,0.20912,0.20912,0.20912
0.19571,0.19571,0.19571,0.19571,0.19571,0.19571,0.19571
0.19571,0.19571,0.19571,0.19571,0.19571,0.19571,0.19571
0.18767,0.18767,0.18767,0.18767,0.18767,0.18767,0.18767
0.19035,0.19035,0.19035,0.19035,0.19035,0.19035,0.19035
0.23324,0.23324,0.23324,0.23324,0.23324,0.23324,0.23324
0.30295,0.30295,0.30295,0.30295,0.30295,0.30295,0.30295
0.3378,0.3378,0.3378,0.3378,0.3378,0.3378,0.3378
0.35121,0.35121,0.35121,0.35121,0.35121,0.35121,0.35121
0.36729,0.36729,0.36729,0.36729,0.36729,0.36729,0.36729
0.3807,0.3807,0.3807,0.3807,0.3807,0.3807,0.3807
0.38338,0.38338,0.38338,0.38338,0.38338,0.38338,0.38338
0.3807,0.3807,0.3807,0.3807,0.3807,0.3807,0.3807
0.36729,0.36729,0.36729,0.36729,0.36729,0.36729,0.36729
0.34584,0.34584,0.34584,0.34584,0.34584,0.34584,0.34584
0.31367,0.31367,0.31367,0.31367,0.31367,0.31367,0.31367
0.28418,0.28418,0.28418,0.28418,0.28418,0.28418,0.28418
0.24933,0.24933,0.24933,0.24933,0.24933,0.24933,0.24933
0.21448,0.21448,0.21448,0.21448,0.21448,0.21448,0.21448
0.20912,0.20912,0.20912,0.20912,0.20912,0.20912,0.20912
0.19839,0.19839,0.19839,0.19839,0.19839,0.19839,0.19839
0.19035,0.19035,0.19035,0.19035,0.19035,0.19035,0.19035
0.18231,0.18231,0.18231,0.18231,0.18231,0.18231,0.18231
0.17426,0.17426,0.17426,0.17426,0.17426,0.17426,0.17426
0.17158,0.17158,0.17158,0.17158,0.17158,0.17158,0.17158
0.16622,0.16622,0.16622,0.16622,0.16622,0.16622,0.16622
0.16086,0.16086,0.16086,0.16086,0.16086,0.16086,0.16086
0.16086,0.16086,0.16086,0.16086,0.16086,0.16086,0.16086
0.17694,0.17694,0.17694,0.17694,0.17694,0.17694,0.17694
0.20107,0.20107,0.20107,0.20107,0.20107,0.20107,0.20107
0.24397,0.24397,0.24397,0.24397,0.24397,0.24397,0.24397
0.29759,0.29759,0.29759,0.29759,0.29759,0.29759,0.29759
0.32708,0.32708,0.32708,0.32708,0.32708,0.32708,0.32708
0.35389,0.35389,0.35389,0.35389,0.35389,0.35389,0.35389
0.36461,0.36461,0.36461,0.36461,0.36461,0.36461,0.36461
0.37265,0.37265,0.37265,0.37265,0.37265,0.37265,0.37265
0.36729,0.36729,0.36729,0.36729,0.36729,0.36729,0.36729
0.35121,0.35121,0.35121,0.35121,0.35121,0.35121,0.35121
0.3378,0.3378,0.3378,0.3378,0.3378,0.3378,0.3378
0.30295,0.30295,0.30295,0.30295,0.30295,0.30295,0.30295
0.28686,0.28686,0.28686,0.28686,0.28686,0.28686,0.28686
0.2815,0.2815,0.2815,0.2815,0.2815,0.2815,0.2815
0.2815,0.2815,0.2815,0.2815,0.2815,0.2815,0.2815
0.26542,0.26542,0.26542,0.26542,0.26542,0.26542,0.26542
0.31635,0.31635,0.31635,0.31635,0.31635,0.31635,0.31635
0.37265,0.37265,0.37265,0.37265,0.37265,0.37265,0.37265
0.36997,0.36997,0.36997,0.36997,0.36997,0.36997,0.36997
0.36729,0.36729,0.36729,0.36729,0.36729,0.36729,0.36729
0.35657,0.35657,0.35657,0.35657,0.35657,0.35657,0.35657
0.35925,0.35925,0.35925,0.35925,0.35925,0.35925,0.35925
0.35389,0.35389,0.35389,0.35389,0.35389,0.35389,0.35389
0.34853,0.34853,0.34853,0.34853,0.34853,0.34853,0.34853
0.36193,0.36193,0.36193,0.36193,0.36193,0.36193,0.36193
0.38338,0.38338,0.38338,0.38338,0.38338,0.38338,0.38338
0.38338,0.38338,0.38338,0.38338,0.38338,0.38338,0.38338
0.3807,0.3807,0.3807,0.3807,0.3807,0.3807,0.3807
0.37534,0.37534,0.37534,0.37534,0.37534,0.37534,0.37534
0.39142,0.39142,0.39142,0.39142,0.39142,0.39142,0.39142
0.42895,0.42895,0.42895,0.42895,0.42895,0.42895,0.42895
0.3941,0.3941,0.3941,0.3941,0.3941,0.3941,0.3941
0.39142,0.39142,0.39142,0.39142,0.39142,0.39142,0.39142
0.3941,0.3941,0.3941,0.3941,0.3941,0.3941,0.3941
0.40214,0.40214,0.40214,0.40214,0.40214,0.40214,0.40214
0.39678,0.39678,0.39678,0.39678,0.39678,0.39678,0.39678
0.44236,0.44236,0.44236,0.44236,0.44236,0.44236,0.44236
0.4504,0.4504,0.4504,0.4504,0.4504,0.4504,0.4504
0.437,0.437,0.437,0.437,0.437,0.437,0.437
0.30295,0.30295,0.30295,0.30295,0.30295,0.30295,0.30295
0.27346,0.27346,0.27346,0.27346,0.27346,0.27346,0.27346
0.25201,0.25201,0.25201,0.25201,0.25201,0.25201,0.25201
0.25201,0.25201,0.25201,0.25201,0.25201,0.25201,0.25201
0.25469,0.25469,0.25469,0.25469,0.25469,0.25469,0.25469
0.25201,0.25201,0.25201,0.25201,0.25201,0.25201,0.25201
0.25469,0.25469,0.25469,0.25469,0.25469,0.25469,0.25469
0.25737,0.25737,0.25737,0.25737,0.25737,0.25737,0.25737
0.25737,0.25737,0.25737,0.25737,0.25737,0.25737,0.25737
0.26005,0.26005,0.26005,0.26005,0.26005,0.26005,0.26005
0.27882,0.27882,0.27882,0.27882,0.27882,0.27882,0.27882
0.29759,0.29759,0.29759,0.29759,0.29759,0.29759,0.29759
0.32708,0.32708,0.32708,0.32708,0.32708,0.32708,0.32708
0.36461,0.36461,0.36461,0.36461,0.36461,0.36461,0.36461
0.38338,0.38338,0.38338,0.38338,0.38338,0.38338,0.38338
0.37265,0.37265,0.37265,0.37265,0.37265,0.37265,0.37265
0.36461,0.36461,0.36461,0.36461,0.36461,0.36461,0.36461
0.36729,0.36729,0.36729,0.36729,0.36729,0.36729,0.36729
0.35389,0.35389,0.35389,0.35389,0.35389,0.35389,0.35389
0.34048,0.34048,0.34048,0.34048,0.34048,0.34048,0.34048
0.31635,0.31635,0.31635,0.31635,0.31635,0.31635,0.31635
0.30295,0.30295,0.30295,0.30295,0.30295,0.30295,0.30295
0.30563,0.30563,0.30563,0.30563,0.30563,0.30563,0.30563
0.29491,0.29491,0.29491,0.29491,0.29491,0.29491,0.29491
0.30563,0.30563,0.30563,0.30563,0.30563,0.30563,0.30563
0.30295,0.30295,0.30295,0.30295,0.30295,0.30295,0.30295
0.28418,0.28418,0.28418,0.28418,0.28418,0.28418,0.28418
0.27346,0.27346,0.27346,0.27346,0.27346,0.27346,0.27346
0.26273,0.26273,0.26273,0.26273,0.26273,0.26273,0.26273
0.24933,0.24933,0.24933,0.24933,0.24933,0.24933,0.24933
0.21448,0.21448,0.21448,0.21448,0.21448,0.21448,0.21448
0.2118,0.2118,0.2118,0.2118,0.2118,0.2118,0.2118
0.22788,0.22788,0.22788,0.22788,0.22788,0.22788,0.22788
0.25469,0.25469,0.25469,0.25469,0.25469,0.25469,0.25469
0.33244,0.33244,0.33244,0.33244,0.33244,0.33244,0.33244
0.34853,0.34853,0.34853,0.34853,0.34853,0.34853,0.34853
0.3807,0.3807,0.3807,0.3807,0.3807,0.3807,0.3807
0.4933,0.4933,0.4933,0.4933,0.4933,0.4933,0.4933
0.4933,0.4933,0.4933,0.4933,0.4933,0.4933,0.4933
0.4933,0.4933,0.4933,0.4933,0.4933,0.4933,0.4933
0.47989,0.47989,0.47989,0.47989,0.47989,0.47989,0.47989
0.45308,0.45308,0.45308,0.45308,0.45308,0.45308,0.45308
0.45308,0.45308,0.45308,0.45308,0.45308,0.45308,0.45308
0.44504,0.44504,0.44504,0.44504,0.44504,0.44504,0.44504
0.44236,0.44236,0.44236,0.44236,0.44236,0.44236,0.44236
0.43432,0.43432,0.43432,0.43432,0.43432,0.43432,0.43432
0.41823,0.41823,0.41823,0.41823,0.41823,0.41823,0.41823
0.43432,0.43432,0.43432,0.43432,0.43432,0.43432,0.43432
0.44772,0.44772,0.44772,0.44772,0.44772,0.44772,0.44772
0.437,0.437,0.437,0.437,0.437,0.437,0.437
0.34048,0.34048,0.34048,0.34048,0.34048,0.34048,0.34048
0.34048,0.34048,0.34048,0.34048,0.34048,0.34048,0.34048
0.31099,0.31099,0.31099,0.31099,0.31099,0.31099,0.31099
0.30295,0.30295,0.30295,0.30295,0.30295,0.30295,0.30295
0.27614,0.27614,0.27614,0.27614,0.27614,0.27614,0.27614
0.27614,0.27614,0.27614,0.27614,0.27614,0.27614,0.27614
0.28954,0.28954,0.28954,0.28954,0.28954,0.28954,0.28954
0.30027,0.30027,0.30027,0.30027,0.30027,0.30027,0.30027
0.3378,0.3378,0.3378,0.3378,0.3378,0.3378,0.3378
0.38606,0.38606,0.38606,0.38606,0.38606,0.38606,0.38606
0.40214,0.40214,0.40214,0.40214,0.40214,0.40214,0.40214
0.42091,0.42091,0.42091,0.42091,0.42091,0.42091,0.42091
0.42627,0.42627,0.42627,0.42627,0.42627,0.42627,0.42627
0.42627,0.42627,0.42627,0.42627,0.42627,0.42627,0.42627
0.42627,0.42627,0.42627,0.42627,0.42627,0.42627,0.42627
0.41555,0.41555,0.41555,0.41555,0.41555,0.41555,0.41555
0.38874,0.38874,0.38874,0.38874,0.38874,0.38874,0.38874
0.36193,0.36193,0.36193,0.36193,0.36193,0.36193,0.36193
0.33512,0.33512,0.33512,0.33512,0.33512,0.33512,0.33512
0.30027,0.30027,0.30027,0.30027,0.30027,0.30027,0.30027
0.28418,0.28418,0.28418,0.28418,0.28418,0.28418,0.28418
0.28418,0.28418,0.28418,0.28418,0.28418,0.28418,0.28418
0.28418,0.28418,0.28418,0.28418,0.28418,0.28418,0.28418
0.28954,0.28954,0.28954,0.28954,0.28954,0.28954,0.28954
0.28418,0.28418,0.28418,0.28418,0.28418,0.28418,0.28418
0.2815,0.2815,0.2815,0.2815,0.2815,0.2815,0.2815
0.25469,0.25469,0.25469,0.25469,0.25469,0.25469,0.25469
0.21984,0.21984,0.21984,0.21984,0.21984,0.21984,0.21984
0.18767,0.18767,0.18767,0.18767,0.18767,0.18767,0.18767
0.20375,0.20375,0.20375,0.20375,0.20375,0.20375,0.20375
0.18499,0.18499,0.18499,0.18499,0.18499,0.18499,0.18499
0.19839,0.19839,0.19839,0.19839,0.19839,0.19839,0.19839
0.25469,0.25469,0.25469,0.25469,0.25469,0.25469,0.25469
0.29223,0.29223,0.29223,0.29223,0.29223,0.29223,0.29223
0.31099,0.31099,0.31099,0.31099,0.31099,0.31099,0.31099
0.33512,0.33512,0.33512,0.33512,0.33512,0.33512,0.33512
0.35389,0.35389,0.35389,0.35389,0.35389,0.35389,0.35389
0.36729,0.36729,0.36729,0.36729,0.36729,0.36729,0.36729
0.35925,0.35925,0.35925,0.35925,0.35925,0.35925,0.35925
0.35389,0.35389,0.35389,0.35389,0.35389,0.35389,0.35389
0.33512,0.33512,0.33512,0.33512,0.33512,0.33512,0.33512
0.31367,0.31367,0.31367,0.31367,0.31367,0.31367,0.31367
0.28418,0.28418,0.28418,0.28418,0.28418,0.28418,0.28418
0.25201,0.25201,0.25201,0.25201,0.25201,0.25201,0.25201
0.23592,0.23592,0.23592,0.23592,0.23592,0.23592,0.23592
0.22252,0.22252,0.22252,0.22252,0.22252,0.22252,0.22252
0.21448,0.21448,0.21448,0.21448,0.21448,0.21448,0.21448
0.23592,0.23592,0.23592,0.23592,0.23592,0.23592,0.23592
0.25469,0.25469,0.25469,0.25469,0.25469,0.25469,0.25469
0.24129,0.24129,0.24129,0.24129,0.24129,0.24129,0.24129
0.21984,0.21984,0.21984,0.21984,0.21984,0.21984,0.21984
0.2118,0.2118,0.2118,0.2118,0.2118,0.2118,0.2118
0.18767,0.18767,0.18767,0.18767,0.18767,0.18767,0.18767
0.19303,0.19303,0.19303,0.19303,0.19303,0.19303,0.19303
0.20107,0.20107,0.20107,0.20107,0.20107,0.20107,0.20107
0.20375,0.20375,0.20375,0.20375,0.20375,0.20375,0.20375
0.23056,0.23056,0.23056,0.23056,0.23056,0.23056,0.23056
0.25201,0.25201,0.25201,0.25201,0.25201,0.25201,0.25201
0.30295,0.30295,0.30295,0.30295,0.30295,0.30295,0.30295
0.31099,0.31099,0.31099,0.31099,0.31099,0.31099,0.31099
0.31367,0.31367,0.31367,0.31367,0.31367,0.31367,0.31367
0.31099,0.31099,0.31099,0.31099,0.31099,0.31099,0.31099
0.30831,0.30831,0.30831,0.30831,0.30831,0.30831,0.30831
0.30295,0.30295,0.30295,0.30295,0.30295,0.30295,0.30295
0.28954,0.28954,0.28954,0.28954,0.28954,0.28954,0.28954
0.27882,0.27882,0.27882,0.27882,0.27882,0.27882,0.27882
0.2681,0.2681,0.2681,0.2681,0.2681,0.2681,0.2681
0.25469,0.25469,0.25469,0.25469,0.25469,0.25469,0.25469
0.24933,0.24933,0.24933,0.24933,0.24933,0.24933,0.24933
0.24397,0.24397,0.24397,0.24397,0.24397,0.24397,0.24397
0.22788,0.22788,0.22788,0.22788,0.22788,0.22788,0.22788
0.19839,0.19839,0.19839,0.19839,0.19839,0.19839,0.19839
0.18499,0.18499,0.18499,0.18499,0.18499,0.18499,0.18499
0.17962,0.17962,0.17962,0.17962,0.17962,0.17962,0.17962
0.18231,0.18231,0.18231,0.18231,0.18231,0.18231,0.18231
0.17694,0.17694,0.17694,0.17694,0.17694,0.17694,0.17694
0.16086,0.16086,0.16086,0.16086,0.16086,0.16086,0.16086
0.15282,0.15282,0.15282,0.15282,0.15282,0.15282,0.15282
0.15013,0.15013,0.15013,0.15013,0.15013,0.15013,0.15013
0.16622,0.16622,0.16622,0.16622,0.16622,0.16622,0.16622
0.20107,0.20107,0.20107,0.20107,0.20107,0.20107,0.20107
0.23324,0.23324,0.23324,0.23324,0.23324,0.23324,0.23324
0.25201,0.25201,0.25201,0.25201,0.25201,0.25201,0.25201
0.27078,0.27078,0.27078,0.27078,0.27078,0.27078,0.27078
0.30295,0.30295,0.30295,0.30295,0.30295,0.30295,0.30295
0.32172,0.32172,0.32172,0.32172,0.32172,0.32172,0.32172
0.32172,0.32172,0.32172,0.32172,0.32172,0.32172,0.32172
0.31635,0.31635,0.31635,0.31635,0.31635,0.31635,0.31635
0.30563,0.30563,0.30563,0.30563,0.30563,0.30563,0.30563
0.29223,0.29223,0.29223,0.29223,0.29223,0.29223,0.29223
0.27882,0.27882,0.27882,0.27882,0.27882,0.27882,0.27882
0.2681,0.2681,0.2681,0.2681,0.2681,0.2681,0.2681
0.26273,0.26273,0.26273,0.26273,0.26273,0.26273,0.26273
0.26542,0.26542,0.26542,0.26542,0.26542,0.26542,0.26542
0.23592,0.23592,0.23592,0.23592,0.23592,0.23592,0.23592
0.2252,0.2252,0.2252,0.2252,0.2252,0.2252,0.2252
0.2252,0.2252,0.2252,0.2252,0.2252,0.2252,0.2252
0.23056,0.23056,0.23056,0.23056,0.23056,0.23056,0.23056
0.23592,0.23592,0.23592,0.23592,0.23592,0.23592,0.23592
0.23592,0.23592,0.23592,0.23592,0.23592,0.23592,0.23592
0.2252,0.2252,0.2252,0.2252,0.2252,0.2252,0.2252
0.21984,0.21984,0.21984,0.21984,0.21984,0.21984,0.21984
0.21448,0.21448,0.21448,0.21448,0.21448,0.21448,0.21448
0.2118,0.2118,0.2118,0.2118,0.2118,0.2118,0.2118
0.21448,0.21448,0.21448,0.21448,0.21448,0.21448,0.21448
0.2118,0.2118,0.2118,0.2118,0.2118,0.2118,0.2118
0.21448,0.21448,0.21448,0.21448,0.21448,0.21448,0.21448
0.21716,0.21716,0.21716,0.21716,0.21716,0.21716,0.21716
0.21984,0.21984,0.21984,0.21984,0.21984,0.21984,0.21984
0.22788,0.22788,0.22788,0.22788,0.22788,0.22788,0.22788
0.23592,0.23592,0.23592,0.23592,0.23592,0.23592,0.23592
0.24129,0.24129,0.24129,0.24129,0.24129,0.24129,0.24129
0.24129,0.24129,0.24129,0.24129,0.24129,0.24129,0.24129
0.23592,0.23592,0.23592,0.23592,0.23592,0.23592,0.23592
0.23592,0.23592,0.23592,0.23592,0.23592,0.23592,0.23592
0.24397,0.24397,0.24397,0.24397,0.24397,0.24397,0.24397
0.23861,0.23861,0.23861,0.23861,0.23861,0.23861,0.23861
0.23861,0.23861,0.23861,0.23861,0.23861,0.23861,0.23861
0.23592,0.23592,0.23592,0.23592,0.23592,0.23592,0.23592
0.24129,0.24129,0.24129,0.24129,0.24129,0.24129,0.24129
0.24397,0.24397,0.24397,0.24397,0.24397,0.24397,0.24397
0.24665,0.24665,0.24665,0.24665,0.24665,0.24665,0.24665
0.24129,0.24129,0.24129,0.24129,0.24129,0.24129,0.24129
0.24665,0.24665,0.24665,0.24665,0.24665,0.24665,0.24665
0.24665,0.24665,0.24665,0.24665,0.24665,0.24665,0.24665
0.24129,0.24129,0.24129,0.24129,0.24129,0.24129,0.24129
0.24397,0.24397,0.24397,0.24397,0.24397,0.24397,0.24397
0.24933,0.24933,0.24933,0.24933,0.24933,0.24933,0.24933
0.26273,0.26273,0.26273,0.26273,0.26273,0.26273,0.26273
0.2681,0.2681,0.2681,0.2681,0.2681,0.2681,0.2681
0.27614,0.27614,0.27614,0.27614,0.27614,0.27614,0.27614
0.28418,0.28418,0.28418,0.28418,0.28418,0.28418,0.28418
0.27078,0.27078,0.27078,0.27078,0.27078,0.27078,0.27078
0.25469,0.25469,0.25469,0.25469,0.25469,0.25469,0.25469
0.25201,0.25201,0.25201,0.25201,0.25201,0.25201,0.25201
0.25201,0.25201,0.25201,0.25201,0.25201,0.25201,0.25201
0.25201,0.25201,0.25201,0.25201,0.25201,0.25201,0.25201
0.24933,0.24933,0.24933,0.24933,0.24933,0.24933,0.24933
0.23324,0.23324,0.23324,0.23324,0.23324,0.23324,0.23324
0.21716,0.21716,0.21716,0.21716,0.21716,0.21716,0.21716
0.21984,0.21984,0.21984,0.21984,0.21984,0.21984,0.21984
0.22252,0.22252,0.22252,0.22252,0.22252,0.22252,0.22252
0.21716,0.21716,0.21716,0.21716,0.21716,0.21716,0.21716
0.2118,0.2118,0.2118,0.2118,0.2118,0.2118,0.2118
0.2118,0.2118,0.2118,0.2118,0.2118,0.2118,0.2118
0.22252,0.22252,0.22252,0.22252,0.22252,0.22252,0.22252
0.21984,0.21984,0.21984,0.21984,0.21984,0.21984,0.21984
0.21984,0.21984,0.21984,0.21984,0.21984,0.21984,0.21984
0.23056,0.23056,0.23056,0.23056,0.23056,0.23056,0.23056
0.2252,0.2252,0.2252,0.2252,0.2252,0.2252,0.2252
0.21984,0.21984,0.21984,0.21984,0.21984,0.21984,0.21984
0.21448,0.21448,0.21448,0.21448,0.21448,0.21448,0.21448
0.22252,0.22252,0.22252,0.22252,0.22252,0.22252,0.22252
0.23592,0.23592,0.23592,0.23592,0.23592,0.23592,0.23592
0.24665,0.24665,0.24665,0.24665,0.24665,0.24665,0.24665
0.25469,0.25469,0.25469,0.25469,0.25469,0.25469,0.25469
0.26005,0.26005,0.26005,0.26005,0.26005,0.26005,0.26005
0.25737,0.25737,0.25737,0.25737,0.25737,0.25737,0.25737
0.26273,0.26273,0.26273,0.26273,0.26273,0.26273,0.26273
0.27346,0.27346,0.27346,0.27346,0.27346,0.27346,0.27346
0.26273,0.26273,0.26273,0.26273,0.26273,0.26273,0.26273
0.25737,0.25737,0.25737,0.25737,0.25737,0.25737,0.25737
0.25469,0.25469,0.25469,0.25469,0.25469,0.25469,0.25469
0.25201,0.25201,0.25201,0.25201,0.25201,0.25201,0.25201
0.24933,0.24933,0.24933,0.24933,0.24933,0.24933,0.24933
0.24129,0.24129,0.24129,0.24129,0.24129,0.24129,0.24129
0.23056,0.23056,0.23056,0.23056,0.23056,0.23056,0.23056
0.22788,0.22788,0.22788,0.22788,0.22788,0.22788,0.22788
0.84409,0.931519764010361,0.964454028544588,0.987636786091258,0.854159770844279,0.855787667934373,0.898785941893926
0.83419,0.928742156633417,0.959009167212364,0.985984025741836,0.856243413632073,0.860042166333407,0.919286033175187
0.83848,0.917942079315961,0.95320779768084,0.981219113581793,0.85838269271225,0.876153663971708,0.919190551441455
0.84406,0.886492158289337,0.944064552092749,0.959095882036466,0.862263643657476,0.88233123781964,0.888235021856815
0.86851,0.913473755923842,0.938299523695568,0.974632415862152,0.897003659854499,0.897762229361948,0.916182789139595
0.93282,0.925244305504294,0.946696738403988,0.984715300484756,1.00741423165788,0.980428593293895,1.00371305167247
1.0225,1.08989535048121,1.00631186154845,1.08560824018087,1.10717364446098,1.04787258204563,1.14135549219185
1.1002,1.10966443778038,1.09580988836487,1.12991667410164,1.13558393860081,1.11526970572734,1.15390691560212
1.1186,1.10897171609294,1.11849627439795,1.11611311916913,1.13647730589978,1.13123574831317,1.13358615198118
1.1304,1.10834510598642,1.130443084401,1.10239279646326,1.12756011873675,1.11935334324037,1.08735577169807
1.1436,1.10860067555661,1.13261697486651,1.10007653677005,1.12354150531807,1.09038014255699,1.08487438079539
1.1342,1.10930939079921,1.14042795907308,1.09751230012937,1.12154606155694,1.08842810209421,1.11473321858139
1.1154,1.10883918197016,1.13548036113329,1.09850147800097,1.12744073095937,1.0496929774645,1.12139164482382
1.0899,1.11078637883262,1.14686163772309,1.09148132036708,1.13414661175357,1.04944345908359,1.13789466168158
1.0673,1.11148585766904,1.14494653968602,1.08779758298392,1.11119607874677,1.06100130641069,1.11393095915102
1.0506,1.09204233607081,1.07646480408905,1.01436598159161,1.10646058482914,1.04986025563911,1.11213292064458
1.0425,0.981586733055067,0.916071201749354,0.878468651690531,1.08922944273972,1.0671973632664,1.06666539376392
1.0209,0.953876049068449,0.881436427506495,0.854327500528403,1.079692488479,1.06483005447432,1.03042096957851
0.97972,0.939207739408275,0.882822266032047,0.850637085974928,1.05340699804754,1.0525103259431,0.970599184624742
0.94507,0.924803692653163,0.862979447994267,0.839822797809791,0.976335151582595,0.999230420637406,0.909899168987198
0.91587,0.943397976136569,0.883616397504274,0.872015699192122,0.920875850799469,0.937491122451695,0.867295226649395
0.88422,0.918700337643692,0.868643222559505,0.855757067087938,0.880566550339719,0.90966777696582,0.84639895323783
0.86889,0.933054023199505,0.884991377624888,0.881537245006444,0.868745923316278,0.880275104199237,0.81958011082138
0.86399,0.946174002273602,0.900845890950767,0.899346850975469,0.859246676260773,0.867610303998351,0.823330128723645
