small_1,small_de_2,all_3,all_de_4,small_5,small_de_6,all_7,all_de_8,small_9,small_de_10,all_11,all_de_12,small_13,small_de_14,all_15,all_de_16,small_17,small_de_18,all_19,all_de_20,small_21,small_de_22,all_23,all_de_24,small_25,small_de_26,all_27,all_de_28,original
0.705686211585999,0.773776590824127,0.643416583538055,0.716839849948883,0.957425713539124,0.92854642868042,0.861170053482056,0.86510443687439,0.951621055603027,0.930320620536804,0.862517774105072,0.866611659526825,0.951688826084137,0.926349520683289,0.861905336380005,0.864260196685791,0.96499764919281,0.90511691570282,0.858060657978058,0.906290173530579,0.948938727378845,0.905165135860443,0.860291481018066,0.905045390129089,0.956616044044495,0.929068744182587,0.860375046730042,0.865635633468628,0.85816
0.794246971607208,0.815680205821991,0.76867812871933,0.77749490737915,0.956606864929199,0.926465272903442,0.863872528076172,0.864773988723755,0.950852036476135,0.927649796009064,0.865769445896149,0.86719673871994,0.950764715671539,0.923943758010864,0.864519238471985,0.863046586513519,0.963517427444458,0.902168929576874,0.860210001468658,0.903433442115784,0.948029756546021,0.902217268943787,0.8632493019104,0.902099370956421,0.955782771110535,0.92701268196106,0.862600445747375,0.865855097770691,0.85597
0.853860855102539,0.849909484386444,0.837258696556091,0.820797920227051,0.959051728248596,0.930241048336029,0.87019544839859,0.868853151798248,0.954184949398041,0.930025279521942,0.872686862945557,0.871640264987946,0.953762412071228,0.927216529846191,0.871029734611511,0.866828918457031,0.964695274829865,0.902789175510406,0.866842687129974,0.904151558876038,0.951453685760498,0.902837574481964,0.869786620140076,0.902722239494324,0.958311915397644,0.930740356445312,0.868627846240997,0.869777381420135,0.85489
0.895256400108337,0.880188405513763,0.877238392829895,0.854251027107239,0.962947487831116,0.942002892494202,0.879069268703461,0.878059208393097,0.959789633750916,0.938532590866089,0.882012546062469,0.8804811835289,0.958860754966736,0.937935769557953,0.879912614822388,0.876017987728119,0.967552185058594,0.907025039196014,0.875657021999359,0.908456921577454,0.957424819469452,0.907073676586151,0.878887534141541,0.906957924365997,0.962384819984436,0.942371070384979,0.877168715000153,0.879544138908386,0.85944
0.919303894042969,0.915640652179718,0.902087926864624,0.891028106212616,0.956646203994751,0.953364729881287,0.89025616645813,0.896216988563538,0.953044772148132,0.952605545520782,0.89233535528183,0.900081276893616,0.952476978302002,0.95055365562439,0.890321969985962,0.893551290035248,0.96398651599884,0.924633026123047,0.886658251285553,0.926099896430969,0.950721442699432,0.924681603908539,0.889797210693359,0.924568057060242,0.956083655357361,0.953781604766846,0.888426780700684,0.897871077060699,0.9
0.939393937587738,0.95888340473175,0.933429539203644,0.938300788402557,0.964215517044067,0.988783001899719,0.938640117645264,0.95336925983429,0.959953665733337,0.9842449426651,0.938431024551392,0.955780386924744,0.959246158599854,0.98284637928009,0.938481688499451,0.952560603618622,0.966575920581818,0.953040659427643,0.937438428401947,0.9547980427742,0.957055687904358,0.953088343143463,0.937596678733826,0.9529789686203,0.96354353427887,0.989331543445587,0.939779281616211,0.953411042690277,0.95416
0.952081620693207,1.00299465656281,0.971650838851929,0.992677748203278,0.962743759155273,1.01597881317139,1.00505721569061,1.02580749988556,0.957956612110138,1.0147922039032,0.999639213085175,1.02643537521362,0.957661211490631,1.01160097122192,1.0029284954071,1.02691102027893,0.965706467628479,0.987576603889465,1.00541698932648,0.98963475227356,0.954970002174377,0.987624168395996,1.00243735313416,0.987520754337311,0.962082207202911,1.0165684223175,1.01131236553192,1.02420771121979,1.0404
0.966285943984985,1.02857053279877,1.01056861877441,1.03125810623169,0.975650072097778,1.03728139400482,1.06673419475555,1.0851823091507,0.969341158866882,1.03307318687439,1.05781495571136,1.0823872089386,0.968765735626221,1.03031265735626,1.06396651268005,1.08866930007935,0.96882688999176,1.00557267665863,1.07013154029846,1.00797247886658,0.965080976486206,1.00561916828156,1.06306266784668,1.00552260875702,0.974742531776428,1.03801500797272,1.07771301269531,1.08067357540131,1.1094
0.974848508834839,1.04260861873627,1.03688907623291,1.05718636512756,0.97435587644577,1.03380846977234,1.09444236755371,1.10879921913147,0.966895401477814,1.03626465797424,1.08281767368317,1.10625612735748,0.966906666755676,1.03078079223633,1.09072279930115,1.11370587348938,0.968010425567627,1.01707231998444,1.09771716594696,1.01949846744537,0.962409973144531,1.01711905002594,1.09025645256042,1.01702439785004,0.973390877246857,1.03453719615936,1.10773980617523,1.10365498065948,1.142
0.99284815788269,1.04933607578278,1.0585697889328,1.07089984416962,0.998584508895874,1.04714858531952,1.11332869529724,1.12203288078308,0.991108655929565,1.04358243942261,1.10242986679077,1.11643826961517,0.990496039390564,1.04013895988464,1.11059236526489,1.12794744968414,0.979659020900726,1.01916670799255,1.11817514896393,1.02167534828186,0.985758066177368,1.01921224594116,1.10954737663269,1.0191171169281,0.997545182704926,1.04790329933167,1.12779998779297,1.11549389362335,1.1559
1.00071978569031,1.04848289489746,1.0707756280899,1.07633662223816,0.998753666877747,1.03514587879181,1.1172411441803,1.11892294883728,0.988229811191559,1.03557574748993,1.10558927059174,1.11411142349243,0.988225698471069,1.02962338924408,1.11410045623779,1.12462174892426,0.978940725326538,1.01773357391357,1.12060797214508,1.02017843723297,0.982139825820923,1.01777935028076,1.11383366584778,1.01768517494202,0.997328877449036,1.03613305091858,1.13223528862,1.11256039142609,1.1523
0.997123777866364,1.02945840358734,1.06732726097107,1.06136834621429,0.979849457740784,1.0035183429718,1.09741854667664,1.08791732788086,0.968846082687378,1.01129829883575,1.08769059181213,1.08453106880188,0.969347953796387,1.00343978404999,1.09592413902283,1.09333658218384,0.969525635242462,1.00207936763763,1.10109400749207,1.00442779064178,0.963282465934753,1.00212669372559,1.09449672698975,1.00203502178192,0.978402972221375,1.00441551208496,1.11081957817078,1.08112287521362,1.1474
0.998624980449677,1.01944446563721,1.06122207641602,1.05139017105103,0.982268571853638,1.00430202484131,1.08535981178284,1.07535028457642,0.972510933876038,1.0067036151886,1.07667458057404,1.07038795948029,0.972455859184265,1.0016188621521,1.08460009098053,1.08169150352478,0.970412969589233,0.991885721683502,1.08917629718781,0.994137048721313,0.96706748008728,0.991932332515717,1.08313632011414,0.991835713386536,0.980918765068054,1.00505864620209,1.09937965869904,1.06839227676392,1.1248
1.00433969497681,1.01526367664337,1.05727481842041,1.0453770160675,0.992616295814514,1.01582336425781,1.08451700210571,1.07783353328705,0.983305215835571,1.00841450691223,1.07433664798737,1.06980562210083,0.982675611972809,1.0065051317215,1.08247041702271,1.08397305011749,0.975657820701599,0.982498228549957,1.08767426013947,0.984783172607422,0.977635741233826,0.982542932033539,1.08119213581085,0.982441544532776,0.991230845451355,1.01659560203552,1.10025143623352,1.07093632221222,1.1053
1.00279641151428,1.01204133033752,1.05193078517914,1.0412415266037,0.987075507640839,1.0125138759613,1.07818984985352,1.07272160053253,0.976287722587585,1.00265467166901,1.06753873825073,1.06553852558136,0.975720643997192,1.00075972080231,1.07542943954468,1.07717263698578,0.971670866012573,0.974562287330627,1.08054792881012,0.977004170417786,0.970315337181091,0.974606156349182,1.07384860515594,0.974508166313171,0.985437154769897,1.01342475414276,1.09351754188538,1.06644189357758,1.0942
0.996086239814758,1.01080548763275,1.04163908958435,1.03722512722015,0.975219190120697,1.00004994869232,1.05890512466431,1.04888260364532,0.962837219238281,0.994410872459412,1.04969143867493,1.04901611804962,0.963128924369812,0.989417254924774,1.05719661712646,1.0525689125061,0.965434968471527,0.970366179943085,1.06056332588196,0.972851634025574,0.956874012947083,0.970408856868744,1.05535304546356,0.970314979553223,0.973479092121124,1.00102412700653,1.07189416885376,1.04379785060883,1.069
0.987530112266541,1.00962018966675,1.02333831787109,1.02960968017578,0.967431783676147,0.989598572254181,1.02676725387573,1.01554381847382,0.952259123325348,0.987255990505219,1.0192357301712,1.02165102958679,0.953388094902039,0.978787183761597,1.02652311325073,1.01974844932556,0.959765195846558,0.967492401599884,1.02785241603851,0.969835937023163,0.945695042610168,0.967533707618713,1.02405118942261,0.96743905544281,0.965405702590942,0.990806758403778,1.03767061233521,1.01140332221985,1.0407
0.986256659030914,1.00491666793823,1.00429463386536,1.01703202724457,0.972835421562195,0.99152410030365,1.00004434585571,0.994578897953033,0.95854377746582,0.984697580337524,0.993067860603333,0.998575091362,0.959129333496094,0.97836697101593,0.999882340431213,0.998655259609222,0.962034940719604,0.959620296955109,1.00037789344788,0.961769461631775,0.951912879943848,0.959661722183228,0.997259378433228,0.959562242031097,0.970854699611664,0.992721438407898,1.01149010658264,0.991199254989624,1.0097
0.979876518249512,0.998460590839386,0.983319878578186,1.00502777099609,0.967373609542847,0.975055813789368,0.973549604415894,0.976200342178345,0.949898719787598,0.972689211368561,0.965733170509338,0.98106724023819,0.951387822628021,0.962901055812836,0.972614407539368,0.979335010051727,0.958875119686127,0.953096091747284,0.971840262413025,0.955074071884155,0.942742824554443,0.953137755393982,0.970335721969604,0.953036665916443,0.965034008026123,0.976575553417206,0.984754264354706,0.973204612731934,0.97319
0.975845694541931,0.989666938781738,0.9620640873909,0.990369617938995,0.969756007194519,0.967513918876648,0.945431888103485,0.957805871963501,0.950239181518555,0.963793873786926,0.939275741577148,0.961896896362305,0.951928853988647,0.953068733215332,0.94563090801239,0.960806965827942,0.959117829799652,0.943940043449402,0.943775236606598,0.945864200592041,0.942450404167175,0.943981289863586,0.942256569862366,0.943880558013916,0.967118859291077,0.969330012798309,0.956000626087189,0.95351368188858,0.94705
0.971601128578186,0.976231932640076,0.938569366931915,0.968716979026794,0.968173861503601,0.95124077796936,0.912258207798004,0.921981513500214,0.947713732719421,0.948561728000641,0.907175958156586,0.927915632724762,0.949649274349213,0.936491727828979,0.912864327430725,0.924903690814972,0.957459270954132,0.930815637111664,0.908742845058441,0.932475924491882,0.939642786979675,0.930856466293335,0.909653782844543,0.930750012397766,0.965438961982727,0.953203022480011,0.921842813491821,0.918593287467957,0.91999
0.967988252639771,0.96590667963028,0.914162218570709,0.949998199939728,0.969326317310333,0.939294695854187,0.882208108901978,0.894659459590912,0.946573615074158,0.937446594238281,0.87808895111084,0.903221487998962,0.948863506317139,0.923859715461731,0.883559346199036,0.898287653923035,0.957221984863281,0.921165883541107,0.877815186977386,0.922672748565674,0.937880635261536,0.921206653118134,0.879737138748169,0.921098232269287,0.966281592845917,0.941492676734924,0.890580654144287,0.891072928905487,0.89962
0.962875962257385,0.956855714321136,0.89225971698761,0.933488249778748,0.96834272146225,0.926890790462494,0.858827292919159,0.870023369789124,0.942534267902374,0.927419126033783,0.855038106441498,0.880227029323578,0.945438206195831,0.911736369132996,0.860402584075928,0.873477876186371,0.955882966518402,0.913814663887024,0.853235304355621,0.915169477462769,0.933131217956543,0.913855910301208,0.856413125991821,0.913746535778046,0.964909315109253,0.929349958896637,0.866937398910522,0.866413950920105,0.88642
0.958773672580719,0.950328946113586,0.873762965202332,0.920593023300171,0.968312501907349,0.919651925563812,0.841173112392426,0.852879822254181,0.94128155708313,0.921857953071594,0.8378084897995,0.863093972206116,0.944427371025085,0.90534245967865,0.843317270278931,0.85608446598053,0.956224203109741,0.909292638301849,0.835181653499603,0.910508573055267,0.931700885295868,0.909334659576416,0.838819622993469,0.909224808216095,0.964710414409637,0.922202944755554,0.849710941314697,0.848805546760559,0.87229
