small_1,small_de_2,all_3,all_de_4,small_5,small_de_6,all_7,all_de_8,small_9,small_de_10,all_11,all_de_12,small_13,small_de_14,all_15,all_de_16,small_17,small_de_18,all_19,all_de_20,small_21,small_de_22,all_23,all_de_24,small_25,small_de_26,all_27,all_de_28,original
0.969169139862061,0.909937977790833,0.823163688182831,0.866214752197266,0.956331849098206,0.909293591976166,0.830762147903442,0.871669232845306,0.946247100830078,0.909681499004364,0.834164679050446,0.866333484649658,0.965947389602661,0.910898387432098,0.813992619514465,0.873889267444611,0.950409770011902,0.908879637718201,0.843333959579468,0.873153388500214,0.947830557823181,0.907777845859528,0.844885170459747,0.845897734165192,0.958530604839325,0.9094318151474,0.830934643745422,0.855911195278168,0.86727
0.970858216285706,0.909510493278503,0.815659999847412,0.860396385192871,0.958961606025696,0.908874869346619,0.823036372661591,0.86603707075119,0.949394226074219,0.909255921840668,0.826630771160126,0.86080265045166,0.967983722686768,0.910433948040009,0.806172728538513,0.868867933750153,0.953354358673096,0.908458113670349,0.83628261089325,0.868306636810303,0.950905442237854,0.907437205314636,0.839840173721313,0.840130507946014,0.960932850837708,0.909016013145447,0.823334217071533,0.850713312625885,0.85528
0.981053709983826,0.92542964220047,0.832474708557129,0.879385709762573,0.970939218997955,0.924807071685791,0.840511441230774,0.8849778175354,0.962092518806458,0.925169169902802,0.843815982341766,0.879670560359955,0.978912711143494,0.926320672035217,0.822295069694519,0.888037204742432,0.965707361698151,0.92437618970871,0.852789640426636,0.887328326702118,0.963413834571838,0.923529744148254,0.855878591537476,0.859202265739441,0.972483098506927,0.924960196018219,0.841400384902954,0.87026846408844,0.85152
0.987924933433533,0.941710531711578,0.85099470615387,0.89970988035202,0.978922963142395,0.941096365451813,0.858283579349518,0.904657483100891,0.970484733581543,0.941444575786591,0.860742688179016,0.898575365543365,0.98625659942627,0.942586719989777,0.840459704399109,0.907512128353119,0.973891198635101,0.940654993057251,0.868692636489868,0.905957520008087,0.971679985523224,0.939925670623779,0.87140691280365,0.879219830036163,0.980200946331024,0.941258370876312,0.859649062156677,0.890844702720642,0.85568
0.995062828063965,0.972907423973083,0.898182809352875,0.962585926055908,0.98625773191452,0.972285151481628,0.908105492591858,0.967857480049133,0.977734923362732,0.972629904747009,0.910365283489227,0.960630118846893,0.993517518043518,0.973841607570648,0.886147618293762,0.970434308052063,0.981124639511108,0.971834421157837,0.917546629905701,0.968131065368652,0.978873014450073,0.971089422702789,0.915340900421143,0.937819063663483,0.987490236759186,0.972451329231262,0.910983920097351,0.953667640686035,0.88297
0.979213118553162,0.986326277256012,0.938999116420746,1.00663936138153,0.970567464828491,0.985702633857727,0.951527118682861,1.01169574260712,0.962039232254028,0.986055374145508,0.953617632389069,1.00445163249969,0.978031754493713,0.987292408943176,0.926012456417084,1.01488447189331,0.965562045574188,0.985277235507965,0.959100127220154,1.01141595840454,0.963183224201202,0.984219908714294,0.951202988624573,0.978835105895996,0.971822679042816,0.985831022262573,0.955289840698242,0.997516095638275,0.94939
0.979227662086487,1.02507019042969,0.997714817523956,1.07339417934418,0.97240424156189,1.0244607925415,1.01592779159546,1.07972061634064,0.964675664901733,1.0247997045517,1.01716208457947,1.07424175739288,0.978926062583923,1.02600979804993,0.983155071735382,1.08214282989502,0.967918694019318,1.02403795719147,1.02173340320587,1.08029162883759,0.965656280517578,1.0229823589325,1.00537288188934,1.04731440544128,0.973254382610321,1.02457928657532,1.0194445848465,1.06521093845367,1.037
0.978208184242249,1.0193784236908,1.02597403526306,1.09365463256836,0.969675660133362,1.01876783370972,1.04603409767151,1.10003054141998,0.961676597595215,1.01912498474121,1.04702317714691,1.09395349025726,0.976864099502563,1.02025604248047,1.00951886177063,1.10133469104767,0.965073049068451,1.01835668087006,1.05414271354675,1.09928631782532,0.962887942790985,1.01733040809631,1.0323338508606,1.06441378593445,0.970887064933777,1.01889133453369,1.05010116100311,1.08422946929932,1.1068
0.972660183906555,1.01820349693298,1.02572214603424,1.09237849712372,0.963811993598938,1.01760101318359,1.04750883579254,1.09874248504639,0.955748200416565,1.01795876026154,1.050421833992,1.09622383117676,0.971198439598083,1.01905560493469,1.00838696956635,1.10257649421692,0.959213614463806,1.01720535755157,1.0588036775589,1.10123682022095,0.957010269165039,1.01609289646149,1.03714311122894,1.06700801849365,0.965104758739471,1.0177116394043,1.05023241043091,1.08319497108459,1.1397
0.987603187561035,1.03346765041351,1.05819320678711,1.1138197183609,0.979465484619141,1.03287088871002,1.08425629138947,1.12111055850983,0.971355557441711,1.03321301937103,1.08616471290588,1.12115561962128,0.986569762229919,1.03435134887695,1.04126048088074,1.12515592575073,0.974756360054016,1.03246974945068,1.09342193603516,1.12426769733429,0.972471952438354,1.03135716915131,1.06824135780334,1.09637820720673,0.980603873729706,1.03298139572144,1.08575868606567,1.1059136390686,1.1451
1.01211786270142,1.04919099807739,1.08801078796387,1.16600430011749,1.00296711921692,1.04858112335205,1.11922335624695,1.17308294773102,0.994089722633362,1.04891991615295,1.12000274658203,1.16760468482971,1.01060044765472,1.05014729499817,1.06926012039185,1.17528760433197,0.997649729251862,1.04816126823425,1.12743067741394,1.17337048053741,0.995203673839569,1.04711675643921,1.09952425956726,1.13612496852875,1.00432252883911,1.0487117767334,1.12464451789856,1.1557412147522,1.1522
1.03705203533173,1.04039967060089,1.03514337539673,1.08434772491455,1.02683484554291,1.03977966308594,1.05467653274536,1.09021198749542,1.01759886741638,1.04012715816498,1.05923199653625,1.08731234073639,1.03487658500671,1.04132008552551,1.01740479469299,1.09313595294952,1.0212574005127,1.03933596611023,1.06937658786774,1.09409308433533,1.01878476142883,1.03856348991394,1.05536067485809,1.06241619586945,1.02841579914093,1.03994297981262,1.05530297756195,1.07528936862946,1.155
1.04700148105621,1.04345273971558,1.02348065376282,1.06030035018921,1.03617739677429,1.04282093048096,1.04027950763702,1.06610882282257,1.026291847229,1.04316771030426,1.04468488693237,1.06532227993011,1.04473030567169,1.04443550109863,1.00704610347748,1.07016384601593,1.03015005588531,1.04236447811127,1.05385673046112,1.07132422924042,1.02745676040649,1.04159188270569,1.04282808303833,1.04318952560425,1.03792071342468,1.04299068450928,1.03929936885834,1.05250072479248,1.1413
1.03353583812714,1.03599548339844,1.01161086559296,1.0495091676712,1.02199006080627,1.03535401821136,1.02837181091309,1.05554485321045,1.01141238212585,1.03570353984833,1.03128337860107,1.05489528179169,1.03123223781586,1.03705036640167,0.996357500553131,1.05985379219055,1.01554465293884,1.03490209579468,1.03952980041504,1.06026518344879,1.01260757446289,1.03396093845367,1.02716362476349,1.03359413146973,1.02393686771393,1.03551125526428,1.02865743637085,1.04272365570068,1.1242
1.01015090942383,1.01372492313385,0.983460128307343,1.02209365367889,0.997829675674438,1.01308834552765,0.997025609016418,1.02806985378265,0.987012505531311,1.0134437084198,1.00067257881165,1.02676594257355,1.00752747058868,1.01474273204803,0.969014048576355,1.0312625169754,0.99128645658493,1.01264905929565,1.01014161109924,1.03243565559387,0.988332271575928,1.01167273521423,0.998218178749084,1.00570344924927,0.999955296516418,1.01324009895325,0.997164726257324,1.01505935192108,1.1141
1.01409864425659,1.02478551864624,0.991076469421387,1.02174496650696,1.00215458869934,1.02414691448212,1.00466930866241,1.02646839618683,0.991279363632202,1.02449524402618,1.00887024402618,1.0254772901535,1.0117301940918,1.02581143379211,0.976451218128204,1.02963638305664,0.995531499385834,1.02369022369385,1.01731812953949,1.03013372421265,0.992522954940796,1.02284038066864,1.00344097614288,1.00645852088928,1.00420010089874,1.02431178092957,1.00514197349548,1.01458406448364,1.0989
1.00009679794312,1.01215624809265,0.972809076309204,1.00991594791412,0.9850834608078,1.0114814043045,0.989233791828156,1.01501500606537,0.972527027130127,1.0118590593338,0.99168598651886,1.01103699207306,0.996626615524292,1.0133353471756,0.958295047283173,1.01786160469055,0.977453172206879,1.01103794574738,0.999773383140564,1.01642668247223,0.97402149438858,1.00981462001801,0.986215114593506,0.988709986209869,0.987874150276184,1.01162683963776,0.990285515785217,1.00153243541718,1.0752
0.992945671081543,0.990098595619202,0.942010760307312,0.990025162696838,0.975912570953369,0.98940497636795,0.960649430751801,0.995487332344055,0.962640523910522,0.989805161952972,0.962112843990326,0.988063275814056,0.988472700119019,0.991322100162506,0.927529454231262,0.997421503067017,0.967863380908966,0.988971173763275,0.970653891563416,0.995041906833649,0.964355647563934,0.987606525421143,0.957187294960022,0.959280371665955,0.979154050350189,0.989546954631805,0.963948607444763,0.979582011699677,1.0475
0.980302572250366,0.964751899242401,0.922661542892456,0.970970392227173,0.962368726730347,0.964055359363556,0.942411243915558,0.9759401679039,0.949106216430664,0.96447080373764,0.943158566951752,0.966647803783417,0.975270509719849,0.965947568416595,0.909148454666138,0.977338314056396,0.954403400421143,0.963634788990021,0.951532363891602,0.972499549388885,0.950987339019775,0.962211787700653,0.936272144317627,0.93617182970047,0.965802073478699,0.964192390441895,0.947151184082031,0.958586156368256,1.0312
0.958593368530273,0.928013503551483,0.863834261894226,0.920781970024109,0.940132081508636,0.927319347858429,0.884085237979889,0.926828980445862,0.927128434181213,0.927752375602722,0.884630024433136,0.917350649833679,0.953229069709778,0.929155290126801,0.852190852165222,0.929246068000793,0.93246853351593,0.926923036575317,0.893766760826111,0.923922419548035,0.929172277450562,0.9253790974617,0.883263230323792,0.885187327861786,0.943687200546265,0.92743968963623,0.888184070587158,0.908149421215057,1.0614
0.949755311012268,0.902190506458282,0.834029614925385,0.895772039890289,0.928244709968567,0.901454389095306,0.855920433998108,0.903505682945251,0.913654923439026,0.901922047138214,0.857753992080688,0.895429849624634,0.943265557289124,0.903513073921204,0.823299705982208,0.906536102294922,0.919653117656708,0.901076316833496,0.868168473243713,0.903032720088959,0.915953814983368,0.899070262908936,0.858502626419067,0.860539972782135,0.932542264461517,0.901549220085144,0.859500408172607,0.883009254932404,0.9433
0.956689715385437,0.903662621974945,0.825304865837097,0.898468613624573,0.937865972518921,0.902956485748291,0.848474979400635,0.906713962554932,0.924643516540527,0.903398096561432,0.850994110107422,0.899608850479126,0.951227068901062,0.904865264892578,0.814652621746063,0.909811198711395,0.930081188678741,0.902566075325012,0.86183750629425,0.908008933067322,0.926714956760406,0.900862812995911,0.853038966655731,0.865868389606476,0.941515564918518,0.903066158294678,0.852647423744202,0.885745406150818,0.92464
0.946140050888062,0.885398805141449,0.807430386543274,0.894050419330597,0.929009735584259,0.884726285934448,0.830722093582153,0.902735590934753,0.917022585868835,0.885154545307159,0.833614766597748,0.893782198429108,0.941234230995178,0.886435806751251,0.796273410320282,0.906111776828766,0.922060191631317,0.884344279766083,0.845564126968384,0.904211819171906,0.919035196304321,0.882838249206543,0.840579986572266,0.857828199863434,0.932247281074524,0.884835422039032,0.835695385932922,0.880905151367188,0.84328
0.962737560272217,0.903163254261017,0.807474255561829,0.898498356342316,0.948007225990295,0.902516007423401,0.830507278442383,0.907348215579987,0.93704092502594,0.902913451194763,0.833663940429688,0.899501323699951,0.958765625953674,0.904117465019226,0.79592090845108,0.91172468662262,0.94158524274826,0.9021115899086,0.845353364944458,0.910627126693726,0.93880033493042,0.900936126708984,0.843415141105652,0.865011751651764,0.950661182403564,0.902646899223328,0.834928154945374,0.887137949466705,0.82384
