small_1,small_de_2,all_3,all_de_4,small_5,small_de_6,all_7,all_de_8,small_9,small_de_10,all_11,all_de_12,small_13,small_de_14,all_15,all_de_16,small_17,small_de_18,all_19,all_de_20,small_21,small_de_22,all_23,all_de_24,small_25,small_de_26,all_27,all_de_28,original
0.960290729999542,0.893414497375488,0.841981828212738,0.842069327831268,0.952764332294464,0.895410716533661,0.832881212234497,0.839216351509094,0.935575485229492,0.899624109268188,0.883591651916504,0.840405881404877,0.944389581680298,0.895991444587708,0.841368496417999,0.844599723815918,0.945431232452393,0.906207978725433,0.871156394481659,0.9061678647995,0.934080362319946,0.906206667423248,0.844546675682068,0.906025886535645,0.954371988773346,0.893068253993988,0.824608325958252,0.834767639636993,0.86727
0.962571024894714,0.893713176250458,0.8355593085289,0.83719938993454,0.95555192232132,0.895667374134064,0.825286328792572,0.833869457244873,0.938398897647858,0.898214399814606,0.879537105560303,0.835148751735687,0.945587158203125,0.894894242286682,0.833911418914795,0.839031457901001,0.94640576839447,0.903460681438446,0.866327285766602,0.903413414955139,0.936205804347992,0.903457224369049,0.837353944778442,0.903258085250854,0.95707106590271,0.89337831735611,0.817153513431549,0.829882681369781,0.85528
0.972963094711304,0.910784840583801,0.850005805492401,0.855416119098663,0.967773377895355,0.913022577762604,0.839965999126434,0.850328922271729,0.948842465877533,0.905569970607758,0.887313723564148,0.852377593517303,0.949831128120422,0.903440594673157,0.847577810287476,0.852347671985626,0.950028300285339,0.904094994068146,0.875265181064606,0.904054760932922,0.94389796257019,0.904075562953949,0.849530220031738,0.903998136520386,0.969213604927063,0.910472989082336,0.833375036716461,0.846935331821442,0.85152
0.97981870174408,0.92780613899231,0.866649210453033,0.876174211502075,0.975899875164032,0.930277705192566,0.856732428073883,0.871746301651001,0.955649852752686,0.915057599544525,0.897271037101746,0.872943520545959,0.952377617359161,0.913826763629913,0.863577783107758,0.872932910919189,0.952396512031555,0.908413827419281,0.888699173927307,0.908388555049896,0.948923707008362,0.908381462097168,0.866418659687042,0.908442854881287,0.977307319641113,0.927514791488647,0.850360572338104,0.868819415569305,0.85568
0.986368775367737,0.958439350128174,0.913745164871216,0.936049997806549,0.98322856426239,0.961352229118347,0.905172348022461,0.928167283535004,0.961390554904938,0.938628911972046,0.923717021942139,0.931895792484283,0.955176472663879,0.938065469264984,0.910976111888885,0.925103187561035,0.954379320144653,0.927453756332397,0.918545246124268,0.927464604377747,0.953030705451965,0.927411198616028,0.909508347511292,0.927689731121063,0.984677374362946,0.958132147789001,0.900619745254517,0.925195515155792,0.88297
0.971736192703247,0.971357822418213,0.955400168895721,0.977878332138062,0.967499256134033,0.973260283470154,0.9501051902771,0.971376597881317,0.952398002147675,0.960603594779968,0.950189292430878,0.97461062669754,0.950728297233582,0.959806084632874,0.95449298620224,0.969537973403931,0.953851282596588,0.954974830150604,0.948633849620819,0.955010056495667,0.949946522712708,0.954951643943787,0.950621485710144,0.955259919166565,0.969042181968689,0.97116619348526,0.944352269172668,0.965934276580811,0.94939
0.972954154014587,1.01110112667084,1.0077942609787,1.04192864894867,0.969574987888336,1.01261210441589,1.00696277618408,1.03164100646973,0.956978917121887,0.997348725795746,0.981288611888885,1.03740704059601,0.952732682228088,0.997445404529572,1.01028442382812,1.02557408809662,0.956861615180969,0.989170789718628,0.98110294342041,0.989229023456573,0.955252110958099,0.989144146442413,0.999053955078125,0.989580690860748,0.971052408218384,1.01100611686707,1.00349473953247,1.02562260627747,1.037
0.972157061100006,1.0053037405014,1.03197455406189,1.06318759918213,0.966741323471069,1.00652956962585,1.03589963912964,1.05006814002991,0.952834606170654,1.00529778003693,0.993072688579559,1.05956590175629,0.95426607131958,1.00344407558441,1.0376455783844,1.04468441009521,0.953614890575409,1.0065940618515,0.992633521556854,1.00665843486786,0.949644446372986,1.00658428668976,1.02066922187805,1.00694346427917,0.968069553375244,1.00514698028564,1.03210496902466,1.04462957382202,1.1068
0.966959357261658,1.00450301170349,1.03669321537018,1.06671464443207,0.960842728614807,1.00502336025238,1.04291820526123,1.05095088481903,0.948517024517059,1.01172578334808,0.994573354721069,1.06389570236206,0.952460289001465,1.00936341285706,1.0426869392395,1.04336297512054,0.952402353286743,1.01758050918579,0.989780843257904,1.01762056350708,0.946879982948303,1.01757669448853,1.02015066146851,1.0177960395813,0.962171733379364,1.00444638729095,1.03977429866791,1.04418444633484,1.1397
0.981019675731659,1.02009856700897,1.05779647827148,1.08962249755859,0.976519346237183,1.020672082901,1.06959974765778,1.06774473190308,0.961905360221863,1.0192643404007,1.00601446628571,1.08605527877808,0.959610342979431,1.01800262928009,1.06601452827454,1.05550181865692,0.957579612731934,1.01957309246063,1.00020337104797,1.0196248292923,0.9571692943573,1.01955211162567,1.03970336914062,1.01990652084351,0.977925181388855,1.02013516426086,1.06584846973419,1.06307101249695,1.1451
1.00330877304077,1.03498554229736,1.08410835266113,1.12913548946381,0.999841094017029,1.03647530078888,1.09735035896301,1.09826648235321,0.978661715984344,1.02399659156799,1.01754283905029,1.12178456783295,0.970739722251892,1.02328968048096,1.09110713005066,1.07566916942596,0.962143182754517,1.01809203624725,1.01075899600983,1.01815235614777,0.967290341854095,1.01805138587952,1.06001210212708,1.01864278316498,1.00133240222931,1.03496015071869,1.09576964378357,1.09556365013123,1.1522
1.02747762203217,1.02599990367889,1.04393589496613,1.06116557121277,1.02362453937531,1.02863919734955,1.04593682289124,1.0439932346344,0.997789561748505,1.01062512397766,1.00160551071167,1.05776047706604,0.987696051597595,1.00957298278809,1.04730463027954,1.03438210487366,0.967673301696777,1.00239789485931,0.996616780757904,1.00244498252869,0.979095697402954,1.00235843658447,1.02786767482758,1.00278759002686,1.0250096321106,1.02572345733643,1.04215455055237,1.040198802948,1.155
1.03613674640656,1.02829539775848,1.03913974761963,1.04169106483459,1.03279566764832,1.03156793117523,1.03748643398285,1.03120744228363,1.00539302825928,1.00494873523712,1.00634145736694,1.04060888290405,0.992678880691528,1.00458717346191,1.04212021827698,1.02730011940002,0.970840573310852,0.991660118103027,1.00473845005035,0.991729736328125,0.985073745250702,0.99161285161972,1.02951300144196,0.992105305194855,1.03433775901794,1.02795481681824,1.03232669830322,1.0258424282074,1.1413
1.02186918258667,1.01993787288666,1.03202199935913,1.03256773948669,1.01839315891266,1.02313876152039,1.02831041812897,1.02504432201385,0.993286371231079,0.995679259300232,1.00733757019043,1.03145563602448,0.982730031013489,0.995568811893463,1.03547620773315,1.0238926410675,0.967642426490784,0.981815814971924,1.00744080543518,0.981902062892914,0.977792024612427,0.981768012046814,1.02731704711914,0.982321798801422,1.02018332481384,1.01963722705841,1.0221027135849,1.01955664157867,1.1242
0.998674750328064,0.997890830039978,1.00600969791412,1.00668013095856,0.994128406047821,1.00058972835541,0.99847400188446,1.0031670331955,0.971651554107666,0.982201218605042,0.993472218513489,1.00566589832306,0.967126607894897,0.981175005435944,1.00844788551331,1.0052205324173,0.959748685359955,0.973991632461548,0.992123782634735,0.974063575267792,0.96197247505188,0.973952651023865,1.00312042236328,0.97440779209137,0.995991289615631,0.997628629207611,0.992412924766541,0.996645212173462,1.1141
1.00210380554199,1.00907444953918,1.00065398216248,1.00339436531067,0.9984530210495,1.01243257522583,0.996675491333008,0.999159216880798,0.975178360939026,0.983943045139313,0.988210022449493,1.00173354148865,0.96779191493988,0.983822047710419,1.00381684303284,1.00126981735229,0.961283326148987,0.969517827033997,0.98622077703476,0.969593286514282,0.964971482753754,0.969469726085663,0.996136486530304,0.969957888126373,1.00038683414459,1.00873529911041,0.990302622318268,0.993312060832977,1.0989
0.986328482627869,0.993433952331543,0.984732389450073,0.987595558166504,0.980858981609344,0.996864378452301,0.982288718223572,0.985463201999664,0.958685636520386,0.975592136383057,0.974872469902039,0.987352132797241,0.958166480064392,0.974371194839478,0.987072050571442,0.990151047706604,0.955652236938477,0.966681480407715,0.971702694892883,0.966749131679535,0.95302402973175,0.966648280620575,0.978917300701141,0.967053234577179,0.983111262321472,0.993040800094604,0.974282026290894,0.978695392608643,1.0752
0.978561162948608,0.969867885112762,0.960691928863525,0.960752189159393,0.971455037593842,0.973305284976959,0.955982565879822,0.959797203540802,0.94836413860321,0.961193919181824,0.957371890544891,0.960079669952393,0.953363537788391,0.958530306816101,0.962372481822968,0.963899910449982,0.950659275054932,0.958919823169708,0.951890349388123,0.958960473537445,0.943611621856689,0.958900034427643,0.95250415802002,0.959138751029968,0.973731696605682,0.96940678358078,0.950375199317932,0.951395273208618,1.0475
0.966724157333374,0.944206535816193,0.935608088970184,0.935770869255066,0.957878410816193,0.947268962860107,0.934980273246765,0.933236420154572,0.936392486095428,0.946730971336365,0.939981281757355,0.935504734516144,0.947688221931458,0.942680299282074,0.938976466655731,0.938643097877502,0.945662975311279,0.952062427997589,0.932671189308167,0.952091991901398,0.93388295173645,0.952058732509613,0.92876660823822,0.952136099338531,0.960055232048035,0.943721234798431,0.927412688732147,0.924946665763855,1.0312
0.94673228263855,0.907433927059174,0.884302198886871,0.885619163513184,0.935663044452667,0.909616529941559,0.88190495967865,0.883763074874878,0.918903052806854,0.926738619804382,0.908027529716492,0.886174142360687,0.938775658607483,0.92096734046936,0.886775195598602,0.89123260974884,0.939633131027222,0.94314306974411,0.895487546920776,0.94313108921051,0.921408534049988,0.943164646625519,0.879146814346313,0.942943274974823,0.937724411487579,0.906969785690308,0.873007237911224,0.87469083070755,1.0614
0.936444163322449,0.878077566623688,0.856780171394348,0.858899235725403,0.923279643058777,0.880235016345978,0.85492992401123,0.850904643535614,0.907708585262299,0.906904101371765,0.889932870864868,0.858363509178162,0.93439781665802,0.899789929389954,0.860241115093231,0.856394469738007,0.936039924621582,0.930386245250702,0.871105313301086,0.93034964799881,0.913392663002014,0.930426120758057,0.851352572441101,0.930026113986969,0.925601005554199,0.877568423748016,0.845162153244019,0.842639982700348,0.9433
0.944688379764557,0.882042586803436,0.839782655239105,0.858265161514282,0.933327198028564,0.884170293807983,0.840257287025452,0.841755986213684,0.917195737361908,0.903332948684692,0.876625061035156,0.854698479175568,0.938069462776184,0.897360563278198,0.843618631362915,0.840930759906769,0.939328551292419,0.921202182769775,0.852860450744629,0.921150982379913,0.920510470867157,0.921228647232056,0.832007467746735,0.920846819877625,0.935436725616455,0.881581425666809,0.831447124481201,0.836933851242065,0.92464
0.936371207237244,0.86635023355484,0.825808107852936,0.853339850902557,0.924813330173492,0.867660582065582,0.826112985610962,0.833494782447815,0.911670088768005,0.893611013889313,0.865036487579346,0.848827421665192,0.934236526489258,0.887474954128265,0.827782452106476,0.829305827617645,0.937440752983093,0.914707660675049,0.838208794593811,0.914640307426453,0.916850328445435,0.914740979671478,0.815746068954468,0.914320230484009,0.926680147647858,0.86597090959549,0.816915929317474,0.829826653003693,0.84328
0.953217267990112,0.886334359645844,0.82782781124115,0.859967529773712,0.944157481193542,0.888043940067291,0.824782013893127,0.839435338973999,0.927852749824524,0.899276196956635,0.86549311876297,0.853791832923889,0.941630959510803,0.894905745983124,0.827290415763855,0.830699682235718,0.942745208740234,0.910378992557526,0.838112831115723,0.910300970077515,0.928300261497498,0.910388708114624,0.814459919929504,0.910077095031738,0.945883870124817,0.885983049869537,0.819041669368744,0.836042404174805,0.82384
