small_1,small_de_2,all_3,all_de_4,small_5,small_de_6,all_7,all_de_8,small_9,small_de_10,all_11,all_de_12,small_13,small_de_14,all_15,all_de_16,small_17,small_de_18,all_19,all_de_20,small_21,small_de_22,all_23,all_de_24,small_25,small_de_26,all_27,all_de_28,original
0.750226497650146,0.828303754329681,0.631847202777863,0.743294179439545,0.957968175411224,0.897286832332611,0.831283152103424,0.844689846038818,0.940163016319275,0.89893639087677,0.863517105579376,0.847589254379272,0.942897140979767,0.893489360809326,0.846262872219086,0.848463952541351,0.929839730262756,0.90624475479126,0.834786891937256,0.906121432781219,0.93245267868042,0.906199872493744,0.866220235824585,0.906170725822449,0.957087993621826,0.894515693187714,0.82606053352356,0.838224768638611,0.86727
0.826507568359375,0.850979387760162,0.740529835224152,0.791416168212891,0.960430026054382,0.897447347640991,0.824317276477814,0.839682519435883,0.942264139652252,0.897643566131592,0.857270956039429,0.842235565185547,0.94606626033783,0.892785549163818,0.839244246482849,0.843066275119781,0.933165788650513,0.903496265411377,0.827658414840698,0.903354167938232,0.935661196708679,0.903451681137085,0.86027991771698,0.903420150279999,0.959625005722046,0.894798457622528,0.818690657615662,0.833209455013275,0.85528
0.881504476070404,0.872230350971222,0.803067028522491,0.828784465789795,0.971699833869934,0.91449099779129,0.839644014835358,0.855420708656311,0.950171530246735,0.905509948730469,0.867420852184296,0.858289122581482,0.958187222480774,0.903084993362427,0.851299703121185,0.8603875041008,0.945288598537445,0.904129028320312,0.841107606887817,0.903993785381317,0.947483420372009,0.90407520532608,0.868930816650391,0.904049515724182,0.97120726108551,0.912172675132751,0.834111452102661,0.851092994213104,0.85152
0.920566618442535,0.893078625202179,0.843535125255585,0.860531985759735,0.979182660579681,0.93151330947876,0.856606066226959,0.875802338123322,0.955236196517944,0.915374994277954,0.881296992301941,0.877960801124573,0.966131567955017,0.914823949337006,0.867396295070648,0.879483580589294,0.953252673149109,0.90844714641571,0.857976198196411,0.90834379196167,0.955229461193085,0.908385038375854,0.882001996040344,0.908367872238159,0.978911399841309,0.929447293281555,0.851401805877686,0.872444450855255,0.85568
0.948852896690369,0.925619781017303,0.88404381275177,0.907414853572845,0.986184179782867,0.962488651275635,0.906611382961273,0.931542456150055,0.959885478019714,0.939322769641876,0.918787002563477,0.935998857021332,0.972895622253418,0.940073192119598,0.911658585071564,0.939688801765442,0.959660232067108,0.927486598491669,0.905017793178558,0.927443206310272,0.961600661277771,0.927418112754822,0.916605830192566,0.927416026592255,0.986057698726654,0.960457444190979,0.901435434818268,0.930149495601654,0.88297
0.957858562469482,0.959146857261658,0.922739207744598,0.954847931861877,0.970894277095795,0.97460275888443,0.951034545898438,0.974789619445801,0.952509582042694,0.960895299911499,0.955583810806274,0.979234397411346,0.958420991897583,0.960849821567535,0.953817665576935,0.983351230621338,0.949433088302612,0.955003201961517,0.948635578155518,0.955048203468323,0.95048725605011,0.954959809780121,0.951490640640259,0.954968690872192,0.970606088638306,0.972761154174805,0.945829033851624,0.971273362636566,0.94939
0.9645956158638,0.998058974742889,0.963521122932434,1.00925934314728,0.972408831119537,1.01377701759338,1.00903367996216,1.03375244140625,0.955904722213745,0.997818112373352,0.997639119625092,1.04154944419861,0.961385250091553,0.999484181404114,1.00302219390869,1.04768121242523,0.95469856262207,0.989195764064789,1.00303268432617,0.989292442798615,0.955046474933624,0.989157319068909,0.990045666694641,0.989176213741302,0.972270727157593,1.01237893104553,1.00434350967407,1.03377389907837,1.037
0.964084148406982,1.0150158405304,0.989903330802917,1.03671884536743,0.97057056427002,1.00800824165344,1.03823292255402,1.05235373973846,0.954299807548523,1.00496435165405,1.01713049411774,1.06433439254761,0.958837270736694,1.00298583507538,1.02706634998322,1.0700249671936,0.948921263217926,1.00662446022034,1.03122079372406,1.00671374797821,0.950466096401215,1.00658714771271,1.0092648267746,1.00660574436188,0.970026433467865,1.00614583492279,1.03563559055328,1.0537269115448,1.1068
0.961324393749237,1.0236554145813,1.00032269954681,1.05017125606537,0.964989960193634,1.00656831264496,1.04518067836761,1.0548632144928,0.95095419883728,1.01086628437042,1.01850891113281,1.06879317760468,0.953321218490601,1.0081844329834,1.02967965602875,1.07842290401459,0.943953990936279,1.01761305332184,1.03460383415222,1.0176557302475,0.945478916168213,1.01757776737213,1.00953805446625,1.01759433746338,0.964323043823242,1.00491714477539,1.04192960262299,1.05540454387665,1.1397
0.967715084552765,1.02614343166351,1.0146963596344,1.06015348434448,0.979954481124878,1.02196168899536,1.07226800918579,1.06994557380676,0.962035179138184,1.01868855953217,1.03447127342224,1.0877058506012,0.968106508255005,1.01851117610931,1.04920661449432,1.1011928319931,0.958676338195801,1.01960635185242,1.05993139743805,1.01962041854858,0.959970355033875,1.01955878734589,1.02227234840393,1.01957499980927,0.979588270187378,1.02076935768127,1.06942582130432,1.0791609287262,1.1451
0.981327772140503,1.02803993225098,1.03129708766937,1.07622897624969,1.00300168991089,1.03762197494507,1.10194373130798,1.09887933731079,0.977100014686584,1.02385663986206,1.05167388916016,1.11970353126526,0.989436984062195,1.02504980564117,1.07060980796814,1.13858795166016,0.976349949836731,1.01812875270844,1.08499050140381,1.01814126968384,0.978440046310425,1.01805984973907,1.03760480880737,1.01808059215546,1.00281739234924,1.03633832931519,1.10018646717072,1.11559820175171,1.1522
0.999616503715515,1.01697862148285,1.02433407306671,1.05744588375092,1.0270688533783,1.02983963489532,1.04967558383942,1.04768884181976,0.996136903762817,1.01099061965942,1.02557277679443,1.06107127666473,1.01247143745422,1.01098823547363,1.03623902797699,1.0692286491394,0.995155096054077,1.00243306159973,1.04056870937347,1.00244057178497,0.998506188392639,1.00236308574677,1.01689517498016,1.00238025188446,1.0267721414566,1.0278252363205,1.04496455192566,1.05059278011322,1.155
1.01556706428528,1.0119423866272,1.0252480506897,1.04475927352905,1.03613579273224,1.03269815444946,1.03972339630127,1.03554916381836,1.00295984745026,1.0058376789093,1.02901029586792,1.04583084583282,1.020587682724,1.006955742836,1.03571319580078,1.05004715919495,1.00305843353271,0.991693139076233,1.03476762771606,0.991750597953796,1.00639796257019,0.991620659828186,1.02127993106842,0.991647005081177,1.03595626354218,1.03057277202606,1.03386807441711,1.03327465057373,1.1413
1.01887440681458,1.00590360164642,1.0249330997467,1.03458678722382,1.02189815044403,1.02430605888367,1.03030097484589,1.02840566635132,0.991429388523102,0.99659788608551,1.02853584289551,1.03722989559174,1.00573313236237,0.998175084590912,1.0320702791214,1.03887844085693,0.990680336952209,0.981848061084747,1.02885603904724,0.981950163841248,0.99333667755127,0.981778144836426,1.0214319229126,0.981808006763458,1.02175343036652,1.02226269245148,1.02393054962158,1.02561497688293,1.1242
1.00975894927979,0.998141586780548,1.01127052307129,1.01992249488831,0.998144030570984,1.00189197063446,1.00054895877838,1.00693714618683,0.971710801124573,0.98255866765976,1.00798940658569,1.01365685462952,0.981846570968628,0.982571601867676,1.00714731216431,1.01255238056183,0.96817547082901,0.974026918411255,1.00095129013062,0.974126160144806,0.970556974411011,0.973958373069763,1.00296103954315,0.973982989788055,0.997832655906677,0.999826014041901,0.993938207626343,0.999841034412384,1.1141
1.00842571258545,0.996977210044861,1.00198841094971,1.01185178756714,1.00207567214966,1.01357388496399,0.997586011886597,1.00293171405792,0.974074602127075,0.984955966472626,1.00118446350098,1.00963962078094,0.985683083534241,0.986441493034363,1.00012016296387,1.0084730386734,0.972448170185089,0.969549715518951,0.996001243591309,0.969654500484467,0.974556565284729,0.969479262828827,0.994861841201782,0.969507277011871,1.0019394159317,1.01144909858704,0.99198180437088,0.99711936712265,1.0989
0.995961904525757,0.993869185447693,0.988772630691528,1.00280702114105,0.985607504844666,0.998432040214539,0.982776463031769,0.989339292049408,0.960346102714539,0.976244509220123,0.984871864318848,0.995204925537109,0.967034339904785,0.975333154201508,0.983546674251556,0.993961036205292,0.954185307025909,0.966714560985565,0.979604661464691,0.966812551021576,0.956437349319458,0.966653943061829,0.979652047157288,0.966675758361816,0.985208034515381,0.995789170265198,0.977662265300751,0.982595324516296,1.0752
0.982278645038605,0.983471095561981,0.96894371509552,0.984702587127686,0.977092027664185,0.975212454795837,0.95694774389267,0.964210510253906,0.952302038669586,0.961329877376556,0.961808383464813,0.969559609889984,0.957305908203125,0.957589745521545,0.958343505859375,0.969395697116852,0.942512035369873,0.95895653963089,0.951730012893677,0.959035158157349,0.945506751537323,0.958898782730103,0.958957314491272,0.958912312984467,0.976397752761841,0.972072601318359,0.952067077159882,0.954631686210632,1.0475
0.966622114181519,0.971873700618744,0.946777939796448,0.964350044727325,0.96429717540741,0.9494469165802,0.934095680713654,0.938173353672028,0.942740917205811,0.946249902248383,0.941152513027191,0.945052921772003,0.94454550743103,0.939810335636139,0.935310781002045,0.94674688577652,0.929121971130371,0.952101826667786,0.929006695747375,0.952142834663391,0.932554960250854,0.952050685882568,0.939216732978821,0.952054500579834,0.963272452354431,0.94600248336792,0.930962741374969,0.930224239826202,1.0312
0.94516134262085,0.954938411712646,0.91112869977951,0.934973299503326,0.943011045455933,0.912147581577301,0.880265712738037,0.890293061733246,0.928399324417114,0.925356388092041,0.897881984710693,0.896471679210663,0.923980236053467,0.91550213098526,0.886221945285797,0.899395704269409,0.909732043743134,0.94318413734436,0.876880705356598,0.9431431889534,0.913222312927246,0.943148791790009,0.899030566215515,0.943130314350128,0.941574573516846,0.908468425273895,0.876478731632233,0.88081020116806,1.0614
0.922662019729614,0.933642208576202,0.879247069358826,0.906182289123535,0.931861698627472,0.8832768201828,0.853236556053162,0.858796119689941,0.920142531394958,0.905023813247681,0.873994469642639,0.868227243423462,0.910789966583252,0.892299115657806,0.859482407569885,0.874451220035553,0.896493315696716,0.930428981781006,0.85052216053009,0.930313348770142,0.900332510471344,0.930405616760254,0.875686287879944,0.930370807647705,0.930097699165344,0.879029989242554,0.84878021478653,0.851830244064331,0.9433
0.914828181266785,0.920910656452179,0.853492021560669,0.891218781471252,0.940842270851135,0.88683009147644,0.839496076107025,0.848981440067291,0.927109718322754,0.901858329772949,0.855950713157654,0.861511051654816,0.921595096588135,0.891503691673279,0.8400838971138,0.871850311756134,0.907713413238525,0.921242892742157,0.8347487449646,0.921043157577515,0.911158740520477,0.921212613582611,0.856451749801636,0.921168327331543,0.939363718032837,0.883052885532379,0.835294961929321,0.849859535694122,0.92464
0.905184686183929,0.910044193267822,0.832398772239685,0.88287627696991,0.932169318199158,0.870207130908966,0.826609551906586,0.84132593870163,0.921898603439331,0.891810715198517,0.840904057025909,0.85375964641571,0.914843440055847,0.881244003772736,0.824944078922272,0.866280794143677,0.902167618274689,0.914747357368469,0.820586681365967,0.914500296115875,0.90533584356308,0.914723575115204,0.842213749885559,0.914670407772064,0.930617809295654,0.866772055625916,0.822149276733398,0.843803763389587,0.84328
0.91070568561554,0.907038390636444,0.822447299957275,0.882760643959045,0.950214385986328,0.890093088150024,0.82642388343811,0.846607863903046,0.934554398059845,0.898243725299835,0.839162051677704,0.857804179191589,0.934002876281738,0.891282081604004,0.823260843753815,0.871376395225525,0.92067539691925,0.910416305065155,0.818371474742889,0.91015899181366,0.923609793186188,0.910378634929657,0.8397616147995,0.910328567028046,0.949080467224121,0.887164413928986,0.821086704730988,0.850174129009247,0.82384
