small_1,small_de_2,all_3,all_de_4,small_5,small_de_6,all_7,all_de_8,small_9,small_de_10,all_11,all_de_12,small_13,small_de_14,all_15,all_de_16,small_17,small_de_18,all_19,all_de_20,small_21,small_de_22,all_23,all_de_24,small_25,small_de_26,all_27,all_de_28,original
0.966720581054688,0.941312849521637,0.810752272605896,0.843989253044128,0.947721779346466,0.929961919784546,0.856001853942871,0.845603168010712,0.938205718994141,0.931769788265228,0.85700798034668,0.83296412229538,0.968598604202271,0.928029358386993,0.847505211830139,0.820791780948639,0.945612490177155,0.918620944023132,0.838286638259888,0.909119069576263,0.974019765853882,0.919678568840027,0.859145998954773,0.908623278141022,0.94864547252655,0.929329335689545,0.805202484130859,0.835173308849335,0.81822
0.953888773918152,0.926896095275879,0.830065369606018,0.846399128437042,0.937695026397705,0.914615154266357,0.865632653236389,0.854489922523499,0.932913064956665,0.92529284954071,0.876596927642822,0.84538733959198,0.958018600940704,0.922088265419006,0.865073919296265,0.833444356918335,0.943662703037262,0.915536999702454,0.857718229293823,0.906029284000397,0.967432379722595,0.916596233844757,0.877406358718872,0.905540585517883,0.936831116676331,0.913390100002289,0.824123978614807,0.834966659545898,0.8091
0.964354634284973,0.934317469596863,0.852712512016296,0.844679474830627,0.944736123085022,0.922703683376312,0.878638982772827,0.865216732025146,0.935863375663757,0.927635550498962,0.902209222316742,0.860827803611755,0.9649778008461,0.924073934555054,0.891372919082642,0.846570312976837,0.944879293441772,0.915671646595001,0.886650204658508,0.906224608421326,0.971023678779602,0.916730523109436,0.900428235530853,0.905674457550049,0.945606350898743,0.92190033197403,0.845544278621674,0.831891298294067,0.80218
0.961826682090759,0.934238910675049,0.866366147994995,0.845419108867645,0.943786799907684,0.922535359859467,0.887320637702942,0.871238648891449,0.934862375259399,0.930253028869629,0.916747331619263,0.86871749162674,0.962788641452789,0.926893651485443,0.908809781074524,0.856284201145172,0.944309234619141,0.919840693473816,0.905323028564453,0.910400986671448,0.969079375267029,0.920898735523224,0.915726840496063,0.909842669963837,0.943798780441284,0.921574890613556,0.860744476318359,0.830413460731506,0.80769
0.962461948394775,0.952243149280548,0.884732723236084,0.880615651607513,0.944479703903198,0.940882086753845,0.901737213134766,0.899935066699982,0.93454909324646,0.947373390197754,0.928897023200989,0.89658385515213,0.962542772293091,0.943956792354584,0.923458218574524,0.88410896062851,0.944104671478271,0.93684333562851,0.915825724601746,0.927416145801544,0.968124628067017,0.937900960445404,0.928549289703369,0.926845908164978,0.944330096244812,0.940046012401581,0.881286203861237,0.866432726383209,0.83481
0.963329195976257,0.983997642993927,0.926200032234192,0.946929275989532,0.944651126861572,0.972352683544159,0.932804822921753,0.956494152545929,0.936626672744751,0.976842761039734,0.95892071723938,0.951299846172333,0.965632081031799,0.973272323608398,0.959264397621155,0.94037264585495,0.945100009441376,0.964793562889099,0.944437563419342,0.955402791500092,0.972225069999695,0.96585088968277,0.959781348705292,0.954801440238953,0.945269584655762,0.971560835838318,0.927958488464355,0.934484481811523,0.86318
0.983826637268066,1.03187942504883,0.970149159431458,1.0243536233902,0.961585640907288,1.02201807498932,0.966346919536591,1.02223420143127,0.943302273750305,1.01537477970123,0.9900723695755,1.01537716388702,0.980469882488251,1.01117420196533,0.995291352272034,1.00590038299561,0.947135329246521,1.00001120567322,0.972081661224365,0.990647614002228,0.978074133396149,1.00106644630432,0.991968989372253,0.990021049976349,0.963877558708191,1.0220685005188,0.977200508117676,1.01340568065643,0.87419
0.995531857013702,1.05029404163361,0.992384195327759,1.05145275592804,0.972373604774475,1.04059529304504,0.982687294483185,1.04885649681091,0.948305547237396,1.03366684913635,1.00765454769135,1.04234874248505,0.990802407264709,1.02944672107697,1.01511788368225,1.03252267837524,0.9484983086586,1.01831316947937,0.988168954849243,1.00895762443542,0.982306480407715,1.01936888694763,1.01006460189819,1.00832402706146,0.975024402141571,1.04071223735809,1.00075578689575,1.04000163078308,0.88327
1.02041149139404,1.06657373905182,1.01506745815277,1.07208681106567,0.997757911682129,1.05767893791199,1.00190806388855,1.06898283958435,0.962764024734497,1.04624247550964,1.02785563468933,1.06447052955627,1.01794004440308,1.04181754589081,1.03778338432312,1.05436491966248,0.952494323253632,1.02983570098877,1.00941967964172,1.0205010175705,0.996278762817383,1.03089094161987,1.03270125389099,1.01984739303589,1.00049591064453,1.05779719352722,1.0250985622406,1.05933558940887,0.91584
1.02491998672485,1.06154263019562,1.03089916706085,1.07945811748505,1.00324368476868,1.05202412605286,1.01612496376038,1.07532358169556,0.966001093387604,1.04548287391663,1.04247176647186,1.07107496261597,1.02352428436279,1.04134798049927,1.05359470844269,1.06114447116852,0.953319907188416,1.03086459636688,1.02465605735779,1.02153837680817,0.99939090013504,1.03191959857941,1.04948794841766,1.02087771892548,1.00570595264435,1.05190086364746,1.04077363014221,1.06721568107605,0.94317
1.03395736217499,1.05717384815216,1.02884554862976,1.06697237491608,1.01379299163818,1.04721450805664,1.01686131954193,1.06526434421539,0.973243057727814,1.04274499416351,1.04409599304199,1.06143915653229,1.03583002090454,1.03875291347504,1.05364072322845,1.05053567886353,0.955389142036438,1.02883112430573,1.02678966522217,1.01949679851532,1.00733971595764,1.02988481521606,1.05226564407349,1.01884663105011,1.01607346534729,1.04685890674591,1.03550612926483,1.05439794063568,0.96562
1.1277163028717,1.08339810371399,1.0338271856308,1.04899835586548,1.10209059715271,1.07878661155701,1.02606821060181,1.05143082141876,1.02166724205017,1.03936004638672,1.05680859088898,1.05008602142334,1.12968099117279,1.03351497650146,1.06436336040497,1.03947854042053,0.969575762748718,1.01491582393646,1.04268527030945,1.00559329986572,1.05558180809021,1.01596832275391,1.06862568855286,1.00492262840271,1.10803771018982,1.07951462268829,1.03885495662689,1.03481638431549,1.0146
1.13668346405029,1.0744446516037,1.03920316696167,1.0355212688446,1.11604166030884,1.06931185722351,1.03455030918121,1.04440236091614,1.03500735759735,1.02944386005402,1.07147419452667,1.04650890827179,1.15011358261108,1.02367424964905,1.07505559921265,1.03436183929443,0.973533272743225,1.00483894348145,1.06077241897583,0.995527982711792,1.07205176353455,1.00588738918304,1.08713889122009,0.994841873645782,1.1210800409317,1.0694100856781,1.04121351242065,1.01953411102295,1.087
1.04938197135925,1.03383374214172,1.02236104011536,1.01701939105988,1.03566539287567,1.02376186847687,1.02578914165497,1.02922081947327,0.99423485994339,1.0117255449295,1.06280946731567,1.03241300582886,1.06792318820953,1.00743651390076,1.0607932806015,1.01761209964752,0.961936354637146,0.994907200336456,1.05068111419678,0.98557448387146,1.03447508811951,0.995953321456909,1.07783246040344,0.984918475151062,1.03754162788391,1.02286314964294,1.01612210273743,1.00134634971619,1.0779
1.05510985851288,1.03699779510498,1.01714324951172,1.02377998828888,1.03970646858215,1.027991771698,1.02548098564148,1.03098809719086,0.996275067329407,1.00721216201782,1.06058084964752,1.03189921379089,1.07193422317505,1.00242877006531,1.05705213546753,1.01915729045868,0.962832808494568,0.987400829792023,1.04553937911987,0.978042662143707,1.03757739067078,0.988444983959198,1.07557272911072,0.977417469024658,1.04276704788208,1.02757167816162,1.00771832466125,1.00835335254669,1.0652
1.00896692276001,1.02359652519226,0.998728036880493,1.01437032222748,0.995624005794525,1.01234138011932,1.01103138923645,1.02102851867676,0.974040985107422,1.00095903873444,1.04283511638641,1.01840758323669,1.0271372795105,0.996634244918823,1.0366348028183,1.00913441181183,0.956882357597351,0.983055353164673,1.02513563632965,0.973660230636597,1.01847326755524,0.984096229076385,1.0554074048996,0.973072290420532,0.998140096664429,1.01176488399506,0.994592487812042,1.00202977657318,1.0587
0.956023037433624,0.999011039733887,0.985678911209106,1.01041674613953,0.946378350257874,0.985520660877228,0.995857894420624,1.01181042194366,0.945799946784973,0.992238938808441,1.0229879617691,1.00635528564453,0.973278880119324,0.988898813724518,1.0181645154953,0.998009264469147,0.948249697685242,0.980391383171082,1.00251877307892,0.970975160598755,0.988497018814087,0.981435358524323,1.03145170211792,0.970409512519836,0.946012854576111,0.984299540519714,0.984790861606598,0.999773919582367,1.0401
0.951530158519745,0.99088191986084,0.957890391349792,0.982426524162292,0.939447522163391,0.977852404117584,0.971391439437866,0.986296772956848,0.938682496547699,0.984621822834015,0.995964646339417,0.979828059673309,0.962693691253662,0.981244921684265,0.990625381469727,0.971915006637573,0.946006178855896,0.972990989685059,0.974072277545929,0.963561773300171,0.979048252105713,0.974038064479828,1.00059723854065,0.96300745010376,0.939242482185364,0.976885676383972,0.95847886800766,0.972891271114349,1.0114
0.948303937911987,0.983743071556091,0.927724719047546,0.946924269199371,0.935560286045074,0.970757365226746,0.944661915302277,0.956010758876801,0.936098039150238,0.978219926357269,0.967190027236938,0.949747741222382,0.958934903144836,0.974842131137848,0.961981296539307,0.942175149917603,0.945147156715393,0.966562271118164,0.947308540344238,0.957123756408691,0.975469768047333,0.967613160610199,0.969573318958282,0.956573843955994,0.935056924819946,0.969733536243439,0.931021988391876,0.937329232692719,0.96495
0.959668040275574,0.989514946937561,0.908767938613892,0.930097758769989,0.942630648612976,0.977562606334686,0.92617005109787,0.943776428699493,0.939364850521088,0.976120233535767,0.950232446193695,0.937721788883209,0.96702241897583,0.972161948680878,0.944176197052002,0.929036200046539,0.94652658700943,0.960750162601471,0.932841598987579,0.951326608657837,0.979416728019714,0.961803138256073,0.950375139713287,0.950757145881653,0.944067299365997,0.977118909358978,0.911864578723907,0.920093417167664,0.91987
0.959341764450073,0.973612070083618,0.898979306221008,0.903601467609406,0.941748261451721,0.961660206317902,0.915067136287689,0.923695921897888,0.939384162425995,0.959688186645508,0.943644046783447,0.918894410133362,0.967254936695099,0.955674469470978,0.936414957046509,0.909387707710266,0.946623563766479,0.94383442401886,0.928721487522125,0.934416174888611,0.979721546173096,0.944889008998871,0.942771792411804,0.933839738368988,0.943353056907654,0.961208999156952,0.899898588657379,0.892134010791779,0.88738
0.943789124488831,0.949107468128204,0.889468431472778,0.881444752216339,0.929214537143707,0.93562650680542,0.906319081783295,0.907477676868439,0.933865547180176,0.945815742015839,0.937803626060486,0.9046231508255,0.955886840820312,0.942500829696655,0.92910897731781,0.893773078918457,0.944686770439148,0.934028804302216,0.924313247203827,0.924612581729889,0.973456084728241,0.935087263584137,0.936470627784729,0.924036622047424,0.928910970687866,0.934272646903992,0.888425886631012,0.868339359760284,0.8605
0.921668171882629,0.923083245754242,0.878098487854004,0.852811455726624,0.91248607635498,0.907329082489014,0.897427022457123,0.885439574718475,0.927918076515198,0.931899428367615,0.930656790733337,0.883547723293304,0.941666424274445,0.929427862167358,0.921124815940857,0.871765196323395,0.942654848098755,0.924668610095978,0.919795215129852,0.9152512550354,0.967974960803986,0.925728023052216,0.929867744445801,0.914679944515228,0.909638702869415,0.904871106147766,0.875613868236542,0.838497877120972,0.84465
0.925066828727722,0.922668397426605,0.872524261474609,0.843551754951477,0.914419174194336,0.906320989131927,0.893526375293732,0.878336727619171,0.930944263935089,0.929128706455231,0.92746376991272,0.873984813690186,0.94639378786087,0.926521897315979,0.91717803478241,0.863207697868347,0.944119572639465,0.920283734798431,0.918543815612793,0.910860538482666,0.973824977874756,0.921340703964233,0.926681101322174,0.910295844078064,0.913025379180908,0.903903901576996,0.870580315589905,0.830091595649719,0.83383
