small_1,small_de_2,all_3,all_de_4,small_5,small_de_6,all_7,all_de_8,small_9,small_de_10,all_11,all_de_12,small_13,small_de_14,all_15,all_de_16,small_17,small_de_18,all_19,all_de_20,small_21,small_de_22,all_23,all_de_24,small_25,small_de_26,all_27,all_de_28,original
0.960103154182434,0.928291738033295,0.885552585124969,0.88116067647934,0.960006713867188,0.928841292858124,0.889883518218994,0.882264316082001,0.960487961769104,0.928412735462189,0.896039605140686,0.878836214542389,0.96057653427124,0.92863529920578,0.892878353595734,0.878949046134949,0.959991693496704,0.928086996078491,0.88745504617691,0.881283938884735,0.959579586982727,0.929110050201416,0.891153335571289,0.880149960517883,0.966468811035156,0.92886084318161,0.887025237083435,0.880623579025269,0.83205
0.950565576553345,0.917048275470734,0.873191595077515,0.868024885654449,0.950200796127319,0.917578220367432,0.878588795661926,0.868936121463776,0.953111350536346,0.917242228984833,0.884301364421844,0.864608287811279,0.951671719551086,0.917357981204987,0.881251990795135,0.866247713565826,0.953166246414185,0.916874647140503,0.874152183532715,0.868578433990479,0.952653765678406,0.917879581451416,0.878717184066772,0.866920232772827,0.956337094306946,0.917578279972076,0.875455021858215,0.86915922164917,0.83179
0.950162053108215,0.915240526199341,0.873589813709259,0.855037152767181,0.949881017208099,0.91576087474823,0.881402134895325,0.859506666660309,0.953178286552429,0.915421307086945,0.889172792434692,0.855962514877319,0.951524376869202,0.915544450283051,0.885315299034119,0.855908513069153,0.953243255615234,0.915059745311737,0.8805091381073,0.856133043766022,0.952660441398621,0.916048049926758,0.884809374809265,0.855442225933075,0.956103444099426,0.915763199329376,0.877793192863464,0.8547602891922,0.82637
0.939639210700989,0.909492433071136,0.886665344238281,0.866778433322906,0.939209818840027,0.909997582435608,0.891503572463989,0.870432615280151,0.943996608257294,0.909710347652435,0.901867866516113,0.866723954677582,0.941421031951904,0.909775853157043,0.898000061511993,0.865916073322296,0.944321870803833,0.909339368343353,0.89665561914444,0.867315113544464,0.943729043006897,0.910293996334076,0.897891640663147,0.866552472114563,0.945176959037781,0.909989237785339,0.889906764030457,0.865691661834717,0.84807
0.941266536712646,0.9293133020401,0.906337976455688,0.89488273859024,0.940866112709045,0.929816246032715,0.909537792205811,0.897303462028503,0.94591623544693,0.929521501064301,0.920103907585144,0.893334567546844,0.94318699836731,0.929595828056335,0.916419267654419,0.893460988998413,0.946280479431152,0.92914742231369,0.913573682308197,0.895272791385651,0.94564163684845,0.930107653141022,0.915327548980713,0.893875420093536,0.946868538856506,0.929810404777527,0.908710241317749,0.895292401313782,0.8855
0.917204022407532,0.933239042758942,0.948991358280182,0.942164301872253,0.916347980499268,0.933726906776428,0.948938012123108,0.943410754203796,0.924752414226532,0.933508515357971,0.960057258605957,0.940755546092987,0.9199298620224,0.933498799800873,0.957123219966888,0.941186785697937,0.925738573074341,0.933140456676483,0.954459190368652,0.942852914333344,0.925172328948975,0.93403148651123,0.95493757724762,0.94156938791275,0.92156982421875,0.933704972267151,0.949733138084412,0.942392408847809,0.93371
0.947107553482056,0.981702625751495,1.00628066062927,1.00402462482452,0.946050584316254,0.982200384140015,1.00534665584564,1.00481152534485,0.955838024616241,0.982060968875885,1.01636874675751,1.00449442863464,0.950105905532837,0.981943845748901,1.0137312412262,1.0039849281311,0.957435607910156,0.981591641902924,1.00963020324707,1.00527274608612,0.956646919250488,0.982576906681061,1.01182579994202,1.00417983531952,0.951178789138794,0.982162594795227,1.00600063800812,1.00509738922119,0.99087
1.03076112270355,1.04194390773773,1.07307755947113,1.06231021881104,1.02990937232971,1.0425056219101,1.07385087013245,1.06286263465881,1.03698658943176,1.04229545593262,1.08303916454315,1.06526792049408,1.03289103507996,1.04223048686981,1.08064937591553,1.06364226341248,1.03853011131287,1.04174661636353,1.07438945770264,1.06325316429138,1.03756284713745,1.0429322719574,1.07967233657837,1.06258738040924,1.03551065921783,1.04248571395874,1.07265865802765,1.06240284442902,1.046
1.07052659988403,1.07429850101471,1.08993244171143,1.11038029193878,1.07038545608521,1.0749363899231,1.09189939498901,1.10568964481354,1.07029390335083,1.07437670230865,1.0913108587265,1.10743689537048,1.07069790363312,1.0747162103653,1.09057700634003,1.11094546318054,1.07027673721313,1.0740088224411,1.07198190689087,1.1108033657074,1.06965696811676,1.07523155212402,1.08391952514648,1.11003923416138,1.07677888870239,1.074991106987,1.08676433563232,1.10892939567566,1.0998
1.13848555088043,1.10503911972046,1.09120464324951,1.10574340820312,1.1381767988205,1.10572969913483,1.09865891933441,1.10205280780792,1.13708233833313,1.10521328449249,1.09580492973328,1.10265350341797,1.1380136013031,1.1054722070694,1.09467029571533,1.10666799545288,1.13745260238647,1.10473036766052,1.07582378387451,1.10708796977997,1.13670563697815,1.10612571239471,1.09040188789368,1.10634672641754,1.14457666873932,1.10577511787415,1.08975875377655,1.10531795024872,1.1247
1.15431880950928,1.102703332901,1.08803653717041,1.10030817985535,1.15409481525421,1.10341656208038,1.09888565540314,1.09791624546051,1.15133953094482,1.10282254219055,1.09796714782715,1.09886205196381,1.15330839157104,1.10317063331604,1.0953756570816,1.10128223896027,1.15137362480164,1.10239338874817,1.08234190940857,1.10184097290039,1.15078639984131,1.1037825345993,1.09538280963898,1.10084748268127,1.16048681735992,1.10347867012024,1.08925998210907,1.10105037689209,1.138
1.16172635555267,1.08734011650085,1.06299710273743,1.0654821395874,1.16150116920471,1.08807778358459,1.0784238576889,1.06730008125305,1.15720224380493,1.08742725849152,1.07488059997559,1.06859040260315,1.160120844841,1.08783888816833,1.07229030132294,1.07052516937256,1.15692961215973,1.08704423904419,1.05955862998962,1.06898415088654,1.15655267238617,1.08842825889587,1.07336533069611,1.06937777996063,1.1677827835083,1.08815097808838,1.06620442867279,1.06538963317871,1.1328
1.12849962711334,1.06066870689392,1.04342532157898,1.05197548866272,1.12858271598816,1.06141793727875,1.05445575714111,1.05353927612305,1.12106871604919,1.06059229373932,1.05584037303925,1.05492782592773,1.12604856491089,1.0612256526947,1.05255424976349,1.05474305152893,1.11970067024231,1.06038558483124,1.04743480682373,1.05460214614868,1.11977028846741,1.06165385246277,1.05560839176178,1.05467689037323,1.13496816158295,1.06152629852295,1.04665815830231,1.05162858963013,1.1308
1.09254145622253,1.04276740550995,1.00989508628845,1.01787889003754,1.09312963485718,1.04352128505707,1.01896917819977,1.02140998840332,1.08214604854584,1.04252052307129,1.02153277397156,1.0235368013382,1.08937656879425,1.04337453842163,1.01819026470184,1.02214050292969,1.0795373916626,1.04246354103088,1.01399803161621,1.02053892612457,1.07996034622192,1.04364407062531,1.02058553695679,1.02136671543121,1.09991073608398,1.04366624355316,1.01303482055664,1.01576745510101,1.1251
1.04818332195282,1.02240872383118,0.989476144313812,1.00752174854279,1.04928541183472,1.02315402030945,0.993903398513794,1.00836741924286,1.03473806381226,1.02199459075928,0.996444284915924,1.01108884811401,1.04426884651184,1.02305555343628,0.993640780448914,1.00947070121765,1.03086996078491,1.02209460735321,0.98770135641098,1.00892245769501,1.03162527084351,1.02315878868103,0.992956638336182,1.00971746444702,1.05655229091644,1.02333068847656,0.989966034889221,1.00393283367157,1.1082
1.01129710674286,1.01194179058075,0.965920090675354,0.989984571933746,1.01289248466492,1.01267397403717,0.969945430755615,0.988770544528961,0.995529651641846,1.01139688491821,0.968356847763062,0.991161704063416,1.00689125061035,1.01261222362518,0.96643328666687,0.991761267185211,0.990627348423004,1.01160168647766,0.951860368251801,0.991024315357208,0.991585493087769,1.01258885860443,0.961002469062805,0.991549134254456,1.0206857919693,1.01287472248077,0.964783072471619,0.986546039581299,1.0842
0.931090235710144,0.960732460021973,0.944001376628876,0.966975033283234,0.932641983032227,0.961380064487457,0.946748018264771,0.964286029338837,0.919589340686798,0.960160553455353,0.94480174779892,0.967201709747314,0.928422808647156,0.961344122886658,0.942972958087921,0.968347191810608,0.91477233171463,0.960456788539886,0.923417985439301,0.966732263565063,0.915846228599548,0.961204826831818,0.93515419960022,0.967427492141724,0.939847588539124,0.961573421955109,0.941865563392639,0.960042834281921,1.0644
0.893228888511658,0.92396491765976,0.930585384368896,0.947534143924713,0.894209980964661,0.924552500247955,0.933030843734741,0.941659450531006,0.887205302715302,0.923537492752075,0.930864095687866,0.943844318389893,0.892286896705627,0.924493312835693,0.929345369338989,0.946062028408051,0.883513927459717,0.923773348331451,0.907743632793427,0.946487784385681,0.88445258140564,0.924420773983002,0.920684933662415,0.946982383728027,0.900523543357849,0.924704492092133,0.92655885219574,0.940494060516357,1.0423
0.894479274749756,0.920237839221954,0.912936747074127,0.92926424741745,0.895343422889709,0.920811235904694,0.916703462600708,0.921550631523132,0.889870345592499,0.919858932495117,0.914461314678192,0.921496987342834,0.893983483314514,0.920739769935608,0.913037121295929,0.925123631954193,0.886592745780945,0.920040011405945,0.890296578407288,0.927813827991486,0.887360095977783,0.920709908008575,0.903617143630981,0.926715314388275,0.901617169380188,0.920950293540955,0.909645557403564,0.927005767822266,1.0025
0.89963173866272,0.916295170783997,0.883474409580231,0.904126286506653,0.900433301925659,0.916893661022186,0.892469644546509,0.898596107959747,0.89417690038681,0.915891587734222,0.884836077690125,0.897957623004913,0.89874279499054,0.916826009750366,0.884547770023346,0.904691517353058,0.890851318836212,0.916096210479736,0.855686068534851,0.904400110244751,0.891684174537659,0.916790068149567,0.872263193130493,0.90381783246994,0.906684517860413,0.91704124212265,0.881818532943726,0.903831481933594,0.96
0.925947308540344,0.926245331764221,0.847750782966614,0.861622095108032,0.926884770393372,0.926855504512787,0.860428214073181,0.859237849712372,0.919517695903778,0.925863146781921,0.852118253707886,0.858253836631775,0.924729585647583,0.926774740219116,0.851379811763763,0.864324569702148,0.9162517786026,0.925991833209991,0.822023510932922,0.862704634666443,0.916846990585327,0.926795125007629,0.83996570110321,0.862862765789032,0.933652758598328,0.926999509334564,0.848086595535278,0.861054599285126,0.9267
0.933419346809387,0.918952941894531,0.839319705963135,0.851555645465851,0.934029936790466,0.919576644897461,0.853310942649841,0.849779903888702,0.927209079265594,0.918663084506989,0.844412505626678,0.848097205162048,0.931990027427673,0.919472754001617,0.843834042549133,0.855018317699432,0.924388766288757,0.918731927871704,0.816586315631866,0.853388547897339,0.924941897392273,0.919584691524506,0.832958579063416,0.853291034698486,0.940597653388977,0.919700026512146,0.840435862541199,0.852673768997192,0.90519
0.933413982391357,0.909110963344574,0.828269362449646,0.834148049354553,0.933800280094147,0.909726500511169,0.845342516899109,0.834029614925385,0.92827570438385,0.908891618251801,0.837000608444214,0.832148969173431,0.932211875915527,0.909606337547302,0.835637211799622,0.83932888507843,0.925867855548859,0.908908605575562,0.80998969078064,0.836751937866211,0.926345705986023,0.90977668762207,0.827579140663147,0.836492955684662,0.940171957015991,0.909832417964935,0.831800818443298,0.836397707462311,0.88889
0.941823959350586,0.910938322544098,0.841266870498657,0.837120831012726,0.942534208297729,0.911562621593475,0.856865406036377,0.839516997337341,0.934982478618622,0.91062980890274,0.852190971374512,0.838529527187347,0.940213084220886,0.911461532115936,0.849961280822754,0.84284508228302,0.932066082954407,0.910696625709534,0.830113291740417,0.839050590991974,0.932569861412048,0.911563992500305,0.844790458679199,0.839566588401794,0.949312686920166,0.911690592765808,0.845266342163086,0.836159884929657,0.88191
