small_1,small_de_2,all_3,all_de_4,small_5,small_de_6,all_7,all_de_8,small_9,small_de_10,all_11,all_de_12,small_13,small_de_14,all_15,all_de_16,small_17,small_de_18,all_19,all_de_20,small_21,small_de_22,all_23,all_de_24,small_25,small_de_26,all_27,all_de_28,original
0.973848879337311,0.919240951538086,0.909408152103424,0.884006440639496,0.931681156158447,0.933756351470947,0.902915358543396,0.883939564228058,0.951289057731628,0.927485167980194,0.869782328605652,0.916706383228302,0.955731332302094,0.925507605075836,0.884325623512268,0.895382344722748,1.00032603740692,0.908150255680084,0.930944561958313,0.912593901157379,0.9691122174263,0.904112339019775,0.907555401325226,0.911235392093658,0.956232309341431,0.921476781368256,0.89232736825943,0.881129801273346,0.83849
0.970598995685577,0.917421102523804,0.905806064605713,0.88496196269989,0.928625702857971,0.931499719619751,0.899102449417114,0.883355021476746,0.946018934249878,0.924628019332886,0.866436839103699,0.914515852928162,0.950454354286194,0.922772288322449,0.88054883480072,0.893718302249908,0.997271835803986,0.905805766582489,0.927665531635284,0.910222709178925,0.965283036231995,0.901767492294312,0.903625428676605,0.90888786315918,0.953277707099915,0.919823884963989,0.888609528541565,0.881756603717804,0.83523
0.969472646713257,0.917994022369385,0.902196168899536,0.883821189403534,0.927467226982117,0.932040333747864,0.895211100578308,0.882348835468292,0.945396542549133,0.925091981887817,0.862703680992126,0.913731276988983,0.949873864650726,0.92325747013092,0.876989245414734,0.892288029193878,0.997045755386353,0.904936134815216,0.923886716365814,0.909435153007507,0.965033948421478,0.900897920131683,0.899716913700104,0.908019542694092,0.952061057090759,0.920411288738251,0.88474714756012,0.880588531494141,0.83201
0.969343662261963,0.917811453342438,0.902221441268921,0.882671117782593,0.927279531955719,0.932495474815369,0.895150899887085,0.88228440284729,0.947674691677094,0.926617741584778,0.862551689147949,0.915063560009003,0.952031373977661,0.924592614173889,0.876937508583069,0.892931044101715,0.998744487762451,0.905523061752319,0.923259794712067,0.910167515277863,0.967148065567017,0.901485323905945,0.899599432945251,0.90861189365387,0.951630055904388,0.919948220252991,0.88482129573822,0.879704535007477,0.83564
0.968501627445221,0.928877830505371,0.905267536640167,0.89049357175827,0.926378309726715,0.942839324474335,0.898015975952148,0.890830636024475,0.943710803985596,0.935802280902863,0.86366081237793,0.924883246421814,0.948385715484619,0.933997571468353,0.878748059272766,0.902780055999756,0.995973110198975,0.914547562599182,0.92319130897522,0.919240295886993,0.963757455348969,0.910509407520294,0.902541279792786,0.917639136314392,0.951094210147858,0.93132746219635,0.887768447399139,0.88714200258255,0.85235
0.97130298614502,0.948835909366608,0.912263929843903,0.90833055973053,0.928566336631775,0.961714684963226,0.904118180274963,0.908726096153259,0.942115843296051,0.952758550643921,0.868109107017517,0.94251948595047,0.947733938694,0.951300740242004,0.883932709693909,0.920799553394318,0.993860363960266,0.930754661560059,0.925385355949402,0.935449957847595,0.961365520954132,0.926715850830078,0.907866954803467,0.933845579624176,0.954083859920502,0.951787889003754,0.895237147808075,0.905041098594666,0.91827
0.977661371231079,0.973502337932587,0.933934450149536,0.939496159553528,0.934568583965302,0.987140357494354,0.924529910087585,0.939650416374207,0.952831447124481,0.978839755058289,0.886443376541138,0.973513662815094,0.958652496337891,0.977209746837616,0.902662515640259,0.95362251996994,0.999987661838531,0.954726755619049,0.939331114292145,0.95973414182663,0.969171583652496,0.950688719749451,0.926453649997711,0.957825601100922,0.959800124168396,0.976173281669617,0.918898165225983,0.936256408691406,1.01
1.01894211769104,1.0111186504364,0.978790879249573,0.983397543430328,0.972859501838684,1.02183330059052,0.966254949569702,0.975483000278473,0.984709739685059,1.00561416149139,0.925742506980896,1.00722336769104,0.99498462677002,1.00514125823975,0.940440654754639,0.995488822460175,1.01178014278412,0.977740883827209,0.967741429805756,0.982993423938751,0.985345542430878,0.973702311515808,0.966246962547302,0.980847060680389,1.00081026554108,1.0154390335083,0.971312761306763,0.97920298576355,1.1165
1.02635335922241,1.02367532253265,1.0181280374527,1.02373456954956,0.978924989700317,1.0354790687561,1.00383305549622,1.00678491592407,0.988117694854736,1.02339482307434,0.961664915084839,1.03375589847565,0.999545037746429,1.02241170406342,0.975448846817017,1.0304069519043,1.01227593421936,0.994392573833466,0.993931472301483,0.99988466501236,0.986161112785339,0.990354299545288,1.00141739845276,0.997508883476257,1.00808072090149,1.02738809585571,1.01573276519775,1.02059578895569,1.1508
1.14703440666199,1.08529615402222,1.08665657043457,1.090216755867,1.08956515789032,1.08968603610992,1.06845676898956,1.05251610279083,1.08844602108002,1.05428826808929,1.02951467037201,1.0670930147171,1.1131796836853,1.0565482378006,1.03772103786469,1.08113861083984,1.05185389518738,1.00685262680054,1.04883646965027,1.01289021968842,1.0398918390274,1.00281453132629,1.06388020515442,1.00998187065125,1.12653827667236,1.09352958202362,1.09487342834473,1.0874730348587,1.1799
1.17845034599304,1.09137153625488,1.13062405586243,1.11700487136841,1.11960363388062,1.0954692363739,1.11495780944824,1.07553994655609,1.12018537521362,1.05754137039185,1.07751524448395,1.08487856388092,1.14655601978302,1.06003975868225,1.08488118648529,1.11080741882324,1.06691265106201,1.01082170009613,1.09311366081238,1.01715052127838,1.05925416946411,1.00678408145905,1.1134740114212,1.01396358013153,1.15743279457092,1.0999915599823,1.13884377479553,1.11460411548615,1.1863
1.17484307289124,1.08621490001678,1.14617240428925,1.1219345331192,1.11663317680359,1.09114718437195,1.13566076755524,1.08319187164307,1.11863279342651,1.05501294136047,1.09792530536652,1.09145081043243,1.14382672309875,1.05720019340515,1.10636627674103,1.12251377105713,1.06714820861816,1.01141834259033,1.11802530288696,1.01788198947906,1.05910515785217,1.00738096237183,1.13764178752899,1.01455533504486,1.15395510196686,1.09445309638977,1.1496913433075,1.1199893951416,1.1795
1.15170884132385,1.05825388431549,1.15286755561829,1.11701822280884,1.09677481651306,1.06522691249847,1.14694690704346,1.07984042167664,1.10408937931061,1.03436684608459,1.11132049560547,1.08401942253113,1.12502062320709,1.03572618961334,1.12177979946136,1.12157440185547,1.06356561183929,0.999015271663666,1.13752889633179,1.00535917282104,1.05330538749695,0.994978010654449,1.1542649269104,1.00213944911957,1.1314492225647,1.0653680562973,1.15370631217957,1.11608135700226,1.165
1.12622964382172,1.04617702960968,1.14401650428772,1.11758124828339,1.07268702983856,1.05418229103088,1.13829100131989,1.07546436786652,1.0800895690918,1.02694201469421,1.10399222373962,1.07602679729462,1.09857702255249,1.02782356739044,1.11363232135773,1.1151385307312,1.05321049690247,0.993421256542206,1.13249576091766,0.999475359916687,1.03941202163696,0.98938399553299,1.14583206176758,0.996535778045654,1.10643899440765,1.05268144607544,1.14622211456299,1.11591577529907,1.1515
1.08947789669037,1.02793657779694,1.11967372894287,1.1010844707489,1.0386323928833,1.03794860839844,1.11312735080719,1.06016993522644,1.05028676986694,1.01628434658051,1.07838702201843,1.06218481063843,1.06456422805786,1.01635110378265,1.08930492401123,1.09680950641632,1.0418746471405,0.986386001110077,1.11099445819855,0.992152988910675,1.02379405498505,0.982349097728729,1.11958837509155,0.989494025707245,1.07014775276184,1.03334021568298,1.12081182003021,1.09946191310883,1.1352
1.03319644927979,1.00955677032471,1.08263731002808,1.08122873306274,0.985809922218323,1.02254211902618,1.07499694824219,1.04420709609985,0.999893128871918,1.01068043708801,1.03912603855133,1.05044269561768,1.00876879692078,1.00942516326904,1.05088877677917,1.07676839828491,1.0207188129425,0.985740184783936,1.07572746276855,0.991243660449982,0.995419681072235,0.981703400611877,1.08020210266113,0.988841593265533,1.01474022865295,1.01318049430847,1.08245086669922,1.07849562168121,1.1206
1.01683282852173,1.01025664806366,1.05406439304352,1.06803154945374,0.969003558158875,1.02274680137634,1.04291105270386,1.03148889541626,0.978065729141235,1.01144289970398,1.00556671619415,1.04130613803864,0.987029671669006,1.01024484634399,1.01791965961456,1.06073606014252,1.00889909267426,0.984629929065704,1.04170787334442,0.990009784698486,0.980461955070496,0.980592668056488,1.04572629928589,0.987729370594025,0.998698890209198,1.01401519775391,1.05508625507355,1.06497013568878,1.0887
1.01384282112122,1.00602507591248,1.03823280334473,1.0574117898941,0.965781271457672,1.01928973197937,1.0233656167984,1.02145850658417,0.977611362934113,1.00955867767334,0.986452698707581,1.03390634059906,0.986561715602875,1.00810837745667,0.997798919677734,1.04770708084106,1.00924897193909,0.981651246547699,1.01995491981506,0.987097561359406,0.980919241905212,0.977614402770996,1.02310156822205,0.984755635261536,0.995280206203461,1.00940918922424,1.04156005382538,1.0543886423111,1.0409
1.01410245895386,1.00400304794312,1.02872431278229,1.04497587680817,0.964829325675964,1.01771950721741,1.01234233379364,1.00940048694611,0.978869140148163,1.0086350440979,0.975521445274353,1.02556335926056,0.989009916782379,1.00709545612335,0.984930038452148,1.03489148616791,1.00961744785309,0.974838852882385,1.00614428520203,0.980630278587341,0.981793999671936,0.97080272436142,1.00970077514648,0.977958738803864,0.994773387908936,1.00718760490417,1.03322649002075,1.04110813140869,1.0064
1.01381516456604,0.989221632480621,1.0120438337326,1.01242828369141,0.964035093784332,1.00320982933044,0.997415065765381,0.984184205532074,0.978540420532227,0.994540870189667,0.961773753166199,1.00536286830902,0.989217340946198,0.992932498455048,0.970977187156677,1.00915145874023,1.009232878685,0.958985924720764,0.994399547576904,0.964977443218231,0.981495201587677,0.954950034618378,0.995752692222595,0.962115287780762,0.994212508201599,0.992294728755951,1.01310741901398,1.00940847396851,0.96512
1.0146152973175,0.972107589244843,0.996338665485382,0.985572040081024,0.96454393863678,0.985859811306,0.984057188034058,0.961952149868011,0.978208601474762,0.976704299449921,0.951847791671753,0.984348595142365,0.989272832870483,0.975175380706787,0.959646940231323,0.984863638877869,1.00866937637329,0.941170990467072,0.987508237361908,0.947271049022675,0.980904638767242,0.937134981155396,0.984437584877014,0.944300651550293,0.994988918304443,0.975299477577209,0.994474411010742,0.982542812824249,0.91306
1.01563167572021,0.954005122184753,0.976357460021973,0.952241003513336,0.965218186378479,0.967990040779114,0.966807007789612,0.936680436134338,0.978900969028473,0.959199965000153,0.937072515487671,0.962333023548126,0.9902503490448,0.957602798938751,0.945340037345886,0.957367837429047,1.00885248184204,0.923326253890991,0.978218972682953,0.929492294788361,0.981201648712158,0.91929042339325,0.969939887523651,0.926454126834869,0.995877861976624,0.957110285758972,0.969767153263092,0.949450075626373,0.89182
1.01335740089417,0.94801390171051,0.961517333984375,0.937120378017426,0.96300482749939,0.961666226387024,0.953349590301514,0.924683809280396,0.975429236888885,0.95238596200943,0.924580454826355,0.951575577259064,0.986959159374237,0.950893521308899,0.933326005935669,0.943782389163971,1.00676500797272,0.915697753429413,0.969423294067383,0.92182844877243,0.97867739200592,0.911661744117737,0.958100259304047,0.918824136257172,0.99372923374176,0.951231062412262,0.952000677585602,0.933826684951782,0.87028
1.01491451263428,0.935891091823578,0.950489580631256,0.920007824897766,0.966017961502075,0.949385404586792,0.942646384239197,0.913698673248291,0.977435946464539,0.939787745475769,0.913443922996521,0.943671941757202,0.987366914749146,0.938283622264862,0.924675464630127,0.932894647121429,1.00849878787994,0.912039279937744,0.962838113307953,0.917848646640778,0.980297386646271,0.908002734184265,0.949876606464386,0.915150821208954,0.996046245098114,0.939217984676361,0.937854707241058,0.916692137718201,0.85318
