small_1,small_de_2,all_3,all_de_4,small_5,small_de_6,all_7,all_de_8,small_9,small_de_10,all_11,all_de_12,small_13,small_de_14,all_15,all_de_16,small_17,small_de_18,all_19,all_de_20,small_21,small_de_22,all_23,all_de_24,small_25,small_de_26,all_27,all_de_28,original
1.00164473056793,0.971433460712433,0.9698526263237,0.93845123052597,1.00109505653381,0.970354497432709,0.957940399646759,0.94508022069931,1.00285315513611,0.978690803050995,0.96348249912262,0.941784143447876,1.00355279445648,0.977546274662018,0.978855848312378,0.948974370956421,1.02300572395325,0.912623763084412,0.959831595420837,0.91245025396347,1.00730049610138,0.912249565124512,0.955056369304657,0.979065597057343,1.00126028060913,0.970735847949982,0.953821063041687,0.942944705486298,0.83417
0.996276140213013,0.968247294425964,0.960187673568726,0.930125296115875,0.995559453964233,0.966726124286652,0.947423934936523,0.937499582767487,0.998101651668549,0.97663289308548,0.953077673912048,0.933101236820221,0.999088048934937,0.975581347942352,0.970305442810059,0.941790282726288,1.02006149291992,0.910611689090729,0.94904625415802,0.910428047180176,1.00416147708893,0.910237312316895,0.943647563457489,0.975605189800262,0.995791494846344,0.96733433008194,0.942322254180908,0.935293793678284,0.82996
0.99187970161438,0.967305660247803,0.957834959030151,0.929786741733551,0.990933001041412,0.965587377548218,0.946336925029755,0.937795698642731,0.99448299407959,0.975971400737762,0.951847910881042,0.931781232357025,0.99585235118866,0.975020229816437,0.9684898853302,0.941513955593109,1.01865684986115,0.910098254680634,0.947765409946442,0.909913599491119,1.00274515151978,0.90972363948822,0.942369818687439,0.975676357746124,0.991256594657898,0.966359198093414,0.941234350204468,0.935220658779144,0.82511
0.98885715007782,0.968477845191956,0.961648106575012,0.935948967933655,0.987923622131348,0.966735601425171,0.952712416648865,0.943476676940918,0.991738379001617,0.977244436740875,0.957573533058167,0.936663568019867,0.993109703063965,0.976323664188385,0.971759080886841,0.94645482301712,1.01648640632629,0.911105394363403,0.953577160835266,0.910929024219513,1.00017416477203,0.910727143287659,0.948993325233459,0.978728175163269,0.988253235816956,0.967593729496002,0.948771357536316,0.941430687904358,0.82727
0.998224258422852,0.996451199054718,0.969157755374908,0.964529097080231,0.998519599437714,0.997382283210754,0.964357316493988,0.968418419361115,0.999180734157562,0.996902883052826,0.967726826667786,0.960358202457428,0.998655557632446,0.996286511421204,0.977001428604126,0.96857750415802,1.01538622379303,0.923134028911591,0.965288877487183,0.92295378446579,0.997945845127106,0.922720611095428,0.96246325969696,0.993844568729401,0.998442053794861,0.997726380825043,0.963215708732605,0.967643618583679,0.85513
1.00435197353363,1.02351772785187,0.982880055904388,0.999280393123627,1.00500726699829,1.02543437480927,0.982554972171783,1.00057256221771,1.00462174415588,1.02115750312805,0.983514785766602,0.995773375034332,1.00353562831879,1.02053928375244,0.986915349960327,1.00066125392914,1.01692521572113,0.94522613286972,0.981836497783661,0.945069789886475,1.00034415721893,0.944803476333618,0.981190741062164,1.01921963691711,1.00480461120605,1.02547061443329,0.982407927513123,1.00163233280182,0.92273
1.0062210559845,1.04844391345978,1.00443029403687,1.03939247131348,1.00611996650696,1.04919326305389,1.0083817243576,1.03952634334564,1.00801777839661,1.04863667488098,1.00699949264526,1.03823578357697,1.00812816619873,1.04817199707031,1.00493109226227,1.04004371166229,1.02176332473755,0.975127339363098,1.00691080093384,0.975002884864807,1.00969099998474,0.974723100662231,1.00763785839081,1.05375051498413,1.00617671012878,1.04955267906189,1.00832271575928,1.04101395606995,1.0207
1.04620814323425,1.08356738090515,1.06016743183136,1.1024523973465,1.04619896411896,1.08521413803101,1.07505416870117,1.09791088104248,1.04796981811523,1.07833635807037,1.06845903396606,1.09995663166046,1.04795825481415,1.0785346031189,1.05414628982544,1.09689319133759,1.04509222507477,1.00121581554413,1.07184827327728,1.0011373758316,1.04791021347046,1.00082063674927,1.07702803611755,1.088658452034,1.04621911048889,1.08534348011017,1.07801365852356,1.10064589977264,1.0898
1.11676919460297,1.10984015464783,1.118891954422,1.14140594005585,1.11683821678162,1.11290621757507,1.13944065570831,1.1353474855423,1.11764168739319,1.09458363056183,1.13228142261505,1.14203011989594,1.11742806434631,1.09592664241791,1.11170756816864,1.13513135910034,1.0921618938446,1.01593089103699,1.13598847389221,1.01590120792389,1.11518085002899,1.01557457447052,1.14307200908661,1.10653078556061,1.11680579185486,1.11258447170258,1.1434907913208,1.13808357715607,1.134
1.13691544532776,1.12254106998444,1.16662168502808,1.19481205940247,1.13832831382751,1.12680149078369,1.18612432479858,1.17959439754486,1.13435447216034,1.10747444629669,1.18214571475983,1.18712818622589,1.13196420669556,1.10786163806915,1.15969264507294,1.17509710788727,1.09846711158752,1.02878701686859,1.18794369697571,1.02876341342926,1.12023520469666,1.02841031551361,1.19448864459991,1.12329041957855,1.13780641555786,1.12572407722473,1.19286274909973,1.18501341342926,1.1559
1.22696936130524,1.15867102146149,1.21936893463135,1.2222888469696,1.22807228565216,1.16577637195587,1.24010300636292,1.20559120178223,1.22644329071045,1.12287282943726,1.23629510402679,1.21910262107849,1.22467255592346,1.1264134645462,1.21267831325531,1.20382487773895,1.15322947502136,1.03054869174957,1.24139475822449,1.03053820133209,1.21331143379211,1.03019547462463,1.24819362163544,1.12811684608459,1.22768211364746,1.16476857662201,1.24236392974854,1.21209478378296,1.1676
1.15175497531891,1.10401105880737,1.22418749332428,1.2228821516037,1.15661489963531,1.11121332645416,1.22768795490265,1.2041962146759,1.13578724861145,1.0885614156723,1.23128092288971,1.2235814332962,1.1272634267807,1.08568072319031,1.22043454647064,1.20071315765381,1.11657464504242,1.03020358085632,1.23780059814453,1.03023052215576,1.09253776073456,1.02986001968384,1.24229872226715,1.1181628704071,1.15476584434509,1.10745894908905,1.23518705368042,1.2077305316925,1.1479
1.12311470508575,1.07527339458466,1.19998490810394,1.16823160648346,1.12430119514465,1.07663154602051,1.1875696182251,1.15547549724579,1.11597096920013,1.07257890701294,1.19640409946442,1.18832659721375,1.11337673664093,1.07088112831116,1.19549238681793,1.16016030311584,1.11401343345642,1.02131569385529,1.19437766075134,1.02129566669464,1.10326671600342,1.02102851867676,1.19520425796509,1.09673452377319,1.12375950813293,1.07516312599182,1.18342173099518,1.15861093997955,1.1282
1.08664858341217,1.05715143680573,1.16925275325775,1.14780414104462,1.08850979804993,1.05827987194061,1.15074515342712,1.13321256637573,1.07686042785645,1.0601555109024,1.15471386909485,1.1572676897049,1.07308304309845,1.05714344978333,1.16510701179504,1.13541615009308,1.09076166152954,1.01335191726685,1.15795612335205,1.01324892044067,1.05907237529755,1.01305055618286,1.15843319892883,1.07884049415588,1.08770632743835,1.05646479129791,1.15273404121399,1.13484811782837,1.1067
1.03918027877808,1.03285074234009,1.10324048995972,1.08941459655762,1.04016351699829,1.03156661987305,1.08329975605011,1.07124125957489,1.03101253509521,1.04599285125732,1.08317875862122,1.0974942445755,1.02863109111786,1.04231786727905,1.09740602970123,1.07609343528748,1.06330609321594,1.00330674648285,1.08436012268066,1.0031236410141,1.02091252803802,1.00300538539886,1.08609735965729,1.04919409751892,1.03965663909912,1.03032612800598,1.07931792736053,1.0749100446701,1.0951
1.02895390987396,1.04506647586823,1.09179615974426,1.1171555519104,1.03128409385681,1.04668343067169,1.08196651935577,1.08893823623657,1.01786160469055,1.04993963241577,1.07759177684784,1.10409677028656,1.01333498954773,1.04633414745331,1.08520126342773,1.08509349822998,1.05036330223083,1.00037276744843,1.08229231834412,1.00016736984253,0.997167706489563,1.0000364780426,1.08694791793823,1.05078423023224,1.03030896186829,1.04471981525421,1.08715152740479,1.09537649154663,1.0795
1.00551295280457,1.02808821201324,1.0777792930603,1.10647475719452,1.00672674179077,1.0274783372879,1.07300651073456,1.07625567913055,0.996695816516876,1.03941655158997,1.06500995159149,1.09586656093597,0.993923306465149,1.03574407100677,1.06682431697845,1.07418179512024,1.04244470596313,0.995706856250763,1.06855380535126,0.995535373687744,0.985607147216797,0.995394051074982,1.07673966884613,1.04613518714905,1.00614404678345,1.02617537975311,1.07900869846344,1.08477461338043,1.0591
1.00805580615997,1.02430164813995,1.07239866256714,1.10388815402985,1.00982642173767,1.02479124069214,1.07196199893951,1.07148277759552,0.998122930526733,1.03309500217438,1.06226396560669,1.08898115158081,0.994476914405823,1.02925670146942,1.05983912944794,1.06694316864014,1.04062008857727,0.987601697444916,1.06837201118469,0.987427890300751,0.982468008995056,0.987277030944824,1.07741045951843,1.04073536396027,1.00904989242554,1.02309381961823,1.08080446720123,1.08034944534302,1.0247
1.00139248371124,1.00497269630432,1.06522595882416,1.07970464229584,1.00207543373108,1.00360321998596,1.06591594219208,1.04983937740326,0.994223952293396,1.01840722560883,1.05510187149048,1.07095086574554,0.992353439331055,1.01477706432343,1.0513471364975,1.04892671108246,1.03998851776123,0.975623786449432,1.05913710594177,0.975465476512909,0.987547516822815,0.975317120552063,1.06940162181854,1.02773749828339,1.00168764591217,1.00253093242645,1.07271671295166,1.05912470817566,0.97477
0.999992370605469,0.981367170810699,1.01616144180298,1.00196540355682,1.00001502037048,0.978922367095947,1.00689554214478,0.985383033752441,0.994859158992767,0.997399091720581,1.00154399871826,0.998769998550415,0.994122385978699,0.994027256965637,1.01159191131592,0.988495171070099,1.03795838356018,0.953481018543243,1.00384998321533,0.953251302242279,0.993390500545502,0.95317816734314,1.00752758979797,0.995758533477783,0.999864220619202,0.978242099285126,1.00825071334839,0.989831864833832,0.93496
1.01461946964264,0.981059312820435,0.989806711673737,0.96536123752594,1.01548588275909,0.980856001377106,0.976318061351776,0.953444957733154,1.00835418701172,0.990720748901367,0.973603010177612,0.963626503944397,1.00638628005981,0.987543106079102,0.989354372024536,0.957945585250854,1.03616881370544,0.937395751476288,0.97478324174881,0.937138259410858,0.999343514442444,0.937059104442596,0.975473344326019,0.97826361656189,1.01503992080688,0.979538381099701,0.974545657634735,0.956380248069763,0.89741
1.02088153362274,0.968369364738464,0.947833776473999,0.90716564655304,1.02344691753387,0.970459163188934,0.921784102916718,0.90721070766449,1.00975632667542,0.973699986934662,0.926828742027283,0.916005671024323,1.00494706630707,0.969667792320251,0.954908490180969,0.915351152420044,1.03782784938812,0.922260642051697,0.925001502037048,0.921992719173431,0.986852049827576,0.921914517879486,0.920739769935608,0.955672860145569,1.02238631248474,0.968042016029358,0.917693436145782,0.9046630859375,0.87948
1.02166724205017,0.957338154315948,0.937224328517914,0.885277450084686,1.02417922019958,0.959017932415009,0.90353661775589,0.888868153095245,1.01025974750519,0.964082658290863,0.913227438926697,0.90403151512146,1.00549149513245,0.959854125976562,0.945249795913696,0.899835228919983,1.04038107395172,0.915814816951752,0.909175217151642,0.915564894676208,0.987708210945129,0.91548228263855,0.902344048023224,0.948854386806488,1.02312922477722,0.956549942493439,0.896847426891327,0.885104238986969,0.85898
1.02754020690918,0.962948858737946,0.929483294487,0.873851835727692,1.03012251853943,0.965334057807922,0.889560163021088,0.879449129104614,1.01657199859619,0.967398107051849,0.900372862815857,0.899016618728638,1.01178169250488,0.963420748710632,0.936118721961975,0.892916142940521,1.03846621513367,0.913477540016174,0.896682560443878,0.913223803043365,0.993046462535858,0.913128077983856,0.887948632240295,0.94819712638855,1.02905011177063,0.962733030319214,0.880201101303101,0.875241994857788,0.85816
