small_1,small_de_2,all_3,all_de_4,small_5,small_de_6,all_7,all_de_8,small_9,small_de_10,all_11,all_de_12,small_13,small_de_14,all_15,all_de_16,small_17,small_de_18,all_19,all_de_20,small_21,small_de_22,all_23,all_de_24,small_25,small_de_26,all_27,all_de_28,original
1.05360460281372,0.963047206401825,0.868679881095886,0.908191382884979,0.992377638816833,0.957245409488678,0.869200646877289,0.889091849327087,0.979336678981781,0.944701671600342,0.909278869628906,0.895228683948517,0.991590738296509,0.936966478824615,0.857712149620056,0.903537154197693,0.975075960159302,0.910321950912476,0.900605797767639,0.910336375236511,0.981651723384857,0.910212695598602,0.958925783634186,0.910162746906281,1.03097021579742,0.96903783082962,0.876045346260071,0.851649105548859,0.84787
1.02083766460419,0.944850981235504,0.872034907341003,0.909574747085571,0.968870401382446,0.93249773979187,0.871654093265533,0.891701936721802,0.972759485244751,0.937221109867096,0.904012799263,0.895749747753143,0.982561945915222,0.930408596992493,0.864461004734039,0.903649091720581,0.973031222820282,0.908538699150085,0.892789483070374,0.90868204832077,0.978274881839752,0.908484935760498,0.954169988632202,0.908509194850922,1.00177454948425,0.946895122528076,0.873237371444702,0.85430896282196,0.84697
1.01985585689545,0.949163556098938,0.88091242313385,0.919047951698303,0.967276811599731,0.937481939792633,0.879819333553314,0.898205578327179,0.969845831394196,0.939016997814178,0.907497882843018,0.901030898094177,0.980316460132599,0.931974828243256,0.878799319267273,0.909242033958435,0.971612274646759,0.908251881599426,0.89099395275116,0.908549308776855,0.976166784763336,0.908194065093994,0.956573784351349,0.908246576786041,1.00061440467834,0.952035307884216,0.871561884880066,0.8532954454422,0.84276
1.01617205142975,0.94875180721283,0.893782019615173,0.925270557403564,0.96374249458313,0.936884164810181,0.89351886510849,0.905790627002716,0.967918038368225,0.939403593540192,0.91392457485199,0.907502591609955,0.977896690368652,0.932463943958282,0.894073247909546,0.917164504528046,0.97104686498642,0.909672617912292,0.897289037704468,0.910069108009338,0.975370347499847,0.909613966941833,0.962853014469147,0.909744501113892,0.996428668498993,0.951378107070923,0.879802823066711,0.852214694023132,0.84799
1.02843856811523,0.971114099025726,0.907218813896179,0.948376655578613,0.971073985099792,0.96246999502182,0.9081050157547,0.931658029556274,0.968140006065369,0.955728232860565,0.92508327960968,0.931917011737823,0.979033172130585,0.948286712169647,0.911260366439819,0.93915730714798,0.971062660217285,0.922895014286041,0.903659522533417,0.923297464847565,0.975558578968048,0.922807812690735,0.9694983959198,0.922950625419617,1.00605463981628,0.975899040699005,0.887778878211975,0.89193993806839,0.86669
1.02011179924011,0.984445333480835,0.92740786075592,0.977958261966705,0.96340012550354,0.975548684597015,0.928236603736877,0.962391436100006,0.975092470645905,0.971665740013123,0.941694617271423,0.967216670513153,0.980664730072021,0.964617669582367,0.93369197845459,0.971733272075653,0.977063536643982,0.94711297750473,0.915682077407837,0.947513103485107,0.983857214450836,0.947005808353424,0.980932235717773,0.947173357009888,0.993544697761536,0.988053917884827,0.904619812965393,0.922713875770569,0.92791
0.998443365097046,0.992955923080444,0.952908039093018,1.01522564888,0.945506989955902,0.981509983539581,0.952017188072205,0.999337196350098,0.986843407154083,0.988313138484955,0.966921091079712,1.00857698917389,0.982519507408142,0.98224550485611,0.959555745124817,1.01224708557129,0.987478137016296,0.97973370552063,0.938222050666809,0.980054378509521,0.998174011707306,0.979611039161682,0.999105393886566,0.979727387428284,0.965856075286865,0.993221163749695,0.92566454410553,0.95428878068924,1.024
1.0503089427948,1.03054749965668,0.996999144554138,1.05335736274719,0.998958349227905,1.01817977428436,0.994614005088806,1.03968012332916,1.05122900009155,1.01578772068024,1.00905120372772,1.05010628700256,1.04533874988556,1.00848770141602,1.00374531745911,1.05174434185028,1.01793050765991,1.00635576248169,0.977668762207031,1.00653874874115,1.03885090351105,1.00623452663422,1.02948832511902,1.0062483549118,1.01986813545227,1.03207874298096,0.963081002235413,0.998828113079071,1.1026
1.13490617275238,1.06778275966644,1.04942512512207,1.08355987071991,1.0818989276886,1.05685544013977,1.04657864570618,1.07444405555725,1.13354992866516,1.03620672225952,1.05965757369995,1.08341610431671,1.12926876544952,1.02693426609039,1.05595970153809,1.08220219612122,1.05486750602722,1.02001333236694,1.02620267868042,1.02000522613525,1.08845925331116,1.01988327503204,1.06576657295227,1.01979970932007,1.1083300113678,1.07269608974457,1.006427526474,1.04828536510468,1.1368
1.19110679626465,1.08534121513367,1.10099017620087,1.11442577838898,1.13788557052612,1.07413625717163,1.09784328937531,1.10811042785645,1.19085216522217,1.04768049716949,1.11150586605072,1.11570656299591,1.18704700469971,1.03761422634125,1.10578811168671,1.11146259307861,1.08069241046906,1.03043282032013,1.07486510276794,1.03026390075684,1.12327110767365,1.03030467033386,1.10382437705994,1.03012752532959,1.16745555400848,1.09103155136108,1.0497123003006,1.09753358364105,1.1489
1.23505640029907,1.09989035129547,1.13557767868042,1.1300675868988,1.17798781394958,1.09145474433899,1.13278067111969,1.12443733215332,1.22652077674866,1.05381655693054,1.15301883220673,1.1340069770813,1.22354066371918,1.04290282726288,1.13753294944763,1.12791001796722,1.09673118591309,1.03352844715118,1.11417412757874,1.0332545042038,1.14507555961609,1.03337490558624,1.13591241836548,1.03315329551697,1.21114468574524,1.10786199569702,1.08194577693939,1.11330342292786,1.1499
1.23335409164429,1.09778010845184,1.15044414997101,1.13334012031555,1.17959761619568,1.08678162097931,1.14779531955719,1.12845158576965,1.23375403881073,1.05184531211853,1.17539525032043,1.13901078701019,1.23006057739258,1.04077911376953,1.1485550403595,1.13224124908447,1.10017991065979,1.03117942810059,1.13831520080566,1.03084170818329,1.1495772600174,1.03105187416077,1.1545022726059,1.0308004617691,1.21141052246094,1.10499906539917,1.09972774982452,1.11539626121521,1.1449
1.21320950984955,1.08261275291443,1.14378476142883,1.12339639663696,1.15909647941589,1.0723260641098,1.14094734191895,1.11789631843567,1.21611928939819,1.03935956954956,1.17732071876526,1.1288868188858,1.21038174629211,1.02867865562439,1.1382862329483,1.1231027841568,1.09306788444519,1.02147173881531,1.14320707321167,1.02107882499695,1.14029383659363,1.02133166790009,1.15706562995911,1.02106106281281,1.18854212760925,1.08940386772156,1.09737515449524,1.09946048259735,1.1263
1.16316044330597,1.05560946464539,1.12522304058075,1.10882163047791,1.11140644550323,1.04320049285889,1.12322497367859,1.1019731760025,1.17396068572998,1.02403116226196,1.163942694664,1.11289656162262,1.16569626331329,1.0146518945694,1.11570513248444,1.1090087890625,1.07483124732971,1.01231157779694,1.13489437103271,1.01187241077423,1.11592125892639,1.01218461990356,1.14864349365234,1.01190757751465,1.13612520694733,1.05956041812897,1.08566093444824,1.08239245414734,1.0966
1.08192276954651,1.01572906970978,1.08744096755981,1.08470976352692,1.03594541549683,0.99901932477951,1.08490705490112,1.07649660110474,1.11105406284332,1.00367856025696,1.13081359863281,1.08264815807343,1.09840703010559,0.996426224708557,1.07424807548523,1.08447885513306,1.0478698015213,1.00278425216675,1.11070036888123,1.00230181217194,1.07973039150238,1.00268495082855,1.12487471103668,1.0023912191391,1.05227267742157,1.01464414596558,1.05499541759491,1.05200922489166,1.0694
0.999182105064392,0.985329926013947,1.04194331169128,1.0650839805603,0.957342982292175,0.965498566627502,1.03961181640625,1.05477797985077,1.03971338272095,0.992141783237457,1.08700120449066,1.05567193031311,1.02390480041504,0.987003564834595,1.02577519416809,1.06286227703094,1.01651203632355,1.00017106533051,1.07535767555237,0.99964702129364,1.03765535354614,1.00009274482727,1.09262585639954,0.999792814254761,0.966540634632111,0.979848742485046,1.01638197898865,1.03236198425293,1.0441
0.938476264476776,0.960362792015076,1.00341439247131,1.04460287094116,0.901533961296082,0.937109708786011,1.00063824653625,1.0344375371933,0.992785394191742,0.980993330478668,1.04505717754364,1.02702462673187,0.974686622619629,0.977366149425507,0.985817074775696,1.03986489772797,0.996101200580597,0.995661437511444,1.0409654378891,0.99511456489563,1.0099401473999,0.995608031749725,1.06111550331116,0.995322406291962,0.904912233352661,0.951373398303986,0.979706406593323,1.01807403564453,1.0196
0.930148005485535,0.951959729194641,0.971571803092957,1.01953589916229,0.893952310085297,0.928298473358154,0.967942774295807,1.00933146476746,0.985087037086487,0.973079204559326,1.00885272026062,0.993389546871185,0.967629671096802,0.969514131546021,0.952784180641174,1.01270174980164,0.992416679859161,0.987231075763702,1.01166677474976,0.98666387796402,1.00471258163452,0.987182438373566,1.03365194797516,0.986892879009247,0.897115170955658,0.942892909049988,0.945901274681091,0.992627203464508,0.99418
0.928917706012726,0.941676199436188,0.945413947105408,0.992431938648224,0.892241477966309,0.918401837348938,0.941044509410858,0.98183810710907,0.983023822307587,0.961333155632019,0.980089068412781,0.959740579128265,0.965890526771545,0.957651317119598,0.924137532711029,0.985610127449036,0.991544485092163,0.974841356277466,0.99041211605072,0.974260091781616,1.0033655166626,0.97478836774826,1.01269805431366,0.974491357803345,0.895535111427307,0.933056831359863,0.919269800186157,0.956955075263977,0.96255
0.935314893722534,0.927445709705353,0.920988082885742,0.95915699005127,0.895726799964905,0.905959725379944,0.916343033313751,0.94780570268631,0.980130851268768,0.942856848239899,0.957181692123413,0.921741962432861,0.964660406112671,0.938798129558563,0.896238684654236,0.953027784824371,0.98973160982132,0.953054785728455,0.974349737167358,0.95245623588562,1.00082671642303,0.952989041805267,0.996424198150635,0.952669322490692,0.901108384132385,0.920339047908783,0.896788358688354,0.911838293075562,0.91826
0.940514147281647,0.916357576847076,0.90394115447998,0.937609314918518,0.899180352687836,0.896131813526154,0.899362683296204,0.925872087478638,0.978956878185272,0.929041743278503,0.94216001033783,0.89976167678833,0.964737892150879,0.924735546112061,0.876837015151978,0.932927191257477,0.988727033138275,0.937127232551575,0.963555634021759,0.936534941196442,0.999434292316437,0.937052607536316,0.985901713371277,0.936734437942505,0.906113743782043,0.910231530666351,0.882845759391785,0.881369650363922,0.88524
0.96370792388916,0.913661062717438,0.891294121742249,0.922543406486511,0.916135489940643,0.897551417350769,0.887482106685638,0.910305857658386,0.982694566249847,0.919169425964355,0.932104706764221,0.88752943277359,0.970832169055939,0.914210557937622,0.86339807510376,0.919030606746674,0.989412069320679,0.922597646713257,0.953563809394836,0.922030448913574,1.00073909759521,0.922491192817688,0.978284597396851,0.922187089920044,0.927520871162415,0.910159051418304,0.873834013938904,0.862637102603912,0.85593
0.975384652614594,0.916196942329407,0.88556969165802,0.919109284877777,0.926421642303467,0.901011526584625,0.882814347743988,0.906899750232697,0.980744242668152,0.918612062931061,0.92586362361908,0.887340247631073,0.973049521446228,0.913258969783783,0.859264254570007,0.915315926074982,0.986356258392334,0.915909767150879,0.945125758647919,0.915415108203888,0.996510088443756,0.915810346603394,0.973134636878967,0.91552472114563,0.942030549049377,0.913925111293793,0.872549057006836,0.863340437412262,0.8431
0.997287094593048,0.925304055213928,0.879683256149292,0.917351245880127,0.94231766462326,0.914429306983948,0.877636432647705,0.904521822929382,0.98357218503952,0.920774161815643,0.920593619346619,0.890520989894867,0.978158831596375,0.914800107479095,0.855847001075745,0.914640069007874,0.986605405807495,0.913583517074585,0.934779167175293,0.913166522979736,0.99725866317749,0.913450479507446,0.968067705631256,0.913213491439819,0.96224582195282,0.925648927688599,0.86989951133728,0.857792377471924,0.82963
