0.27882,0.01608,0.78889,0.17308,0,0,1,0,0,0,0,0.28418,0.016231,0.77778,0.19231,0.30563,0.01426,0.72222,0.17308,0.31099,0.01517,0.73333,0.25,0.96427,1.0146,1.0308
0.27882,0.010923,0.76667,0.18269,0,0,1,0,0,0,0,0.27882,0.01608,0.78889,0.17308,0.28418,0.016231,0.77778,0.19231,0.30563,0.01426,0.72222,0.17308,0.9624,1.014,1.0165
0.28418,0.011681,0.74444,0.13462,0,0,1,0,0,0,0,0.27882,0.010923,0.76667,0.18269,0.27882,0.01608,0.78889,0.17308,0.28418,0.016231,0.77778,0.19231,0.96427,1.0165,1.0078
0.27614,0.0019722,0.77778,0.048077,0,0,1,0,0,0,0,0.28418,0.011681,0.74444,0.13462,0.27882,0.010923,0.76667,0.18269,0.27882,0.01608,0.78889,0.17308,0.97359,1.0202,0.99784
0.24665,0.0077365,0.83333,0.125,0,0,1,0,0,0,0,0.27614,0.0019722,0.77778,0.048077,0.28418,0.011681,0.74444,0.13462,0.27882,0.010923,0.76667,0.18269,0.98416,1.0693,0.99908
0.2252,0.012288,0.85556,0.21154,0,0,1,0,0,0,0,0.24665,0.0077365,0.83333,0.125,0.27614,0.0019722,0.77778,0.048077,0.28418,0.011681,0.74444,0.13462,0.99784,1.111,1.0302
0.22788,0.061741,0.84444,0.25,0,0,1,0,0,0,0,0.2252,0.012288,0.85556,0.21154,0.24665,0.0077365,0.83333,0.125,0.27614,0.0019722,0.77778,0.048077,1.0308,1.1502,1.0917
0.24129,0.16383,0.81111,0.22115,0,0,1,0,0,0,0,0.22788,0.061741,0.84444,0.25,0.2252,0.012288,0.85556,0.21154,0.24665,0.0077365,0.83333,0.125,1.0637,1.1962,1.1719
0.28954,0.31068,0.71111,0.14423,0,0,1,0,0,0,0,0.24129,0.16383,0.81111,0.22115,0.22788,0.061741,0.84444,0.25,0.2252,0.012288,0.85556,0.21154,1.1228,1.2391,1.2378
0.33512,0.32312,0.6,0.13462,0,0,1,0,0,0,0,0.28954,0.31068,0.71111,0.14423,0.24129,0.16383,0.81111,0.22115,0.22788,0.061741,0.84444,0.25,1.1775,1.2801,1.2801
0.35925,0.41854,0.56667,0.14423,0,0,1,0,0,0,0,0.33512,0.32312,0.6,0.13462,0.28954,0.31068,0.71111,0.14423,0.24129,0.16383,0.81111,0.22115,1.2279,1.3019,1.2987
0.36997,0.44918,0.55556,0.21154,0,0,1,0,0,0,0,0.35925,0.41854,0.56667,0.14423,0.33512,0.32312,0.6,0.13462,0.28954,0.31068,0.71111,0.14423,1.2515,1.3037,1.3124
0.38338,0.33798,0.52222,0.25,0,0,1,0,0,0,0,0.36997,0.44918,0.55556,0.21154,0.35925,0.41854,0.56667,0.14423,0.33512,0.32312,0.6,0.13462,1.2695,1.3,1.3137
0.38338,0.15428,0.5,0.28846,0,0,1,0,0,0,0,0.38338,0.33798,0.52222,0.25,0.36997,0.44918,0.55556,0.21154,0.35925,0.41854,0.56667,0.14423,1.2701,1.2944,1.3162
0.3807,0.065078,0.45556,0.375,0,0,1,0,0,0,0,0.38338,0.15428,0.5,0.28846,0.38338,0.33798,0.52222,0.25,0.36997,0.44918,0.55556,0.21154,1.2689,1.2757,1.323
0.37265,0.026396,0.45556,0.375,0,0,1,0,0,0,0,0.3807,0.065078,0.45556,0.375,0.38338,0.15428,0.5,0.28846,0.38338,0.33798,0.52222,0.25,1.2552,1.2459,1.3342
0.35925,0.014411,0.52222,0.36538,0,0,1,0,0,0,0,0.37265,0.026396,0.45556,0.375,0.3807,0.065078,0.45556,0.375,0.38338,0.15428,0.5,0.28846,1.2409,1.2322,1.3261
0.34048,0.012591,0.61111,0.31731,0,0,1,0,0,0,0,0.35925,0.014411,0.52222,0.36538,0.37265,0.026396,0.45556,0.375,0.3807,0.065078,0.45556,0.375,1.2167,1.2241,1.295
0.31903,0.015625,0.71111,0.27885,0,0,1,0,0,0,0,0.34048,0.012591,0.61111,0.31731,0.35925,0.014411,0.52222,0.36538,0.37265,0.026396,0.45556,0.375,1.1918,1.2011,1.2602
0.31099,0.015018,0.74444,0.11538,0,0,1,0,0,0,0,0.31903,0.015625,0.71111,0.27885,0.34048,0.012591,0.61111,0.31731,0.35925,0.014411,0.52222,0.36538,1.1514,1.1502,1.2204
0.29759,0.01517,0.86667,0.076923,0,0,1,0,0,0,0,0.31099,0.015018,0.74444,0.11538,0.31903,0.015625,0.71111,0.27885,0.34048,0.012591,0.61111,0.31731,1.1054,1.1147,1.1781
0.27882,0.015929,0.91111,0.26923,0,0,1,0,0,0,0,0.29759,0.01517,0.86667,0.076923,0.31099,0.015018,0.74444,0.11538,0.31903,0.015625,0.71111,0.27885,1.0644,1.0818,1.1421
0.27614,0.016231,0.92222,0.17308,0,0,1,0,0,0,0,0.27882,0.015929,0.91111,0.26923,0.29759,0.01517,0.86667,0.076923,0.31099,0.015018,0.74444,0.11538,1.0289,1.0494,1.1116
0.27614,0.016838,0.91111,0.21154,0,0,1,0,0,0,0,0.27614,0.016231,0.92222,0.17308,0.27882,0.015929,0.91111,0.26923,0.29759,0.01517,0.86667,0.076923,0.99784,1.0271,1.0861
0.27346,0.017294,0.9,0.19231,0,0,0,1,0,0,0,0.27614,0.016838,0.91111,0.21154,0.27614,0.016231,0.92222,0.17308,0.27882,0.015929,0.91111,0.26923,0.98478,1.0165,1.0619
0.27078,0.010163,0.87778,0.24038,0,0,0,1,0,0,0,0.27346,0.017294,0.9,0.19231,0.27614,0.016838,0.91111,0.21154,0.27614,0.016231,0.92222,0.17308,0.97857,1.0078,1.0463
0.27614,0.010163,0.83333,0.22115,0,0,0,1,0,0,0,0.27078,0.010163,0.87778,0.24038,0.27346,0.017294,0.9,0.19231,0.27614,0.016838,0.91111,0.21154,0.97111,0.99349,1.0438
0.27614,0.0077365,0.81111,0.11538,0,0,0,1,0,0,0,0.27614,0.010163,0.83333,0.22115,0.27078,0.010163,0.87778,0.24038,0.27346,0.017294,0.9,0.19231,0.96302,0.98976,1.0482
0.25737,0.0072818,0.84444,0.13462,0,0,0,1,0,0,0,0.27614,0.0077365,0.81111,0.11538,0.27614,0.010163,0.83333,0.22115,0.27078,0.010163,0.87778,0.24038,0.96365,0.99162,1.0488
0.23324,0.015777,0.86667,0.14423,0,0,0,1,0,0,0,0.25737,0.0072818,0.84444,0.13462,0.27614,0.0077365,0.81111,0.11538,0.27614,0.010163,0.83333,0.22115,0.96427,1.0072,1.0731
0.23861,0.037166,0.86667,0.125,0,0,0,1,0,0,0,0.23324,0.015777,0.86667,0.14423,0.25737,0.0072818,0.84444,0.13462,0.27614,0.0077365,0.81111,0.11538,0.98789,1.0743,1.1272
0.24665,0.091929,0.85556,0.17308,0,0,0,1,0,0,0,0.23861,0.037166,0.86667,0.125,0.23324,0.015777,0.86667,0.14423,0.25737,0.0072818,0.84444,0.13462,1.0383,1.124,1.2142
0.25469,0.20616,0.82222,0.16346,0,0,0,1,0,0,0,0.24665,0.091929,0.85556,0.17308,0.23861,0.037166,0.86667,0.125,0.23324,0.015777,0.86667,0.14423,1.1216,1.1769,1.29
0.29491,0.37272,0.72222,0.10577,0,0,0,1,0,0,0,0.25469,0.20616,0.82222,0.16346,0.24665,0.091929,0.85556,0.17308,0.23861,0.037166,0.86667,0.125,1.1856,1.2248,1.3323
0.31903,0.40306,0.66667,0.11538,0,0,0,1,0,0,0,0.29491,0.37272,0.72222,0.10577,0.25469,0.20616,0.82222,0.16346,0.24665,0.091929,0.85556,0.17308,1.2471,1.2627,1.3479
0.34048,0.39426,0.64444,0.16346,0,0,0,1,0,0,0,0.31903,0.40306,0.66667,0.11538,0.29491,0.37272,0.72222,0.10577,0.25469,0.20616,0.82222,0.16346,1.2907,1.3056,1.3454
0.35389,0.32327,0.63333,0.16346,0,0,0,1,0,0,0,0.34048,0.39426,0.64444,0.16346,0.31903,0.40306,0.66667,0.11538,0.29491,0.37272,0.72222,0.10577,1.3423,1.277,1.3336
0.35389,0.14609,0.66667,0.21154,0,0,0,1,0,0,0,0.35389,0.32327,0.63333,0.16346,0.34048,0.39426,0.64444,0.16346,0.31903,0.40306,0.66667,0.11538,1.2863,1.2527,1.323
0.34853,0.094964,0.7,0.20192,0,0,0,1,0,0,0,0.35389,0.14609,0.66667,0.21154,0.35389,0.32327,0.63333,0.16346,0.34048,0.39426,0.64444,0.16346,1.2583,1.2372,1.3068
0.34316,0.033525,0.71111,0.22115,0,0,0,1,0,0,0,0.34853,0.094964,0.7,0.20192,0.35389,0.14609,0.66667,0.21154,0.35389,0.32327,0.63333,0.16346,1.2304,1.2254,1.2876
0.3378,0.016384,0.73333,0.18269,0,0,0,1,0,0,0,0.34316,0.033525,0.71111,0.22115,0.34853,0.094964,0.7,0.20192,0.35389,0.14609,0.66667,0.21154,1.1862,1.2117,1.2521
0.32708,0.015625,0.76667,0.20192,0,0,0,1,0,0,0,0.3378,0.016384,0.73333,0.18269,0.34316,0.033525,0.71111,0.22115,0.34853,0.094964,0.7,0.20192,1.1607,1.1987,1.2229
0.31635,0.015929,0.8,0.27885,0,0,0,1,0,0,0,0.32708,0.015625,0.76667,0.20192,0.3378,0.016384,0.73333,0.18269,0.34316,0.033525,0.71111,0.22115,1.1365,1.1613,1.1862
0.31099,0.015473,0.8,0.24038,0,0,0,1,0,0,0,0.31635,0.015929,0.8,0.27885,0.32708,0.015625,0.76667,0.20192,0.3378,0.016384,0.73333,0.18269,1.1091,1.1216,1.1526
0.30027,0.013501,0.78889,0.125,0,0,0,1,0,0,0,0.31099,0.015473,0.8,0.24038,0.31635,0.015929,0.8,0.27885,0.32708,0.015625,0.76667,0.20192,1.0668,1.0749,1.1203
0.25737,0.015625,0.87778,0.057692,0,0,0,1,0,0,0,0.30027,0.013501,0.78889,0.125,0.31099,0.015473,0.8,0.24038,0.31635,0.015929,0.8,0.27885,1.0128,1.037,1.088
0.23861,0.015777,0.9,0.13462,0,0,0,1,0,0,0,0.25737,0.015625,0.87778,0.057692,0.30027,0.013501,0.78889,0.125,0.31099,0.015473,0.8,0.24038,0.97048,1.0009,1.06
0.23592,0.017445,0.9,0.048077,0,0,0,1,0,0,0,0.23861,0.015777,0.9,0.13462,0.25737,0.015625,0.87778,0.057692,0.30027,0.013501,0.78889,0.125,0.9481,0.97981,1.0364
0.23861,0.016384,0.9,0.13462,0,0,0,0,1,0,0,0.23592,0.017445,0.9,0.048077,0.23861,0.015777,0.9,0.13462,0.25737,0.015625,0.87778,0.057692,0.94624,0.96862,1.0115
0.25201,0.012894,0.88889,0.11538,0,0,0,0,1,0,0,0.23861,0.016384,0.9,0.13462,0.23592,0.017445,0.9,0.048077,0.23861,0.015777,0.9,0.13462,0.94499,0.96302,1.0097
0.25737,0.0050061,0.88889,0.086538,0,0,0,0,1,0,0,0.25201,0.012894,0.88889,0.11538,0.23861,0.016384,0.9,0.13462,0.23592,0.017445,0.9,0.048077,0.93443,0.95743,1.0016
0.27078,0.0051574,0.87778,0.076923,0,0,0,0,1,0,0,0.25737,0.0050061,0.88889,0.086538,0.25201,0.012894,0.88889,0.11538,0.23861,0.016384,0.9,0.13462,0.91453,0.95494,0.99535
0.2815,0.007433,0.8,0.10577,0,0,0,0,1,0,0,0.27078,0.0051574,0.87778,0.076923,0.25737,0.0050061,0.88889,0.086538,0.25201,0.012894,0.88889,0.11538,0.90023,0.95743,0.99224
0.2681,0.014563,0.86667,0.076923,0,0,0,0,1,0,0,0.2815,0.007433,0.8,0.10577,0.27078,0.0051574,0.87778,0.076923,0.25737,0.0050061,0.88889,0.086538,0.91018,0.97732,1.0395
0.26273,0.024727,0.9,0.067308,0,0,0,0,1,0,0,0.2681,0.014563,0.86667,0.076923,0.2815,0.007433,0.8,0.10577,0.27078,0.0051574,0.87778,0.076923,0.93318,1.0289,1.0886
0.26542,0.049302,0.87778,0.096154,0,0,0,0,1,0,0,0.26273,0.024727,0.9,0.067308,0.2681,0.014563,0.86667,0.076923,0.2815,0.007433,0.8,0.10577,0.9966,1.1091,1.1676
0.27346,0.069933,0.84444,0.10577,0,0,0,0,1,0,0,0.26542,0.049302,0.87778,0.096154,0.26273,0.024727,0.9,0.067308,0.2681,0.014563,0.86667,0.076923,1.0731,1.18,1.254
0.2815,0.095115,0.8,0.125,0,0,0,0,1,0,0,0.27346,0.069933,0.84444,0.10577,0.26542,0.049302,0.87778,0.096154,0.26273,0.024727,0.9,0.067308,1.1439,1.2241,1.2733
0.29223,0.11453,0.77778,0.14423,0,0,0,0,1,0,0,0.2815,0.095115,0.8,0.125,0.27346,0.069933,0.84444,0.10577,0.26542,0.049302,0.87778,0.096154,1.198,1.2453,1.3
0.29223,0.055066,0.76667,0.24038,0,0,0,0,1,0,0,0.29223,0.11453,0.77778,0.14423,0.2815,0.095115,0.8,0.125,0.27346,0.069933,0.84444,0.10577,1.2266,1.2565,1.328
0.27346,0.041111,0.82222,0.24038,0,0,0,0,1,0,0,0.29223,0.055066,0.76667,0.24038,0.29223,0.11453,0.77778,0.14423,0.2815,0.095115,0.8,0.125,1.2509,1.2658,1.3062
0.25737,0.038835,0.91111,0.24038,0,0,0,0,1,0,0,0.27346,0.041111,0.82222,0.24038,0.29223,0.055066,0.76667,0.24038,0.29223,0.11453,0.77778,0.14423,1.236,1.2552,1.2838
0.25469,0.031553,0.91111,0.21154,0,0,0,0,1,0,0,0.25737,0.038835,0.91111,0.24038,0.27346,0.041111,0.82222,0.24038,0.29223,0.055066,0.76667,0.24038,1.2179,1.2272,1.2664
0.25737,0.020328,0.91111,0.24038,0,0,0,0,1,0,0,0.25469,0.031553,0.91111,0.21154,0.25737,0.038835,0.91111,0.24038,0.27346,0.041111,0.82222,0.24038,1.1906,1.1744,1.2378
0.26273,0.016384,0.9,0.25,0,0,0,0,1,0,0,0.25737,0.020328,0.91111,0.24038,0.25469,0.031553,0.91111,0.21154,0.25737,0.038835,0.91111,0.24038,1.1682,1.1533,1.2105
0.26542,0.017142,0.88889,0.27885,0,0,0,0,1,0,0,0.26273,0.016384,0.9,0.25,0.25737,0.020328,0.91111,0.24038,0.25469,0.031553,0.91111,0.21154,1.1539,1.1321,1.185
0.27346,0.016231,0.87778,0.27885,0,0,0,0,1,0,0,0.26542,0.017142,0.88889,0.27885,0.26273,0.016384,0.9,0.25,0.25737,0.020328,0.91111,0.24038,1.1477,1.1216,1.1663
0.27346,0.016991,0.86667,0.25,0,0,0,0,1,0,0,0.27346,0.016231,0.87778,0.27885,0.26542,0.017142,0.88889,0.27885,0.26273,0.016384,0.9,0.25,1.1203,1.0967,1.124
0.24397,0.017749,0.92222,0.33654,0,0,0,0,1,0,0,0.27346,0.016991,0.86667,0.25,0.27346,0.016231,0.87778,0.27885,0.26542,0.017142,0.88889,0.27885,1.0824,1.0569,1.0843
0.2118,0.016991,0.92222,0.32692,0,0,0,0,1,0,0,0.24397,0.017749,0.92222,0.33654,0.27346,0.016991,0.86667,0.25,0.27346,0.016231,0.87778,0.27885,1.0451,1.0233,1.0619
0.22788,0.016991,0.91111,0.48077,0,0,0,0,1,0,0,0.2118,0.016991,0.92222,0.32692,0.24397,0.017749,0.92222,0.33654,0.27346,0.016991,0.86667,0.25,1.0171,0.99162,1.0488
0.24397,0.016687,0.86667,0.42308,0,0,0,0,1,0,0,0.22788,0.016991,0.91111,0.48077,0.2118,0.016991,0.92222,0.32692,0.24397,0.017749,0.92222,0.33654,0.99597,0.99784,1.0358
0.41823,0.015777,0.91111,0.26923,0,0,0,0,0,1,0,0.42627,0.018052,0.91111,0.22115,0.42627,0.016687,0.92222,0.14423,0.43432,0.013957,0.93333,0.11538,0.91453,0.9481,0.97919
0.42091,0.011377,0.91111,0.24038,0,0,0,0,0,1,0,0.41823,0.015777,0.91111,0.26923,0.42627,0.018052,0.91111,0.22115,0.42627,0.016687,0.92222,0.14423,0.91018,0.93443,0.96613
0.42359,0.010163,0.88889,0.24038,0,0,0,0,0,1,0,0.42091,0.011377,0.91111,0.24038,0.41823,0.015777,0.91111,0.26923,0.42627,0.018052,0.91111,0.22115,0.9021,0.92261,0.95246
0.41823,0.014715,0.88889,0.20192,0,0,0,0,0,1,0,0.42359,0.010163,0.88889,0.24038,0.42091,0.011377,0.91111,0.24038,0.41823,0.015777,0.91111,0.26923,0.9021,0.91018,0.93443
0.41287,0.018203,0.86667,0.18269,0,0,0,0,0,1,0,0.41823,0.014715,0.88889,0.20192,0.42359,0.010163,0.88889,0.24038,0.42091,0.011377,0.91111,0.24038,0.90334,0.90769,0.92883
0.41287,0.01608,0.87778,0.19231,0,0,0,0,0,1,0,0.41287,0.018203,0.86667,0.18269,0.41823,0.014715,0.88889,0.20192,0.42359,0.010163,0.88889,0.24038,0.89961,0.90396,0.93318
0.41555,0.023058,0.88889,0.26923,0,0,0,0,0,1,0,0.41287,0.01608,0.87778,0.19231,0.41287,0.018203,0.86667,0.18269,0.41823,0.014715,0.88889,0.20192,0.90396,0.88345,0.95121
0.41823,0.052943,0.85556,0.19231,0,0,0,0,0,1,0,0.41555,0.023058,0.88889,0.26923,0.41287,0.01608,0.87778,0.19231,0.41287,0.018203,0.86667,0.18269,0.8965,0.9394,0.96738
0.42359,0.093446,0.82222,0.23077,0,0,0,0,0,1,0,0.41823,0.052943,0.85556,0.19231,0.41555,0.023058,0.88889,0.26923,0.41287,0.01608,0.87778,0.19231,0.95619,0.991,0.99597
0.44504,0.14214,0.76667,0.17308,0,0,0,0,0,1,0,0.42359,0.093446,0.82222,0.23077,0.41823,0.052943,0.85556,0.19231,0.41555,0.023058,0.88889,0.26923,1.014,1.0159,1.032
0.46917,0.19357,0.72222,0.10577,0,0,0,0,0,1,0,0.44504,0.14214,0.76667,0.17308,0.42359,0.093446,0.82222,0.23077,0.41823,0.052943,0.85556,0.19231,1.0233,1.0271,1.0519
0.48525,0.31644,0.64444,0.14423,0,0,0,0,0,1,0,0.46917,0.19357,0.72222,0.10577,0.44504,0.14214,0.76667,0.17308,0.42359,0.093446,0.82222,0.23077,1.0246,1.0252,1.0227
0.48525,0.23013,0.66667,0.16346,0,0,0,0,0,1,0,0.48525,0.31644,0.64444,0.14423,0.46917,0.19357,0.72222,0.10577,0.44504,0.14214,0.76667,0.17308,1.0227,1.0246,1.0202
0.47721,0.14806,0.72222,0.11538,0,0,0,0,0,1,0,0.48525,0.23013,0.66667,0.16346,0.48525,0.31644,0.64444,0.14423,0.46917,0.19357,0.72222,0.10577,1.0196,1.0271,1.0221
0.46649,0.070237,0.74444,0.125,0,0,0,0,0,1,0,0.47721,0.14806,0.72222,0.11538,0.48525,0.23013,0.66667,0.16346,0.48525,0.31644,0.64444,0.14423,1.0009,1.0295,1.0438
0.44504,0.019114,0.8,0.17308,0,0,0,0,0,1,0,0.46649,0.070237,0.74444,0.125,0.47721,0.14806,0.72222,0.11538,0.48525,0.23013,0.66667,0.16346,0.97857,1.0333,1.0407
0.42359,0.013957,0.83333,0.17308,0,0,0,0,0,1,0,0.44504,0.019114,0.8,0.17308,0.46649,0.070237,0.74444,0.125,0.47721,0.14806,0.72222,0.11538,0.94873,1.0134,1.0271
0.40214,0.013957,0.86667,0.16346,0,0,0,0,0,1,0,0.42359,0.013957,0.83333,0.17308,0.44504,0.019114,0.8,0.17308,0.46649,0.070237,0.74444,0.125,0.91826,0.9966,1.0103
0.38338,0.00986,0.88889,0.14423,0,0,0,0,0,1,0,0.40214,0.013957,0.86667,0.16346,0.42359,0.013957,0.83333,0.17308,0.44504,0.019114,0.8,0.17308,0.93753,0.98416,0.99846
0.37802,0.015473,0.87778,0.19231,0,0,0,0,0,1,0,0.38338,0.00986,0.88889,0.14423,0.40214,0.013957,0.86667,0.16346,0.42359,0.013957,0.83333,0.17308,0.93256,0.97484,0.99224
0.39678,0.016991,0.75556,0.42308,0,0,0,0,0,1,0,0.37802,0.015473,0.87778,0.19231,0.38338,0.00986,0.88889,0.14423,0.40214,0.013957,0.86667,0.16346,0.94624,0.97235,0.98043
0.39142,0.017597,0.72222,0.38462,0,0,0,0,0,1,0,0.39678,0.016991,0.75556,0.42308,0.37802,0.015473,0.87778,0.19231,0.38338,0.00986,0.88889,0.14423,0.93691,0.96489,0.96924
0.37265,0.013653,0.75556,0.27885,0,0,0,0,0,1,0,0.39142,0.017597,0.72222,0.38462,0.39678,0.016991,0.75556,0.42308,0.37802,0.015473,0.87778,0.19231,0.92075,0.95556,0.94873
0.35657,0.014411,0.77778,0.25,0,0,0,0,0,1,0,0.37265,0.013653,0.75556,0.27885,0.39142,0.017597,0.72222,0.38462,0.39678,0.016991,0.75556,0.42308,0.90769,0.94375,0.93629
0.34048,0.015777,0.78889,0.27885,0,0,0,0,0,0,0,0.35657,0.014411,0.77778,0.25,0.37265,0.013653,0.75556,0.27885,0.39142,0.017597,0.72222,0.38462,0.8878,0.92386,0.93505
0.32976,0.010467,0.8,0.31731,0,0,0,0,0,0,0,0.34048,0.015777,0.78889,0.27885,0.35657,0.014411,0.77778,0.25,0.37265,0.013653,0.75556,0.27885,0.88096,0.90023,0.92075
0.32708,0.012439,0.78889,0.34615,0,0,0,0,0,0,0,0.32976,0.010467,0.8,0.31731,0.34048,0.015777,0.78889,0.27885,0.35657,0.014411,0.77778,0.25,0.87288,0.9164,0.90956
0.3244,0.014411,0.77778,0.31731,0,0,0,0,0,0,0,0.32708,0.012439,0.78889,0.34615,0.32976,0.010467,0.8,0.31731,0.34048,0.015777,0.78889,0.27885,0.87723,0.92634,0.90023
0.31099,0.012136,0.78889,0.36538,0,0,0,0,0,0,0,0.3244,0.014411,0.77778,0.31731,0.32708,0.012439,0.78889,0.34615,0.32976,0.010467,0.8,0.31731,0.87785,0.93878,0.90085
0.30027,0.014411,0.78889,0.35577,0,0,0,0,0,0,0,0.31099,0.012136,0.78889,0.36538,0.3244,0.014411,0.77778,0.31731,0.32708,0.012439,0.78889,0.34615,0.87909,0.94499,0.90769
0.29491,0.029126,0.78889,0.36538,0,0,0,0,0,0,0,0.30027,0.014411,0.78889,0.35577,0.31099,0.012136,0.78889,0.36538,0.3244,0.014411,0.77778,0.31731,0.88407,0.94562,0.92137
0.30563,0.12045,0.77778,0.35577,0,0,0,0,0,0,0,0.29491,0.029126,0.78889,0.36538,0.30027,0.014411,0.78889,0.35577,0.31099,0.012136,0.78889,0.36538,0.89712,0.94375,0.93132
0.34853,0.22512,0.71111,0.24038,0,0,0,0,0,0,0,0.30563,0.12045,0.77778,0.35577,0.29491,0.029126,0.78889,0.36538,0.30027,0.014411,0.78889,0.35577,0.90769,0.9394,0.95556
0.39678,0.28853,0.64444,0.11538,0,0,0,0,0,0,0,0.34853,0.22512,0.71111,0.24038,0.30563,0.12045,0.77778,0.35577,0.29491,0.029126,0.78889,0.36538,0.9195,0.94189,0.96302
0.41555,0.20813,0.63333,0.10577,0,0,0,0,0,0,0,0.39678,0.28853,0.64444,0.11538,0.34853,0.22512,0.71111,0.24038,0.30563,0.12045,0.77778,0.35577,0.93567,0.94624,0.97111
0.41823,0.1608,0.62222,0.076923,0,0,0,0,0,0,0,0.41555,0.20813,0.63333,0.10577,0.39678,0.28853,0.64444,0.11538,0.34853,0.22512,0.71111,0.24038,0.93629,0.94313,0.9624
0.44504,0.2415,0.57778,0.038462,0,0,0,0,0,0,0,0.41823,0.1608,0.62222,0.076923,0.41555,0.20813,0.63333,0.10577,0.39678,0.28853,0.64444,0.11538,0.92759,0.93816,0.95805
0.46649,0.18765,0.51111,0.048077,0,0,0,0,0,0,0,0.44504,0.2415,0.57778,0.038462,0.41823,0.1608,0.62222,0.076923,0.41555,0.20813,0.63333,0.10577,0.94935,0.93505,0.95867
0.46113,0.091626,0.51111,0.10577,0,0,0,0,0,0,0,0.46649,0.18765,0.51111,0.048077,0.44504,0.2415,0.57778,0.038462,0.41823,0.1608,0.62222,0.076923,0.95308,0.93505,0.96427
0.43164,0.022603,0.63333,0.16346,0,0,0,0,0,0,0,0.46113,0.091626,0.51111,0.10577,0.46649,0.18765,0.51111,0.048077,0.44504,0.2415,0.57778,0.038462,0.94499,0.93878,0.97484
0.40214,0.01426,0.74444,0.10577,0,0,0,0,0,0,0,0.43164,0.022603,0.63333,0.16346,0.46113,0.091626,0.51111,0.10577,0.46649,0.18765,0.51111,0.048077,0.94251,0.95059,0.98416
0.37802,0.013804,0.83333,0.086538,0,0,0,0,0,0,0,0.40214,0.01426,0.74444,0.10577,0.43164,0.022603,0.63333,0.16346,0.46113,0.091626,0.51111,0.10577,0.95246,0.95494,0.99162
0.34853,0.013804,0.85556,0.038462,0,0,0,0,0,0,0,0.37802,0.013804,0.83333,0.086538,0.40214,0.01426,0.74444,0.10577,0.43164,0.022603,0.63333,0.16346,0.95867,0.96302,0.9997
0.3244,0.012439,0.88889,0,0,0,0,0,0,0,0,0.34853,0.013804,0.85556,0.038462,0.37802,0.013804,0.83333,0.086538,0.40214,0.01426,0.74444,0.10577,0.96054,0.95929,1.0016
0.30563,0.016231,0.94444,0.038462,0,0,0,0,0,0,0,0.3244,0.012439,0.88889,0,0.34853,0.013804,0.85556,0.038462,0.37802,0.013804,0.83333,0.086538,0.94935,0.95619,0.98914
0.27882,0.015777,0.94444,0.086538,0,0,0,0,0,0,0,0.30563,0.016231,0.94444,0.038462,0.3244,0.012439,0.88889,0,0.34853,0.013804,0.85556,0.038462,0.92759,0.94499,0.97857
0.27346,0.010923,0.92222,0.048077,0,0,0,0,0,0,0,0.27882,0.015777,0.94444,0.086538,0.30563,0.016231,0.94444,0.038462,0.3244,0.012439,0.88889,0,0.90645,0.93816,0.97111
0.26542,0.015929,0.94444,0.076923,0,0,0,0,0,0,0,0.27346,0.010923,0.92222,0.048077,0.27882,0.015777,0.94444,0.086538,0.30563,0.016231,0.94444,0.038462,0.89464,0.91764,0.95494
0.25469,0.01608,0.96667,0.067308,1,0,0,0,0,0,0,0.26542,0.015929,0.94444,0.076923,0.27346,0.010923,0.92222,0.048077,0.27882,0.015777,0.94444,0.086538,0.88966,0.89899,0.94935
0.24665,0.0072818,0.94444,0.13462,1,0,0,0,0,0,0,0.25469,0.01608,0.96667,0.067308,0.26542,0.015929,0.94444,0.076923,0.27346,0.010923,0.92222,0.048077,0.89028,0.89712,0.93443
0.23324,0.007433,0.96667,0.15385,1,0,0,0,0,0,0,0.24665,0.0072818,0.94444,0.13462,0.25469,0.01608,0.96667,0.067308,0.26542,0.015929,0.94444,0.076923,0.89277,0.89277,0.92883
0.22788,0.0053096,0.97778,0.18269,1,0,0,0,0,0,0,0.23324,0.007433,0.96667,0.15385,0.24665,0.0072818,0.94444,0.13462,0.25469,0.01608,0.96667,0.067308,0.8822,0.89339,0.92759
0.23592,0.010467,0.9,0.23077,1,0,0,0,0,0,0,0.22788,0.0053096,0.97778,0.18269,0.23324,0.007433,0.96667,0.15385,0.24665,0.0072818,0.94444,0.13462,0.87909,0.89464,0.92572
0.24397,0.015632,0.9,0.11538,1,0,0,0,0,0,0,0.23592,0.010467,0.9,0.23077,0.22788,0.0053096,0.97778,0.18269,0.23324,0.007433,0.96667,0.15385,0.88531,0.90396,0.92199
0.25201,0.019721,0.87778,0.17308,1,0,0,0,0,0,0,0.24397,0.015632,0.9,0.11538,0.23592,0.010467,0.9,0.23077,0.22788,0.0053096,0.97778,0.18269,0.89277,0.9338,0.96613
0.27078,0.039745,0.86667,0.11538,1,0,0,0,0,0,0,0.25201,0.019721,0.87778,0.17308,0.24397,0.015632,0.9,0.11538,0.23592,0.010467,0.9,0.23077,0.9823,0.99784,1.0227
0.28418,0.065231,0.84444,0.11538,1,0,0,0,0,0,0,0.27078,0.039745,0.86667,0.11538,0.25201,0.019721,0.87778,0.17308,0.24397,0.015632,0.9,0.11538,1.0519,1.0575,1.0973
0.30563,0.17233,0.84444,0.13462,1,0,0,0,0,0,0,0.28418,0.065231,0.84444,0.11538,0.27078,0.039745,0.86667,0.11538,0.25201,0.019721,0.87778,0.17308,1.1365,1.1172,1.157
0.32708,0.14336,0.82222,0.096154,1,0,0,0,0,0,0,0.30563,0.17233,0.84444,0.13462,0.28418,0.065231,0.84444,0.11538,0.27078,0.039745,0.86667,0.11538,1.1837,1.1713,1.2105
0.32172,0.045964,0.86667,0.096154,1,0,0,0,0,0,0,0.32708,0.14336,0.82222,0.096154,0.30563,0.17233,0.84444,0.13462,0.28418,0.065231,0.84444,0.11538,1.2235,1.2173,1.2192
0.31635,0.039897,0.92222,0.125,1,0,0,0,0,0,0,0.32172,0.045964,0.86667,0.096154,0.32708,0.14336,0.82222,0.096154,0.30563,0.17233,0.84444,0.13462,1.231,1.2471,1.2272
0.31635,0.047785,0.93333,0.26923,1,0,0,0,0,0,0,0.31635,0.039897,0.92222,0.125,0.32172,0.045964,0.86667,0.096154,0.32708,0.14336,0.82222,0.096154,1.2229,1.2583,1.2372
0.31635,0.041869,0.91111,0.27885,1,0,0,0,0,0,0,0.31635,0.047785,0.93333,0.26923,0.31635,0.039897,0.92222,0.125,0.32172,0.045964,0.86667,0.096154,1.1993,1.2366,1.2241
0.32172,0.019569,0.87778,0.22115,1,0,0,0,0,0,0,0.31635,0.041869,0.91111,0.27885,0.31635,0.047785,0.93333,0.26923,0.31635,0.039897,0.92222,0.125,1.1701,1.2042,1.2049
0.32172,0.014715,0.82222,0.25,1,0,0,0,0,0,0,0.32172,0.019569,0.87778,0.22115,0.31635,0.041869,0.91111,0.27885,0.31635,0.047785,0.93333,0.26923,1.1483,1.1626,1.1906
0.31367,0.017142,0.8,0.22115,1,0,0,0,0,0,0,0.32172,0.014715,0.82222,0.25,0.32172,0.019569,0.87778,0.22115,0.31635,0.041869,0.91111,0.27885,1.1321,1.1346,1.1744
0.31367,0.015322,0.77778,0.27885,1,0,0,0,0,0,0,0.31367,0.017142,0.8,0.22115,0.32172,0.014715,0.82222,0.25,0.32172,0.019569,0.87778,0.22115,1.1141,1.1141,1.1663
0.30563,0.014563,0.64444,0.46154,1,0,0,0,0,0,0,0.31367,0.015322,0.77778,0.27885,0.31367,0.017142,0.8,0.22115,0.32172,0.014715,0.82222,0.25,1.088,1.0799,1.1234
0.28954,0.014866,0.56667,0.47115,1,0,0,0,0,0,0,0.30563,0.014563,0.64444,0.46154,0.31367,0.015322,0.77778,0.27885,0.31367,0.017142,0.8,0.22115,1.0581,1.0345,1.0818
0.27882,0.015777,0.5,0.34615,1,0,0,0,0,0,0,0.28954,0.014866,0.56667,0.47115,0.30563,0.014563,0.64444,0.46154,0.31367,0.015322,0.77778,0.27885,1.0165,0.99473,1.0345
0.25737,0.014411,0.5,0.39423,1,0,0,0,0,0,0,0.27882,0.015777,0.5,0.34615,0.28954,0.014866,0.56667,0.47115,0.30563,0.014563,0.64444,0.46154,0.97919,0.96862,1.0103
0.23592,0.015625,0.35556,0.36538,1,0,0,0,0,0,0,0.25737,0.014411,0.5,0.39423,0.27882,0.015777,0.5,0.34615,0.28954,0.014866,0.56667,0.47115,0.94126,0.93878,0.99287
0.2118,0.016231,0.44444,0.28846,0,1,0,0,0,0,0,0.23592,0.015625,0.35556,0.36538,0.25737,0.014411,0.5,0.39423,0.27882,0.015777,0.5,0.34615,0.8878,0.90645,0.98354
0.20107,0.0083435,0.46667,0.25,0,1,0,0,0,0,0,0.2118,0.016231,0.44444,0.28846,0.23592,0.015625,0.35556,0.36538,0.25737,0.014411,0.5,0.39423,0.86231,0.89091,0.98105
0.18767,0.010467,0.44444,0.24038,0,1,0,0,0,0,0,0.20107,0.0083435,0.46667,0.25,0.2118,0.016231,0.44444,0.28846,0.23592,0.015625,0.35556,0.36538,0.85236,0.89588,0.98851
0.18231,0.011832,0.43333,0.17308,0,1,0,0,0,0,0,0.18767,0.010467,0.44444,0.24038,0.20107,0.0083435,0.46667,0.25,0.2118,0.016231,0.44444,0.28846,0.84366,0.91888,1.0103
0.17426,0.017445,0.44444,0.18269,0,1,0,0,0,0,0,0.18231,0.011832,0.43333,0.17308,0.18767,0.010467,0.44444,0.24038,0.20107,0.0083435,0.46667,0.25,0.86977,0.91764,1.0289
0.15282,0.011832,0.53333,0.076923,0,1,0,0,0,0,0,0.17426,0.017445,0.44444,0.18269,0.18231,0.011832,0.43333,0.17308,0.18767,0.010467,0.44444,0.24038,0.9338,0.92572,1.0563
0.14209,0.026547,0.56667,0.057692,0,1,0,0,0,0,0,0.15282,0.011832,0.53333,0.076923,0.17426,0.017445,0.44444,0.18269,0.18231,0.011832,0.43333,0.17308,1.0165,0.95681,1.0855
0.15013,0.12636,0.55556,0.076923,0,1,0,0,0,0,0,0.14209,0.026547,0.56667,0.057692,0.15282,0.011832,0.53333,0.076923,0.17426,0.017445,0.44444,0.18269,1.1004,1.0028,1.1178
0.17426,0.25258,0.43333,0.25962,0,1,0,0,0,0,0,0.15013,0.12636,0.55556,0.076923,0.14209,0.026547,0.56667,0.057692,0.15282,0.011832,0.53333,0.076923,1.1104,1.0488,1.1495
0.21448,0.35391,0.35556,0.36538,0,1,0,0,0,0,0,0.17426,0.25258,0.43333,0.25962,0.15013,0.12636,0.55556,0.076923,0.14209,0.026547,0.56667,0.057692,1.1371,1.1172,1.1763
0.23861,0.40261,0.24444,0.56731,0,1,0,0,0,0,0,0.21448,0.35391,0.35556,0.36538,0.17426,0.25258,0.43333,0.25962,0.15013,0.12636,0.55556,0.076923,1.1626,1.1701,1.2018
0.24665,0.3791,0.18889,0.57692,0,1,0,0,0,0,0,0.23861,0.40261,0.24444,0.56731,0.21448,0.35391,0.35556,0.36538,0.17426,0.25258,0.43333,0.25962,1.1912,1.2042,1.2018
0.24665,0.32221,0.2,0.54808,0,1,0,0,0,0,0,0.24665,0.3791,0.18889,0.57692,0.23861,0.40261,0.24444,0.56731,0.21448,0.35391,0.35556,0.36538,1.1968,1.2074,1.2173
0.25201,0.21632,0.21111,0.43269,0,1,0,0,0,0,0,0.24665,0.32221,0.2,0.54808,0.24665,0.3791,0.18889,0.57692,0.23861,0.40261,0.24444,0.56731,1.2018,1.2011,1.2173
0.24933,0.10498,0.24444,0.39423,0,1,0,0,0,0,0,0.25201,0.21632,0.21111,0.43269,0.24665,0.32221,0.2,0.54808,0.24665,0.3791,0.18889,0.57692,1.1868,1.1868,1.2397
0.23861,0.024878,0.28889,0.25,0,1,0,0,0,0,0,0.24933,0.10498,0.24444,0.39423,0.25201,0.21632,0.21111,0.43269,0.24665,0.32221,0.2,0.54808,1.1613,1.1651,1.2179
0.21984,0.014866,0.34444,0.18269,0,1,0,0,0,0,0,0.23861,0.024878,0.28889,0.25,0.24933,0.10498,0.24444,0.39423,0.25201,0.21632,0.21111,0.43269,1.1334,1.147,1.1968
0.20107,0.013804,0.38889,0.10577,0,1,0,0,0,0,0,0.21984,0.014866,0.34444,0.18269,0.23861,0.024878,0.28889,0.25,0.24933,0.10498,0.24444,0.39423,1.1147,1.1439,1.1812
0.17694,0.015929,0.46667,0.15385,0,1,0,0,0,0,0,0.20107,0.013804,0.38889,0.10577,0.21984,0.014866,0.34444,0.18269,0.23861,0.024878,0.28889,0.25,1.0954,1.1259,1.1638
0.1689,0.015322,0.45556,0.23077,0,1,0,0,0,0,0,0.17694,0.015929,0.46667,0.15385,0.20107,0.013804,0.38889,0.10577,0.21984,0.014866,0.34444,0.18269,1.0712,1.0954,1.1396
0.1689,0.015473,0.45556,0.25962,0,1,0,0,0,0,0,0.1689,0.015322,0.45556,0.23077,0.17694,0.015929,0.46667,0.15385,0.20107,0.013804,0.38889,0.10577,1.0532,1.0557,1.111
0.17426,0.015018,0.43333,0.30769,0,1,0,0,0,0,0,0.1689,0.015473,0.45556,0.25962,0.1689,0.015322,0.45556,0.23077,0.17694,0.015929,0.46667,0.15385,1.0252,1.0022,1.0675
0.17694,0.014715,0.41111,0.25,0,1,0,0,0,0,0,0.17426,0.015018,0.43333,0.30769,0.1689,0.015473,0.45556,0.25962,0.1689,0.015322,0.45556,0.23077,0.99287,0.95494,1.0271
0.16622,0.01426,0.43333,0.24038,0,1,0,0,0,0,0,0.17694,0.014715,0.41111,0.25,0.17426,0.015018,0.43333,0.30769,0.1689,0.015473,0.45556,0.25962,0.95183,0.91764,0.99908
0.13941,0.013804,0.47778,0.25,0,0,1,0,0,0,0,0.16622,0.01426,0.43333,0.24038,0.17694,0.014715,0.41111,0.25,0.17426,0.015018,0.43333,0.30769,0.91453,0.91018,0.98292
0.12332,0.015018,0.5,0.30769,0,0,1,0,0,0,0,0.13941,0.013804,0.47778,0.25,0.16622,0.01426,0.43333,0.24038,0.17694,0.014715,0.41111,0.25,0.88655,0.90272,0.96738
0.11528,0.0078888,0.5,0.31731,0,0,1,0,0,0,0,0.12332,0.015018,0.5,0.30769,0.13941,0.013804,0.47778,0.25,0.16622,0.01426,0.43333,0.24038,0.87163,0.90458,0.94873
0.1126,0.011074,0.48889,0.33654,0,0,1,0,0,0,0,0.11528,0.0078888,0.5,0.31731,0.12332,0.015018,0.5,0.30769,0.13941,0.013804,0.47778,0.25,0.87163,0.90396,0.94002
0.10456,0.010012,0.51111,0.33654,0,0,1,0,0,0,0,0.1126,0.011074,0.48889,0.33654,0.11528,0.0078888,0.5,0.31731,0.12332,0.015018,0.5,0.30769,0.87536,0.90458,0.9338
0.099196,0.014411,0.51111,0.33654,0,0,1,0,0,0,0,0.10456,0.010012,0.51111,0.33654,0.1126,0.011074,0.48889,0.33654,0.11528,0.0078888,0.5,0.31731,0.87972,0.91888,0.97795
0.088472,0.030795,0.53333,0.43269,0,0,1,0,0,0,0,0.099196,0.014411,0.51111,0.33654,0.10456,0.010012,0.51111,0.33654,0.1126,0.011074,0.48889,0.33654,0.8878,0.95183,1.0134
0.10992,0.12925,0.47778,0.38462,0,0,1,0,0,0,0,0.088472,0.030795,0.53333,0.43269,0.099196,0.014411,0.51111,0.33654,0.10456,0.010012,0.51111,0.33654,0.90148,0.99535,1.0457
0.15282,0.25303,0.4,0.31731,0,0,1,0,0,0,0,0.10992,0.12925,0.47778,0.38462,0.088472,0.030795,0.53333,0.43269,0.099196,0.014411,0.51111,0.33654,0.92013,1.0557,1.1097
0.22252,0.353,0.3,0.17308,0,0,1,0,0,0,0,0.15282,0.25303,0.4,0.31731,0.10992,0.12925,0.47778,0.38462,0.088472,0.030795,0.53333,0.43269,0.99846,1.134,1.1682
0.26542,0.39169,0.23333,0.11538,0,0,1,0,0,0,0,0.22252,0.353,0.3,0.17308,0.15282,0.25303,0.4,0.31731,0.10992,0.12925,0.47778,0.38462,0.88282,1.1844,1.2229
0.28954,0.36878,0.22222,0.096154,0,0,1,0,0,0,0,0.26542,0.39169,0.23333,0.11538,0.22252,0.353,0.3,0.17308,0.15282,0.25303,0.4,0.31731,0.87972,1.1769,1.2248
0.30295,0.30764,0.22222,0.13462,0,0,1,0,0,0,0,0.28954,0.36878,0.22222,0.096154,0.26542,0.39169,0.23333,0.11538,0.22252,0.353,0.3,0.17308,0.88096,1.1713,1.231
0.29759,0.20874,0.22222,0.13462,0,0,1,0,0,0,0,0.30295,0.30764,0.22222,0.13462,0.28954,0.36878,0.22222,0.096154,0.26542,0.39169,0.23333,0.11538,0.86169,1.1788,1.2459
0.29759,0.097391,0.24444,0.10577,0,0,1,0,0,0,0,0.29759,0.20874,0.22222,0.13462,0.30295,0.30764,0.22222,0.13462,0.28954,0.36878,0.22222,0.096154,0.86977,1.1769,1.2192
0.27346,0.017597,0.33333,0.076923,0,0,1,0,0,0,0,0.29759,0.097391,0.24444,0.10577,0.29759,0.20874,0.22222,0.13462,0.30295,0.30764,0.22222,0.13462,0.89899,1.1719,1.1949
0.23324,0.010619,0.42222,0.076923,0,0,1,0,0,0,0,0.27346,0.017597,0.33333,0.076923,0.29759,0.097391,0.24444,0.10577,0.29759,0.20874,0.22222,0.13462,0.92634,1.1526,1.1725
0.19035,0.01077,0.47778,0.14423,0,0,1,0,0,0,0,0.23324,0.010619,0.42222,0.076923,0.27346,0.017597,0.33333,0.076923,0.29759,0.097391,0.24444,0.10577,0.95432,1.134,1.1638
0.17694,0.011984,0.51111,0.14423,0,0,1,0,0,0,0,0.19035,0.01077,0.47778,0.14423,0.23324,0.010619,0.42222,0.076923,0.27346,0.017597,0.33333,0.076923,1.0364,1.1141,1.1502
0.16354,0.015625,0.51111,0.21154,0,0,1,0,0,0,0,0.17694,0.011984,0.51111,0.14423,0.19035,0.01077,0.47778,0.14423,0.23324,0.010619,0.42222,0.076923,1.0283,1.0905,1.1352
0.1555,0.015625,0.5,0.23077,0,0,1,0,0,0,0,0.16354,0.015625,0.51111,0.21154,0.17694,0.011984,0.51111,0.14423,0.19035,0.01077,0.47778,0.14423,1.0059,1.0513,1.1085
0.15282,0.014563,0.47778,0.28846,0,0,1,0,0,0,0,0.1555,0.015625,0.5,0.23077,0.16354,0.015625,0.51111,0.21154,0.17694,0.011984,0.51111,0.14423,0.98354,1.0134,1.0644
0.14477,0.015322,0.47778,0.26923,0,0,1,0,0,0,0,0.15282,0.014563,0.47778,0.28846,0.1555,0.015625,0.5,0.23077,0.16354,0.015625,0.51111,0.21154,0.94437,0.98416,1.0196
0.14209,0.015777,0.46667,0.29808,0,0,1,0,0,0,0,0.14477,0.015322,0.47778,0.26923,0.15282,0.014563,0.47778,0.28846,0.1555,0.015625,0.5,0.23077,0.91453,0.96613,0.97919
0.14209,0.016231,0.42222,0.38462,0,0,0,1,0,0,0,0.14209,0.015777,0.46667,0.29808,0.14477,0.015322,0.47778,0.26923,0.15282,0.014563,0.47778,0.28846,0.89215,0.94748,0.95183
0.15818,0.01517,0.36667,0.36538,0,0,0,1,0,0,0,0.14209,0.016231,0.42222,0.38462,0.14209,0.015777,0.46667,0.29808,0.14477,0.015322,0.47778,0.26923,0.8822,0.94686,0.94251
0.17426,0.010316,0.33333,0.33654,0,0,0,1,0,0,0,0.15818,0.01517,0.36667,0.36538,0.14209,0.016231,0.42222,0.38462,0.14209,0.015777,0.46667,0.29808,0.87847,0.92386,0.93753
0.17694,0.012288,0.33333,0.33654,0,0,0,1,0,0,0,0.17426,0.010316,0.33333,0.33654,0.15818,0.01517,0.36667,0.36538,0.14209,0.016231,0.42222,0.38462,0.8822,0.9021,0.93256
0.17426,0.010467,0.35556,0.32692,0,0,0,1,0,0,0,0.17694,0.012288,0.33333,0.33654,0.17426,0.010316,0.33333,0.33654,0.15818,0.01517,0.36667,0.36538,0.88096,0.88718,0.93318
0.19035,0.014108,0.35556,0.32692,0,0,0,1,0,0,0,0.17426,0.010467,0.35556,0.32692,0.17694,0.012288,0.33333,0.33654,0.17426,0.010316,0.33333,0.33654,0.88282,0.88034,0.93007
0.19839,0.016231,0.35556,0.29808,0,0,0,1,0,0,0,0.19035,0.014108,0.35556,0.32692,0.17426,0.010467,0.35556,0.32692,0.17694,0.012288,0.33333,0.33654,0.9021,0.91826,0.9394
0.20912,0.049909,0.37778,0.29808,0,0,0,1,0,0,0,0.19839,0.016231,0.35556,0.29808,0.19035,0.014108,0.35556,0.32692,0.17426,0.010467,0.35556,0.32692,0.95432,1.009,0.94251
0.22252,0.096177,0.37778,0.27885,0,0,0,1,0,0,0,0.20912,0.049909,0.37778,0.29808,0.19839,0.016231,0.35556,0.29808,0.19035,0.014108,0.35556,0.32692,1.0264,1.083,0.94313
0.24933,0.17612,0.38889,0.23077,0,0,0,1,0,0,0,0.22252,0.096177,0.37778,0.27885,0.20912,0.049909,0.37778,0.29808,0.19839,0.016231,0.35556,0.29808,1.1035,1.1707,0.92572
0.29491,0.25121,0.37778,0.21154,0,0,0,1,0,0,0,0.24933,0.17612,0.38889,0.23077,0.22252,0.096177,0.37778,0.27885,0.20912,0.049909,0.37778,0.29808,1.1421,1.1781,1.0606
0.33512,0.34906,0.33333,0.125,0,0,0,1,0,0,0,0.29491,0.25121,0.37778,0.21154,0.24933,0.17612,0.38889,0.23077,0.22252,0.096177,0.37778,0.27885,1.1781,1.1788,1.0936
0.33244,0.22603,0.36667,0.17308,0,0,0,1,0,0,0,0.33512,0.34906,0.33333,0.125,0.29491,0.25121,0.37778,0.21154,0.24933,0.17612,0.38889,0.23077,1.1881,1.1812,1.2646
0.34048,0.15928,0.4,0.067308,0,0,0,1,0,0,0,0.33244,0.22603,0.36667,0.17308,0.33512,0.34906,0.33333,0.125,0.29491,0.25121,0.37778,0.21154,1.198,1.18,1.2415
0.33244,0.090412,0.43333,0.086538,0,0,0,1,0,0,0,0.34048,0.15928,0.4,0.067308,0.33244,0.22603,0.36667,0.17308,0.33512,0.34906,0.33333,0.125,1.198,1.1707,1.2192
0.30563,0.026244,0.47778,0.11538,0,0,0,1,0,0,0,0.33244,0.090412,0.43333,0.086538,0.34048,0.15928,0.4,0.067308,0.33244,0.22603,0.36667,0.17308,1.185,1.1613,1.1968
0.29759,0.015625,0.47778,0.076923,0,0,0,1,0,0,0,0.30563,0.026244,0.47778,0.11538,0.33244,0.090412,0.43333,0.086538,0.34048,0.15928,0.4,0.067308,1.1682,1.1446,1.1769
0.2681,0.015777,0.56667,0.086538,0,0,0,1,0,0,0,0.29759,0.015625,0.47778,0.076923,0.30563,0.026244,0.47778,0.11538,0.33244,0.090412,0.43333,0.086538,1.1458,1.1328,1.1576
0.25737,0.015322,0.58889,0.086538,0,0,0,1,0,0,0,0.2681,0.015777,0.56667,0.086538,0.29759,0.015625,0.47778,0.076923,0.30563,0.026244,0.47778,0.11538,1.1104,1.1073,1.1421
0.24129,0.012894,0.6,0.067308,0,0,0,1,0,0,0,0.25737,0.015322,0.58889,0.086538,0.2681,0.015777,0.56667,0.086538,0.29759,0.015625,0.47778,0.076923,1.0787,1.0724,1.1079
0.22252,0.015777,0.62222,0.14423,0,0,0,1,0,0,0,0.24129,0.012894,0.6,0.067308,0.25737,0.015322,0.58889,0.086538,0.2681,0.015777,0.56667,0.086538,1.0463,1.0327,1.0712
0.23056,0.015777,0.6,0.086538,0,0,0,1,0,0,0,0.22252,0.015777,0.62222,0.14423,0.24129,0.012894,0.6,0.067308,0.25737,0.015322,0.58889,0.086538,1.0109,0.99349,1.024
0.22252,0.015777,0.62222,0.086538,0,0,0,1,0,0,0,0.23056,0.015777,0.6,0.086538,0.22252,0.015777,0.62222,0.14423,0.24129,0.012894,0.6,0.067308,0.97981,0.9624,0.98043
0.20375,0.01517,0.7,0.057692,0,0,0,1,0,0,0,0.22252,0.015777,0.62222,0.086538,0.23056,0.015777,0.6,0.086538,0.22252,0.015777,0.62222,0.14423,0.94126,0.92759,0.94251
0.19303,0.010467,0.75556,0.038462,0,0,0,0,1,0,0,0.20375,0.01517,0.7,0.057692,0.22252,0.015777,0.62222,0.086538,0.23056,0.015777,0.6,0.086538,0.92386,0.91826,0.92013
0.20912,0.008647,0.73333,0.057692,0,0,0,0,1,0,0,0.19303,0.010467,0.75556,0.038462,0.20375,0.01517,0.7,0.057692,0.22252,0.015777,0.62222,0.086538,0.90894,0.90396,0.91764
0.22252,0.0071296,0.72222,0.13462,0,0,0,0,1,0,0,0.20912,0.008647,0.73333,0.057692,0.19303,0.010467,0.75556,0.038462,0.20375,0.01517,0.7,0.057692,0.90458,0.89526,0.91267
0.24397,0.00804,0.71111,0.11538,0,0,0,0,1,0,0,0.22252,0.0071296,0.72222,0.13462,0.20912,0.008647,0.73333,0.057692,0.19303,0.010467,0.75556,0.038462,0.90272,0.89215,0.90831
0.26005,0.0094052,0.67778,0.125,0,0,0,0,1,0,0,0.24397,0.00804,0.71111,0.11538,0.22252,0.0071296,0.72222,0.13462,0.20912,0.008647,0.73333,0.057692,0.90334,0.89837,0.89526
0.24933,0.01517,0.7,0.13462,0,0,0,0,1,0,0,0.26005,0.0094052,0.67778,0.125,0.24397,0.00804,0.71111,0.11538,0.22252,0.0071296,0.72222,0.13462,0.90894,0.91702,0.88469
0.25469,0.025334,0.67778,0.16346,0,0,0,0,1,0,0,0.24933,0.01517,0.7,0.13462,0.26005,0.0094052,0.67778,0.125,0.24397,0.00804,0.71111,0.11538,0.95059,0.95619,0.87039
0.27346,0.10725,0.67778,0.10577,0,0,0,0,1,0,0,0.25469,0.025334,0.67778,0.16346,0.24933,0.01517,0.7,0.13462,0.26005,0.0094052,0.67778,0.125,1.0103,1.0041,0.85423
0.31099,0.22072,0.64444,0.11538,0,0,0,0,1,0,0,0.27346,0.10725,0.67778,0.10577,0.25469,0.025334,0.67778,0.16346,0.24933,0.01517,0.7,0.13462,1.0774,1.0662,0.81133
0.35389,0.31159,0.56667,0.067308,0,0,0,0,1,0,0,0.31099,0.22072,0.64444,0.11538,0.27346,0.10725,0.67778,0.10577,0.25469,0.025334,0.67778,0.16346,1.1383,1.1321,1.047
0.37534,0.35042,0.53333,0.10577,0,0,0,0,1,0,0,0.35389,0.31159,0.56667,0.067308,0.31099,0.22072,0.64444,0.11538,0.27346,0.10725,0.67778,0.10577,1.1763,1.1794,1.0824
0.38874,0.33905,0.52222,0.125,0,0,0,0,1,0,0,0.37534,0.35042,0.53333,0.10577,0.35389,0.31159,0.56667,0.067308,0.31099,0.22072,0.64444,0.11538,1.1924,1.2266,1.231
0.39678,0.27139,0.51111,0.125,0,0,0,0,1,0,0,0.38874,0.33905,0.52222,0.125,0.37534,0.35042,0.53333,0.10577,0.35389,0.31159,0.56667,0.067308,1.1987,1.249,1.2086
0.3941,0.18264,0.53333,0.13462,0,0,0,0,1,0,0,0.39678,0.27139,0.51111,0.125,0.38874,0.33905,0.52222,0.125,0.37534,0.35042,0.53333,0.10577,1.2049,1.2272,1.2005
0.39142,0.090109,0.56667,0.17308,0,0,0,0,1,0,0,0.3941,0.18264,0.53333,0.13462,0.39678,0.27139,0.51111,0.125,0.38874,0.33905,0.52222,0.125,1.2092,1.1931,1.1899
0.34048,0.026092,0.7,0.30769,0,0,0,0,1,0,0,0.39142,0.090109,0.56667,0.17308,0.3941,0.18264,0.53333,0.13462,0.39678,0.27139,0.51111,0.125,1.1613,1.1638,1.1775
0.30027,0.015625,0.75556,0.25962,0,0,0,0,1,0,0,0.34048,0.026092,0.7,0.30769,0.39142,0.090109,0.56667,0.17308,0.3941,0.18264,0.53333,0.13462,1.1427,1.1259,1.1632
0.2815,0.015018,0.75556,0.28846,0,0,0,0,1,0,0,0.30027,0.015625,0.75556,0.25962,0.34048,0.026092,0.7,0.30769,0.39142,0.090109,0.56667,0.17308,1.1216,1.0979,1.139
0.27078,0.015625,0.78889,0.23077,0,0,0,0,1,0,0,0.2815,0.015018,0.75556,0.28846,0.30027,0.015625,0.75556,0.25962,0.34048,0.026092,0.7,0.30769,1.1091,1.0687,1.1085
0.2681,0.015625,0.78889,0.11538,0,0,0,0,1,0,0,0.27078,0.015625,0.78889,0.23077,0.2815,0.015018,0.75556,0.28846,0.30027,0.015625,0.75556,0.25962,1.0575,1.0451,1.0799
0.23324,0.013957,0.84444,0.067308,0,0,0,0,1,0,0,0.2681,0.015625,0.78889,0.11538,0.27078,0.015625,0.78889,0.23077,0.2815,0.015018,0.75556,0.28846,1.0078,1.0233,1.0501
0.20643,0.011832,0.87778,0.125,0,0,0,0,1,0,0,0.23324,0.013957,0.84444,0.067308,0.2681,0.015625,0.78889,0.11538,0.27078,0.015625,0.78889,0.23077,0.96924,1.0009,1.0196
0.19571,0.0084948,0.87778,0.125,0,0,0,0,1,0,0,0.20643,0.011832,0.87778,0.125,0.23324,0.013957,0.84444,0.067308,0.2681,0.015625,0.78889,0.11538,0.93753,0.96738,0.99224
0.19035,0.013197,0.86667,0.19231,0,0,0,0,1,0,0,0.19571,0.0084948,0.87778,0.125,0.20643,0.011832,0.87778,0.125,0.23324,0.013957,0.84444,0.067308,0.91577,0.93816,0.96365
0.21984,0.01608,0.83333,0.18269,0,0,0,0,0,1,0,0.19035,0.013197,0.86667,0.19231,0.19571,0.0084948,0.87778,0.125,0.20643,0.011832,0.87778,0.125,0.90396,0.91453,0.9481
0.23861,0.012288,0.83333,0.21154,0,0,0,0,0,1,0,0.21984,0.01608,0.83333,0.18269,0.19035,0.013197,0.86667,0.19231,0.19571,0.0084948,0.87778,0.125,0.88842,0.91018,0.93443
0.23592,0.0094052,0.84444,0.10577,0,0,0,0,0,1,0,0.23861,0.012288,0.83333,0.21154,0.21984,0.01608,0.83333,0.18269,0.19035,0.013197,0.86667,0.19231,0.88904,0.9021,0.92261
0.22252,0.0077365,0.85556,0.067308,0,0,0,0,0,1,0,0.23592,0.0094052,0.84444,0.10577,0.23861,0.012288,0.83333,0.21154,0.21984,0.01608,0.83333,0.18269,0.88096,0.9021,0.91018
0.23056,0.0095575,0.85556,0.15385,0,0,0,0,0,1,0,0.22252,0.0077365,0.85556,0.067308,0.23592,0.0094052,0.84444,0.10577,0.23861,0.012288,0.83333,0.21154,0.87723,0.90334,0.90769
0.22788,0.014866,0.86667,0.18269,0,0,0,0,0,1,0,0.23056,0.0095575,0.85556,0.15385,0.22252,0.0077365,0.85556,0.067308,0.23592,0.0094052,0.84444,0.10577,0.87039,0.89961,0.90396
0.22252,0.020783,0.85556,0.20192,0,0,0,0,0,1,0,0.22788,0.014866,0.86667,0.18269,0.23056,0.0095575,0.85556,0.15385,0.22252,0.0077365,0.85556,0.067308,0.8965,0.90396,0.88345
0.22252,0.054004,0.85556,0.22115,0,0,0,0,0,1,0,0.22252,0.020783,0.85556,0.20192,0.22788,0.014866,0.86667,0.18269,0.23056,0.0095575,0.85556,0.15385,0.92572,0.8965,0.9394
0.24665,0.13425,0.8,0.21154,0,0,0,0,0,1,0,0.22252,0.054004,0.85556,0.22115,0.22252,0.020783,0.85556,0.20192,0.22788,0.014866,0.86667,0.18269,0.95556,0.95619,0.991
0.2815,0.17476,0.74444,0.15385,0,0,0,0,0,1,0,0.24665,0.13425,0.8,0.21154,0.22252,0.054004,0.85556,0.22115,0.22252,0.020783,0.85556,0.20192,0.97484,1.014,1.0159
0.2815,0.14973,0.74444,0.11538,0,0,0,0,0,1,0,0.2815,0.17476,0.74444,0.15385,0.24665,0.13425,0.8,0.21154,0.22252,0.054004,0.85556,0.22115,0.98789,1.0233,1.0271
0.28954,0.16338,0.68889,0.10577,0,0,0,0,0,1,0,0.2815,0.14973,0.74444,0.11538,0.2815,0.17476,0.74444,0.15385,0.24665,0.13425,0.8,0.21154,0.991,1.0246,1.0252
0.28418,0.1115,0.67778,0.14423,0,0,0,0,0,1,0,0.28954,0.16338,0.68889,0.10577,0.2815,0.14973,0.74444,0.11538,0.2815,0.17476,0.74444,0.15385,0.991,1.0227,1.0246
0.27346,0.047633,0.68889,0.19231,0,0,0,0,0,1,0,0.28418,0.1115,0.67778,0.14423,0.28954,0.16338,0.68889,0.10577,0.2815,0.14973,0.74444,0.11538,0.98851,1.0196,1.0271
0.27078,0.027457,0.7,0.15385,0,0,0,0,0,1,0,0.27346,0.047633,0.68889,0.19231,0.28418,0.1115,0.67778,0.14423,0.28954,0.16338,0.68889,0.10577,0.98043,1.0009,1.0295
0.26542,0.016231,0.75556,0.10577,0,0,0,0,0,1,0,0.27078,0.027457,0.7,0.15385,0.27346,0.047633,0.68889,0.19231,0.28418,0.1115,0.67778,0.14423,0.95308,0.97857,1.0333
0.26005,0.01608,0.78889,0.16346,0,0,0,0,0,1,0,0.26542,0.016231,0.75556,0.10577,0.27078,0.027457,0.7,0.15385,0.27346,0.047633,0.68889,0.19231,0.94313,0.94873,1.0134
0.26005,0.015929,0.81111,0.15385,0,0,0,0,0,1,0,0.26005,0.01608,0.78889,0.16346,0.26542,0.016231,0.75556,0.10577,0.27078,0.027457,0.7,0.15385,0.94064,0.91826,0.9966
0.25201,0.01608,0.87778,0.22115,0,0,0,0,0,1,0,0.26005,0.015929,0.81111,0.15385,0.26005,0.01608,0.78889,0.16346,0.26542,0.016231,0.75556,0.10577,0.94437,0.93753,0.98416
0.24397,0.015929,0.94444,0.30769,0,0,0,0,0,1,0,0.25201,0.01608,0.87778,0.22115,0.26005,0.015929,0.81111,0.15385,0.26005,0.01608,0.78889,0.16346,0.93132,0.93256,0.97484
0.24665,0.015929,0.94444,0.25,0,0,0,0,0,1,0,0.24397,0.015929,0.94444,0.30769,0.25201,0.01608,0.87778,0.22115,0.26005,0.015929,0.81111,0.15385,0.9195,0.94624,0.97235
0.24665,0.01608,0.94444,0.28846,0,0,0,0,0,1,0,0.24665,0.015929,0.94444,0.25,0.24397,0.015929,0.94444,0.30769,0.25201,0.01608,0.87778,0.22115,0.91018,0.93691,0.96489
0.25201,0.01426,0.92222,0.24038,0,0,0,0,0,1,0,0.24665,0.01608,0.94444,0.28846,0.24665,0.015929,0.94444,0.25,0.24397,0.015929,0.94444,0.30769,0.89775,0.92075,0.95556
0.24665,0.017294,0.9,0.23077,0,0,0,0,0,1,0,0.25201,0.01426,0.92222,0.24038,0.24665,0.01608,0.94444,0.28846,0.24665,0.015929,0.94444,0.25,0.87972,0.90769,0.94375
0.24933,0.015929,0.9,0.22115,0,0,0,0,0,0,0,0.24665,0.017294,0.9,0.23077,0.25201,0.01426,0.92222,0.24038,0.24665,0.01608,0.94444,0.28846,0.8679,0.8878,0.92386
0.25201,0.010163,0.87778,0.22115,0,0,0,0,0,0,0,0.24933,0.015929,0.9,0.22115,0.24665,0.017294,0.9,0.23077,0.25201,0.01426,0.92222,0.24038,0.86417,0.88096,0.90023
0.26005,0.01335,0.83333,0.19231,0,0,0,0,0,0,0,0.25201,0.010163,0.87778,0.22115,0.24933,0.015929,0.9,0.22115,0.24665,0.017294,0.9,0.23077,0.86915,0.87288,0.9164
0.26542,0.011377,0.81111,0.125,0,0,0,0,0,0,0,0.26005,0.01335,0.83333,0.19231,0.25201,0.010163,0.87778,0.22115,0.24933,0.015929,0.9,0.22115,0.87163,0.87723,0.92634
0.26542,0.013501,0.8,0.048077,0,0,0,0,0,0,0,0.26542,0.011377,0.81111,0.125,0.26005,0.01335,0.83333,0.19231,0.25201,0.010163,0.87778,0.22115,0.88158,0.87785,0.93878
0.26542,0.011377,0.77778,0.16346,0,0,0,0,0,0,0,0.26542,0.013501,0.8,0.048077,0.26542,0.011377,0.81111,0.125,0.26005,0.01335,0.83333,0.19231,0.89837,0.87909,0.94499
0.2681,0.018203,0.8,0.086538,0,0,0,0,0,0,0,0.26542,0.011377,0.77778,0.16346,0.26542,0.013501,0.8,0.048077,0.26542,0.011377,0.81111,0.125,0.90583,0.88407,0.94562
0.27614,0.037924,0.77778,0.067308,0,0,0,0,0,0,0,0.2681,0.018203,0.8,0.086538,0.26542,0.011377,0.77778,0.16346,0.26542,0.013501,0.8,0.048077,0.91391,0.89712,0.94375
0.27882,0.06159,0.75556,0.13462,0,0,0,0,0,0,0,0.27614,0.037924,0.77778,0.067308,0.2681,0.018203,0.8,0.086538,0.26542,0.011377,0.77778,0.16346,0.91515,0.90769,0.9394
0.28686,0.099059,0.74444,0.13462,0,0,0,0,0,0,0,0.27882,0.06159,0.75556,0.13462,0.27614,0.037924,0.77778,0.067308,0.2681,0.018203,0.8,0.086538,0.90583,0.9195,0.94189
0.29223,0.08222,0.74444,0.11538,0,0,0,0,0,0,0,0.28686,0.099059,0.74444,0.13462,0.27882,0.06159,0.75556,0.13462,0.27614,0.037924,0.77778,0.067308,0.89712,0.93567,0.94624
0.29759,0.072664,0.74444,0.086538,0,0,0,0,0,0,0,0.29223,0.08222,0.74444,0.11538,0.28686,0.099059,0.74444,0.13462,0.27882,0.06159,0.75556,0.13462,0.90956,0.93629,0.94313
0.30027,0.054157,0.71111,0.057692,0,0,0,0,0,0,0,0.29759,0.072664,0.74444,0.086538,0.29223,0.08222,0.74444,0.11538,0.28686,0.099059,0.74444,0.13462,0.91329,0.92759,0.93816
0.29491,0.032767,0.72222,0.125,0,0,0,0,0,0,0,0.30027,0.054157,0.71111,0.057692,0.29759,0.072664,0.74444,0.086538,0.29223,0.08222,0.74444,0.11538,0.92261,0.94935,0.93505
0.28686,0.027306,0.75556,0.17308,0,0,0,0,0,0,0,0.29491,0.032767,0.72222,0.125,0.30027,0.054157,0.71111,0.057692,0.29759,0.072664,0.74444,0.086538,0.92945,0.95308,0.93505
0.28418,0.016838,0.8,0.10577,0,0,0,0,0,0,0,0.28686,0.027306,0.75556,0.17308,0.29491,0.032767,0.72222,0.125,0.30027,0.054157,0.71111,0.057692,0.93194,0.94499,0.93878
0.28954,0.014108,0.82222,0.086538,0,0,0,0,0,0,0,0.28418,0.016838,0.8,0.10577,0.28686,0.027306,0.75556,0.17308,0.29491,0.032767,0.72222,0.125,0.93194,0.94251,0.95059
0.28686,0.016838,0.82222,0.076923,0,0,0,0,0,0,0,0.28954,0.014108,0.82222,0.086538,0.28418,0.016838,0.8,0.10577,0.28686,0.027306,0.75556,0.17308,0.92883,0.95246,0.95494
0.29223,0.017142,0.78889,0.048077,0,0,0,0,0,0,0,0.28686,0.016838,0.82222,0.076923,0.28954,0.014108,0.82222,0.086538,0.28418,0.016838,0.8,0.10577,0.92883,0.95867,0.96302
0.29759,0.016535,0.73333,0.038462,0,0,0,0,0,0,0,0.29223,0.017142,0.78889,0.048077,0.28686,0.016838,0.82222,0.076923,0.28954,0.014108,0.82222,0.086538,0.92759,0.96054,0.95929
0.28954,0.015929,0.84444,0.057692,0,0,0,0,0,0,0,0.29759,0.016535,0.73333,0.038462,0.29223,0.017142,0.78889,0.048077,0.28686,0.016838,0.82222,0.076923,0.92075,0.94935,0.95619
0.27882,0.014411,0.8,0.096154,0,0,0,0,0,0,0,0.28954,0.015929,0.84444,0.057692,0.29759,0.016535,0.73333,0.038462,0.29223,0.017142,0.78889,0.048077,0.90894,0.92759,0.94499
0.27614,0.015473,0.8,0.038462,0,0,0,0,0,0,0,0.27882,0.014411,0.8,0.096154,0.28954,0.015929,0.84444,0.057692,0.29759,0.016535,0.73333,0.038462,0.8965,0.90645,0.93816
0.2815,0.016231,0.78889,0.048077,0,0,0,0,0,0,0,0.27614,0.015473,0.8,0.038462,0.27882,0.014411,0.8,0.096154,0.28954,0.015929,0.84444,0.057692,0.88593,0.89464,0.91764
0.27614,0.016231,0.8,0.086538,1,0,0,0,0,0,0,0.2815,0.016231,0.78889,0.048077,0.27614,0.015473,0.8,0.038462,0.27882,0.014411,0.8,0.096154,0.87288,0.88966,0.89899
0.27346,0.011074,0.81111,0.096154,1,0,0,0,0,0,0,0.27614,0.016231,0.8,0.086538,0.2815,0.016231,0.78889,0.048077,0.27614,0.015473,0.8,0.038462,0.88904,0.89028,0.89712
0.27882,0.016384,0.76667,0.057692,1,0,0,0,0,0,0,0.27346,0.011074,0.81111,0.096154,0.27614,0.016231,0.8,0.086538,0.2815,0.016231,0.78889,0.048077,0.89464,0.89277,0.89277
0.27882,0.016991,0.76667,0.067308,1,0,0,0,0,0,0,0.27882,0.016384,0.76667,0.057692,0.27346,0.011074,0.81111,0.096154,0.27614,0.016231,0.8,0.086538,0.8965,0.8822,0.89339
0.27346,0.016384,0.8,0.14423,1,0,0,0,0,0,0,0.27882,0.016991,0.76667,0.067308,0.27882,0.016384,0.76667,0.057692,0.27346,0.011074,0.81111,0.096154,0.89775,0.87909,0.89464
0.27882,0.016677,0.8,0.048077,1,0,0,0,0,0,0,0.27346,0.016384,0.8,0.14423,0.27882,0.016991,0.76667,0.067308,0.27882,0.016384,0.76667,0.057692,0.92075,0.88531,0.90396
0.27882,0.016991,0.78889,0.076923,1,0,0,0,0,0,0,0.27882,0.016677,0.8,0.048077,0.27346,0.016384,0.8,0.14423,0.27882,0.016991,0.76667,0.067308,0.95681,0.89277,0.9338
0.28686,0.034739,0.77778,0.076923,1,0,0,0,0,0,0,0.27882,0.016991,0.78889,0.076923,0.27882,0.016677,0.8,0.048077,0.27346,0.016384,0.8,0.14423,0.99224,0.9823,0.99784
0.29491,0.06341,0.77778,0.076923,1,0,0,0,0,0,0,0.28686,0.034739,0.77778,0.076923,0.27882,0.016991,0.78889,0.076923,0.27882,0.016677,0.8,0.048077,1.0302,1.0519,1.0575
0.29491,0.084345,0.76667,0.10577,1,0,0,0,0,0,0,0.29491,0.06341,0.77778,0.076923,0.28686,0.034739,0.77778,0.076923,0.27882,0.016991,0.78889,0.076923,1.0724,1.1365,1.1172
0.29759,0.062197,0.75556,0.067308,1,0,0,0,0,0,0,0.29491,0.084345,0.76667,0.10577,0.29491,0.06341,0.77778,0.076923,0.28686,0.034739,0.77778,0.076923,1.1502,1.1837,1.1713
0.29223,0.060983,0.76667,0.076923,1,0,0,0,0,0,0,0.29759,0.062197,0.75556,0.067308,0.29491,0.084345,0.76667,0.10577,0.29491,0.06341,0.77778,0.076923,1.2565,1.2235,1.2173
0.29223,0.069781,0.77778,0.096154,1,0,0,0,0,0,0,0.29223,0.060983,0.76667,0.076923,0.29759,0.062197,0.75556,0.067308,0.29491,0.084345,0.76667,0.10577,1.2322,1.231,1.2471
0.29223,0.077215,0.8,0.11538,1,0,0,0,0,0,0,0.29223,0.069781,0.77778,0.096154,0.29223,0.060983,0.76667,0.076923,0.29759,0.062197,0.75556,0.067308,1.2086,1.2229,1.2583
0.29491,0.044751,0.8,0.10577,1,0,0,0,0,0,0,0.29223,0.077215,0.8,0.11538,0.29223,0.069781,0.77778,0.096154,0.29223,0.060983,0.76667,0.076923,1.185,1.1993,1.2366
0.29491,0.020934,0.82222,0.067308,1,0,0,0,0,0,0,0.29491,0.044751,0.8,0.10577,0.29223,0.077215,0.8,0.11538,0.29223,0.069781,0.77778,0.096154,1.1626,1.1701,1.2042
0.29759,0.01608,0.82222,0.048077,1,0,0,0,0,0,0,0.29491,0.020934,0.82222,0.067308,0.29491,0.044751,0.8,0.10577,0.29223,0.077215,0.8,0.11538,1.1415,1.1483,1.1626
0.29491,0.01608,0.83333,0.067308,1,0,0,0,0,0,0,0.29759,0.01608,0.82222,0.048077,0.29491,0.020934,0.82222,0.067308,0.29491,0.044751,0.8,0.10577,1.1197,1.1321,1.1346
0.29491,0.015929,0.82222,0.076923,1,0,0,0,0,0,0,0.29491,0.01608,0.83333,0.067308,0.29759,0.01608,0.82222,0.048077,0.29491,0.020934,0.82222,0.067308,1.0973,1.1141,1.1141
0.28686,0.015018,0.84444,0.048077,1,0,0,0,0,0,0,0.29491,0.015929,0.82222,0.076923,0.29491,0.01608,0.83333,0.067308,0.29759,0.01608,0.82222,0.048077,1.0482,1.088,1.0799
0.2815,0.016991,0.85556,0.038462,1,0,0,0,0,0,0,0.28686,0.015018,0.84444,0.048077,0.29491,0.015929,0.82222,0.076923,0.29491,0.01608,0.83333,0.067308,0.98541,1.0581,1.0345
0.25469,0.01335,0.91111,0.15385,1,0,0,0,0,0,0,0.2815,0.016991,0.85556,0.038462,0.28686,0.015018,0.84444,0.048077,0.29491,0.015929,0.82222,0.076923,0.92137,1.0165,0.99473
0.24397,0.015625,0.92222,0.15385,1,0,0,0,0,0,0,0.25469,0.01335,0.91111,0.15385,0.2815,0.016991,0.85556,0.038462,0.28686,0.015018,0.84444,0.048077,0.89277,0.97919,0.96862
0.25469,0.015473,0.91111,0.18269,1,0,0,0,0,0,0,0.24397,0.015625,0.92222,0.15385,0.25469,0.01335,0.91111,0.15385,0.2815,0.016991,0.85556,0.038462,0.88034,0.94126,0.93878
